(116171,116176)
(116171,1091438)
(116171,1091441)
(116171,1091444)
(116171,1091447)
(116171,1091450)
(116171,1091452)
(116171,1091456)
(116171,1091459)
(116171,1091461)
(116171,1091465)
(116171,1091469)
(116171,1091473)
(116171,1091475)
(116171,1091480)
(116171,1091482)
(116171,1091485)
(116171,1091487)
(116171,1091492)
(116171,1091494)
(116171,1091498)
(116171,1091504)
(116171,1091506)
(116171,1091510)
(116171,1091515)
(116171,1091521)
(116171,1091524)
(116171,1091530)
(116171,1091534)
(116171,1091539)
(116171,1091545)
(116171,1091550)
(116171,1091553)
(116171,1091556)
(116171,1091559)
(116171,1091563)
(116171,1091570)
(116171,1091573)
(116171,1091576)
(116171,1091579)
(116171,1091582)
(116171,1091585)
(116171,1091592)
(116171,1091597)
(116171,1091599)
(116171,1091605)
(116171,1091606)
(116176,1091438)
(116176,1091441)
(116176,1091444)
(116176,1091447)
(116176,1091450)
(116176,1091452)
(116176,1091456)
(116176,1091459)
(116176,1091461)
(116176,1091465)
(116176,1091469)
(116176,1091473)
(116176,1091475)
(116176,1091480)
(116176,1091482)
(116176,1091485)
(116176,1091487)
(116176,1091492)
(116176,1091494)
(116176,1091498)
(116176,1091504)
(116176,1091506)
(116176,1091510)
(116176,1091515)
(116176,1091521)
(116176,1091524)
(116176,1091530)
(116176,1091534)
(116176,1091539)
(116176,1091545)
(116176,1091550)
(116176,1091553)
(116176,1091556)
(116176,1091559)
(116176,1091563)
(116176,1091570)
(116176,1091573)
(116176,1091576)
(116176,1091579)
(116176,1091582)
(116176,1091585)
(116176,1091592)
(116176,1091597)
(116176,1091599)
(116176,1091605)
(116176,1091606)
(1091438,1091441)
(1091438,1091444)
(1091438,1091447)
(1091438,1091450)
(1091438,1091452)
(1091438,1091456)
(1091438,1091459)
(1091438,1091461)
(1091438,1091465)
(1091438,1091469)
(1091438,1091473)
(1091438,1091475)
(1091438,1091480)
(1091438,1091482)
(1091438,1091485)
(1091438,1091487)
(1091438,1091492)
(1091438,1091494)
(1091438,1091498)
(1091438,1091504)
(1091438,1091506)
(1091438,1091510)
(1091438,1091515)
(1091438,1091521)
(1091438,1091524)
(1091438,1091530)
(1091438,1091534)
(1091438,1091539)
(1091438,1091545)
(1091438,1091550)
(1091438,1091553)
(1091438,1091556)
(1091438,1091559)
(1091438,1091563)
(1091438,1091570)
(1091438,1091573)
(1091438,1091576)
(1091438,1091579)
(1091438,1091582)
(1091438,1091585)
(1091438,1091592)
(1091438,1091597)
(1091438,1091599)
(1091438,1091605)
(1091438,1091606)
(1091441,1091444)
(1091441,1091447)
(1091441,1091450)
(1091441,1091452)
(1091441,1091456)
(1091441,1091459)
(1091441,1091461)
(1091441,1091465)
(1091441,1091469)
(1091441,1091473)
(1091441,1091475)
(1091441,1091480)
(1091441,1091482)
(1091441,1091485)
(1091441,1091487)
(1091441,1091492)
(1091441,1091494)
(1091441,1091498)
(1091441,1091504)
(1091441,1091506)
(1091441,1091510)
(1091441,1091515)
(1091441,1091521)
(1091441,1091524)
(1091441,1091530)
(1091441,1091534)
(1091441,1091539)
(1091441,1091545)
(1091441,1091550)
(1091441,1091553)
(1091441,1091556)
(1091441,1091559)
(1091441,1091563)
(1091441,1091570)
(1091441,1091573)
(1091441,1091576)
(1091441,1091579)
(1091441,1091582)
(1091441,1091585)
(1091441,1091592)
(1091441,1091597)
(1091441,1091599)
(1091441,1091605)
(1091441,1091606)
(1091444,1091447)
(1091444,1091450)
(1091444,1091452)
(1091444,1091456)
(1091444,1091459)
(1091444,1091461)
(1091444,1091465)
(1091444,1091469)
(1091444,1091473)
(1091444,1091475)
(1091444,1091480)
(1091444,1091482)
(1091444,1091485)
(1091444,1091487)
(1091444,1091492)
(1091444,1091494)
(1091444,1091498)
(1091444,1091504)
(1091444,1091506)
(1091444,1091510)
(1091444,1091515)
(1091444,1091521)
(1091444,1091524)
(1091444,1091530)
(1091444,1091534)
(1091444,1091539)
(1091444,1091545)
(1091444,1091550)
(1091444,1091553)
(1091444,1091556)
(1091444,1091559)
(1091444,1091563)
(1091444,1091570)
(1091444,1091573)
(1091444,1091576)
(1091444,1091579)
(1091444,1091582)
(1091444,1091585)
(1091444,1091592)
(1091444,1091597)
(1091444,1091599)
(1091444,1091605)
(1091444,1091606)
(1091447,1091450)
(1091447,1091452)
(1091447,1091456)
(1091447,1091459)
(1091447,1091461)
(1091447,1091465)
(1091447,1091469)
(1091447,1091473)
(1091447,1091475)
(1091447,1091480)
(1091447,1091482)
(1091447,1091485)
(1091447,1091487)
(1091447,1091492)
(1091447,1091494)
(1091447,1091498)
(1091447,1091504)
(1091447,1091506)
(1091447,1091510)
(1091447,1091515)
(1091447,1091521)
(1091447,1091524)
(1091447,1091530)
(1091447,1091534)
(1091447,1091539)
(1091447,1091545)
(1091447,1091550)
(1091447,1091553)
(1091447,1091556)
(1091447,1091559)
(1091447,1091563)
(1091447,1091570)
(1091447,1091573)
(1091447,1091576)
(1091447,1091579)
(1091447,1091582)
(1091447,1091585)
(1091447,1091592)
(1091447,1091597)
(1091447,1091599)
(1091447,1091605)
(1091447,1091606)
(1091450,1091452)
(1091450,1091456)
(1091450,1091459)
(1091450,1091461)
(1091450,1091465)
(1091450,1091469)
(1091450,1091473)
(1091450,1091475)
(1091450,1091480)
(1091450,1091482)
(1091450,1091485)
(1091450,1091487)
(1091450,1091492)
(1091450,1091494)
(1091450,1091498)
(1091450,1091504)
(1091450,1091506)
(1091450,1091510)
(1091450,1091515)
(1091450,1091521)
(1091450,1091524)
(1091450,1091530)
(1091450,1091534)
(1091450,1091539)
(1091450,1091545)
(1091450,1091550)
(1091450,1091553)
(1091450,1091556)
(1091450,1091559)
(1091450,1091563)
(1091450,1091570)
(1091450,1091573)
(1091450,1091576)
(1091450,1091579)
(1091450,1091582)
(1091450,1091585)
(1091450,1091592)
(1091450,1091597)
(1091450,1091599)
(1091450,1091605)
(1091450,1091606)
(1091452,1091456)
(1091452,1091459)
(1091452,1091461)
(1091452,1091465)
(1091452,1091469)
(1091452,1091473)
(1091452,1091475)
(1091452,1091480)
(1091452,1091482)
(1091452,1091485)
(1091452,1091487)
(1091452,1091492)
(1091452,1091494)
(1091452,1091498)
(1091452,1091504)
(1091452,1091506)
(1091452,1091510)
(1091452,1091515)
(1091452,1091521)
(1091452,1091524)
(1091452,1091530)
(1091452,1091534)
(1091452,1091539)
(1091452,1091545)
(1091452,1091550)
(1091452,1091553)
(1091452,1091556)
(1091452,1091559)
(1091452,1091563)
(1091452,1091570)
(1091452,1091573)
(1091452,1091576)
(1091452,1091579)
(1091452,1091582)
(1091452,1091585)
(1091452,1091592)
(1091452,1091597)
(1091452,1091599)
(1091452,1091605)
(1091452,1091606)
(1091456,1091459)
(1091456,1091461)
(1091456,1091465)
(1091456,1091469)
(1091456,1091473)
(1091456,1091475)
(1091456,1091480)
(1091456,1091482)
(1091456,1091485)
(1091456,1091487)
(1091456,1091492)
(1091456,1091494)
(1091456,1091498)
(1091456,1091504)
(1091456,1091506)
(1091456,1091510)
(1091456,1091515)
(1091456,1091521)
(1091456,1091524)
(1091456,1091530)
(1091456,1091534)
(1091456,1091539)
(1091456,1091545)
(1091456,1091550)
(1091456,1091553)
(1091456,1091556)
(1091456,1091559)
(1091456,1091563)
(1091456,1091570)
(1091456,1091573)
(1091456,1091576)
(1091456,1091579)
(1091456,1091582)
(1091456,1091585)
(1091456,1091592)
(1091456,1091597)
(1091456,1091599)
(1091456,1091605)
(1091456,1091606)
(1091459,1091461)
(1091459,1091465)
(1091459,1091469)
(1091459,1091473)
(1091459,1091475)
(1091459,1091480)
(1091459,1091482)
(1091459,1091485)
(1091459,1091487)
(1091459,1091492)
(1091459,1091494)
(1091459,1091498)
(1091459,1091504)
(1091459,1091506)
(1091459,1091510)
(1091459,1091515)
(1091459,1091521)
(1091459,1091524)
(1091459,1091530)
(1091459,1091534)
(1091459,1091539)
(1091459,1091545)
(1091459,1091550)
(1091459,1091553)
(1091459,1091556)
(1091459,1091559)
(1091459,1091563)
(1091459,1091570)
(1091459,1091573)
(1091459,1091576)
(1091459,1091579)
(1091459,1091582)
(1091459,1091585)
(1091459,1091592)
(1091459,1091597)
(1091459,1091599)
(1091459,1091605)
(1091459,1091606)
(1091461,1091465)
(1091461,1091469)
(1091461,1091473)
(1091461,1091475)
(1091461,1091480)
(1091461,1091482)
(1091461,1091485)
(1091461,1091487)
(1091461,1091492)
(1091461,1091494)
(1091461,1091498)
(1091461,1091504)
(1091461,1091506)
(1091461,1091510)
(1091461,1091515)
(1091461,1091521)
(1091461,1091524)
(1091461,1091530)
(1091461,1091534)
(1091461,1091539)
(1091461,1091545)
(1091461,1091550)
(1091461,1091553)
(1091461,1091556)
(1091461,1091559)
(1091461,1091563)
(1091461,1091570)
(1091461,1091573)
(1091461,1091576)
(1091461,1091579)
(1091461,1091582)
(1091461,1091585)
(1091461,1091592)
(1091461,1091597)
(1091461,1091599)
(1091461,1091605)
(1091461,1091606)
(1091465,1091469)
(1091465,1091473)
(1091465,1091475)
(1091465,1091480)
(1091465,1091482)
(1091465,1091485)
(1091465,1091487)
(1091465,1091492)
(1091465,1091494)
(1091465,1091498)
(1091465,1091504)
(1091465,1091506)
(1091465,1091510)
(1091465,1091515)
(1091465,1091521)
(1091465,1091524)
(1091465,1091530)
(1091465,1091534)
(1091465,1091539)
(1091465,1091545)
(1091465,1091550)
(1091465,1091553)
(1091465,1091556)
(1091465,1091559)
(1091465,1091563)
(1091465,1091570)
(1091465,1091573)
(1091465,1091576)
(1091465,1091579)
(1091465,1091582)
(1091465,1091585)
(1091465,1091592)
(1091465,1091597)
(1091465,1091599)
(1091465,1091605)
(1091465,1091606)
(1091469,1091473)
(1091469,1091475)
(1091469,1091480)
(1091469,1091482)
(1091469,1091485)
(1091469,1091487)
(1091469,1091492)
(1091469,1091494)
(1091469,1091498)
(1091469,1091504)
(1091469,1091506)
(1091469,1091510)
(1091469,1091515)
(1091469,1091521)
(1091469,1091524)
(1091469,1091530)
(1091469,1091534)
(1091469,1091539)
(1091469,1091545)
(1091469,1091550)
(1091469,1091553)
(1091469,1091556)
(1091469,1091559)
(1091469,1091563)
(1091469,1091570)
(1091469,1091573)
(1091469,1091576)
(1091469,1091579)
(1091469,1091582)
(1091469,1091585)
(1091469,1091592)
(1091469,1091597)
(1091469,1091599)
(1091469,1091605)
(1091469,1091606)
(1091473,1091475)
(1091473,1091480)
(1091473,1091482)
(1091473,1091485)
(1091473,1091487)
(1091473,1091492)
(1091473,1091494)
(1091473,1091498)
(1091473,1091504)
(1091473,1091506)
(1091473,1091510)
(1091473,1091515)
(1091473,1091521)
(1091473,1091524)
(1091473,1091530)
(1091473,1091534)
(1091473,1091539)
(1091473,1091545)
(1091473,1091550)
(1091473,1091553)
(1091473,1091556)
(1091473,1091559)
(1091473,1091563)
(1091473,1091570)
(1091473,1091573)
(1091473,1091576)
(1091473,1091579)
(1091473,1091582)
(1091473,1091585)
(1091473,1091592)
(1091473,1091597)
(1091473,1091599)
(1091473,1091605)
(1091473,1091606)
(1091475,1091480)
(1091475,1091482)
(1091475,1091485)
(1091475,1091487)
(1091475,1091492)
(1091475,1091494)
(1091475,1091498)
(1091475,1091504)
(1091475,1091506)
(1091475,1091510)
(1091475,1091515)
(1091475,1091521)
(1091475,1091524)
(1091475,1091530)
(1091475,1091534)
(1091475,1091539)
(1091475,1091545)
(1091475,1091550)
(1091475,1091553)
(1091475,1091556)
(1091475,1091559)
(1091475,1091563)
(1091475,1091570)
(1091475,1091573)
(1091475,1091576)
(1091475,1091579)
(1091475,1091582)
(1091475,1091585)
(1091475,1091592)
(1091475,1091597)
(1091475,1091599)
(1091475,1091605)
(1091475,1091606)
(1091480,1091482)
(1091480,1091485)
(1091480,1091487)
(1091480,1091492)
(1091480,1091494)
(1091480,1091498)
(1091480,1091504)
(1091480,1091506)
(1091480,1091510)
(1091480,1091515)
(1091480,1091521)
(1091480,1091524)
(1091480,1091530)
(1091480,1091534)
(1091480,1091539)
(1091480,1091545)
(1091480,1091550)
(1091480,1091553)
(1091480,1091556)
(1091480,1091559)
(1091480,1091563)
(1091480,1091570)
(1091480,1091573)
(1091480,1091576)
(1091480,1091579)
(1091480,1091582)
(1091480,1091585)
(1091480,1091592)
(1091480,1091597)
(1091480,1091599)
(1091480,1091605)
(1091480,1091606)
(1091482,1091485)
(1091482,1091487)
(1091482,1091492)
(1091482,1091494)
(1091482,1091498)
(1091482,1091504)
(1091482,1091506)
(1091482,1091510)
(1091482,1091515)
(1091482,1091521)
(1091482,1091524)
(1091482,1091530)
(1091482,1091534)
(1091482,1091539)
(1091482,1091545)
(1091482,1091550)
(1091482,1091553)
(1091482,1091556)
(1091482,1091559)
(1091482,1091563)
(1091482,1091570)
(1091482,1091573)
(1091482,1091576)
(1091482,1091579)
(1091482,1091582)
(1091482,1091585)
(1091482,1091592)
(1091482,1091597)
(1091482,1091599)
(1091482,1091605)
(1091482,1091606)
(1091485,1091487)
(1091485,1091492)
(1091485,1091494)
(1091485,1091498)
(1091485,1091504)
(1091485,1091506)
(1091485,1091510)
(1091485,1091515)
(1091485,1091521)
(1091485,1091524)
(1091485,1091530)
(1091485,1091534)
(1091485,1091539)
(1091485,1091545)
(1091485,1091550)
(1091485,1091553)
(1091485,1091556)
(1091485,1091559)
(1091485,1091563)
(1091485,1091570)
(1091485,1091573)
(1091485,1091576)
(1091485,1091579)
(1091485,1091582)
(1091485,1091585)
(1091485,1091592)
(1091485,1091597)
(1091485,1091599)
(1091485,1091605)
(1091485,1091606)
(1091487,1091492)
(1091487,1091494)
(1091487,1091498)
(1091487,1091504)
(1091487,1091506)
(1091487,1091510)
(1091487,1091515)
(1091487,1091521)
(1091487,1091524)
(1091487,1091530)
(1091487,1091534)
(1091487,1091539)
(1091487,1091545)
(1091487,1091550)
(1091487,1091553)
(1091487,1091556)
(1091487,1091559)
(1091487,1091563)
(1091487,1091570)
(1091487,1091573)
(1091487,1091576)
(1091487,1091579)
(1091487,1091582)
(1091487,1091585)
(1091487,1091592)
(1091487,1091597)
(1091487,1091599)
(1091487,1091605)
(1091487,1091606)
(1091492,1091494)
(1091492,1091498)
(1091492,1091504)
(1091492,1091506)
(1091492,1091510)
(1091492,1091515)
(1091492,1091521)
(1091492,1091524)
(1091492,1091530)
(1091492,1091534)
(1091492,1091539)
(1091492,1091545)
(1091492,1091550)
(1091492,1091553)
(1091492,1091556)
(1091492,1091559)
(1091492,1091563)
(1091492,1091570)
(1091492,1091573)
(1091492,1091576)
(1091492,1091579)
(1091492,1091582)
(1091492,1091585)
(1091492,1091592)
(1091492,1091597)
(1091492,1091599)
(1091492,1091605)
(1091492,1091606)
(1091494,1091498)
(1091494,1091504)
(1091494,1091506)
(1091494,1091510)
(1091494,1091515)
(1091494,1091521)
(1091494,1091524)
(1091494,1091530)
(1091494,1091534)
(1091494,1091539)
(1091494,1091545)
(1091494,1091550)
(1091494,1091553)
(1091494,1091556)
(1091494,1091559)
(1091494,1091563)
(1091494,1091570)
(1091494,1091573)
(1091494,1091576)
(1091494,1091579)
(1091494,1091582)
(1091494,1091585)
(1091494,1091592)
(1091494,1091597)
(1091494,1091599)
(1091494,1091605)
(1091494,1091606)
(1091498,1091504)
(1091498,1091506)
(1091498,1091510)
(1091498,1091515)
(1091498,1091521)
(1091498,1091524)
(1091498,1091530)
(1091498,1091534)
(1091498,1091539)
(1091498,1091545)
(1091498,1091550)
(1091498,1091553)
(1091498,1091556)
(1091498,1091559)
(1091498,1091563)
(1091498,1091570)
(1091498,1091573)
(1091498,1091576)
(1091498,1091579)
(1091498,1091582)
(1091498,1091585)
(1091498,1091592)
(1091498,1091597)
(1091498,1091599)
(1091498,1091605)
(1091498,1091606)
(1091504,1091506)
(1091504,1091510)
(1091504,1091515)
(1091504,1091521)
(1091504,1091524)
(1091504,1091530)
(1091504,1091534)
(1091504,1091539)
(1091504,1091545)
(1091504,1091550)
(1091504,1091553)
(1091504,1091556)
(1091504,1091559)
(1091504,1091563)
(1091504,1091570)
(1091504,1091573)
(1091504,1091576)
(1091504,1091579)
(1091504,1091582)
(1091504,1091585)
(1091504,1091592)
(1091504,1091597)
(1091504,1091599)
(1091504,1091605)
(1091504,1091606)
(1091506,1091510)
(1091506,1091515)
(1091506,1091521)
(1091506,1091524)
(1091506,1091530)
(1091506,1091534)
(1091506,1091539)
(1091506,1091545)
(1091506,1091550)
(1091506,1091553)
(1091506,1091556)
(1091506,1091559)
(1091506,1091563)
(1091506,1091570)
(1091506,1091573)
(1091506,1091576)
(1091506,1091579)
(1091506,1091582)
(1091506,1091585)
(1091506,1091592)
(1091506,1091597)
(1091506,1091599)
(1091506,1091605)
(1091506,1091606)
(1091510,1091515)
(1091510,1091521)
(1091510,1091524)
(1091510,1091530)
(1091510,1091534)
(1091510,1091539)
(1091510,1091545)
(1091510,1091550)
(1091510,1091553)
(1091510,1091556)
(1091510,1091559)
(1091510,1091563)
(1091510,1091570)
(1091510,1091573)
(1091510,1091576)
(1091510,1091579)
(1091510,1091582)
(1091510,1091585)
(1091510,1091592)
(1091510,1091597)
(1091510,1091599)
(1091510,1091605)
(1091510,1091606)
(1091515,1091521)
(1091515,1091524)
(1091515,1091530)
(1091515,1091534)
(1091515,1091539)
(1091515,1091545)
(1091515,1091550)
(1091515,1091553)
(1091515,1091556)
(1091515,1091559)
(1091515,1091563)
(1091515,1091570)
(1091515,1091573)
(1091515,1091576)
(1091515,1091579)
(1091515,1091582)
(1091515,1091585)
(1091515,1091592)
(1091515,1091597)
(1091515,1091599)
(1091515,1091605)
(1091515,1091606)
(1091521,1091524)
(1091521,1091530)
(1091521,1091534)
(1091521,1091539)
(1091521,1091545)
(1091521,1091550)
(1091521,1091553)
(1091521,1091556)
(1091521,1091559)
(1091521,1091563)
(1091521,1091570)
(1091521,1091573)
(1091521,1091576)
(1091521,1091579)
(1091521,1091582)
(1091521,1091585)
(1091521,1091592)
(1091521,1091597)
(1091521,1091599)
(1091521,1091605)
(1091521,1091606)
(1091524,1091530)
(1091524,1091534)
(1091524,1091539)
(1091524,1091545)
(1091524,1091550)
(1091524,1091553)
(1091524,1091556)
(1091524,1091559)
(1091524,1091563)
(1091524,1091570)
(1091524,1091573)
(1091524,1091576)
(1091524,1091579)
(1091524,1091582)
(1091524,1091585)
(1091524,1091592)
(1091524,1091597)
(1091524,1091599)
(1091524,1091605)
(1091524,1091606)
(1091530,1091534)
(1091530,1091539)
(1091530,1091545)
(1091530,1091550)
(1091530,1091553)
(1091530,1091556)
(1091530,1091559)
(1091530,1091563)
(1091530,1091570)
(1091530,1091573)
(1091530,1091576)
(1091530,1091579)
(1091530,1091582)
(1091530,1091585)
(1091530,1091592)
(1091530,1091597)
(1091530,1091599)
(1091530,1091605)
(1091530,1091606)
(1091534,1091539)
(1091534,1091545)
(1091534,1091550)
(1091534,1091553)
(1091534,1091556)
(1091534,1091559)
(1091534,1091563)
(1091534,1091570)
(1091534,1091573)
(1091534,1091576)
(1091534,1091579)
(1091534,1091582)
(1091534,1091585)
(1091534,1091592)
(1091534,1091597)
(1091534,1091599)
(1091534,1091605)
(1091534,1091606)
(1091539,1091545)
(1091539,1091550)
(1091539,1091553)
(1091539,1091556)
(1091539,1091559)
(1091539,1091563)
(1091539,1091570)
(1091539,1091573)
(1091539,1091576)
(1091539,1091579)
(1091539,1091582)
(1091539,1091585)
(1091539,1091592)
(1091539,1091597)
(1091539,1091599)
(1091539,1091605)
(1091539,1091606)
(1091545,1091550)
(1091545,1091553)
(1091545,1091556)
(1091545,1091559)
(1091545,1091563)
(1091545,1091570)
(1091545,1091573)
(1091545,1091576)
(1091545,1091579)
(1091545,1091582)
(1091545,1091585)
(1091545,1091592)
(1091545,1091597)
(1091545,1091599)
(1091545,1091605)
(1091545,1091606)
(1091550,1091553)
(1091550,1091556)
(1091550,1091559)
(1091550,1091563)
(1091550,1091570)
(1091550,1091573)
(1091550,1091576)
(1091550,1091579)
(1091550,1091582)
(1091550,1091585)
(1091550,1091592)
(1091550,1091597)
(1091550,1091599)
(1091550,1091605)
(1091550,1091606)
(1091553,1091556)
(1091553,1091559)
(1091553,1091563)
(1091553,1091570)
(1091553,1091573)
(1091553,1091576)
(1091553,1091579)
(1091553,1091582)
(1091553,1091585)
(1091553,1091592)
(1091553,1091597)
(1091553,1091599)
(1091553,1091605)
(1091553,1091606)
(1091556,1091559)
(1091556,1091563)
(1091556,1091570)
(1091556,1091573)
(1091556,1091576)
(1091556,1091579)
(1091556,1091582)
(1091556,1091585)
(1091556,1091592)
(1091556,1091597)
(1091556,1091599)
(1091556,1091605)
(1091556,1091606)
(1091559,1091563)
(1091559,1091570)
(1091559,1091573)
(1091559,1091576)
(1091559,1091579)
(1091559,1091582)
(1091559,1091585)
(1091559,1091592)
(1091559,1091597)
(1091559,1091599)
(1091559,1091605)
(1091559,1091606)
(1091563,1091570)
(1091563,1091573)
(1091563,1091576)
(1091563,1091579)
(1091563,1091582)
(1091563,1091585)
(1091563,1091592)
(1091563,1091597)
(1091563,1091599)
(1091563,1091605)
(1091563,1091606)
(1091570,1091573)
(1091570,1091576)
(1091570,1091579)
(1091570,1091582)
(1091570,1091585)
(1091570,1091592)
(1091570,1091597)
(1091570,1091599)
(1091570,1091605)
(1091570,1091606)
(1091573,1091576)
(1091573,1091579)
(1091573,1091582)
(1091573,1091585)
(1091573,1091592)
(1091573,1091597)
(1091573,1091599)
(1091573,1091605)
(1091573,1091606)
(1091576,1091579)
(1091576,1091582)
(1091576,1091585)
(1091576,1091592)
(1091576,1091597)
(1091576,1091599)
(1091576,1091605)
(1091576,1091606)
(1091579,1091582)
(1091579,1091585)
(1091579,1091592)
(1091579,1091597)
(1091579,1091599)
(1091579,1091605)
(1091579,1091606)
(1091582,1091585)
(1091582,1091592)
(1091582,1091597)
(1091582,1091599)
(1091582,1091605)
(1091582,1091606)
(1091585,1091592)
(1091585,1091597)
(1091585,1091599)
(1091585,1091605)
(1091585,1091606)
(1091592,1091597)
(1091592,1091599)
(1091592,1091605)
(1091592,1091606)
(1091597,1091599)
(1091597,1091605)
(1091597,1091606)
(1091599,1091605)
(1091599,1091606)
(1091605,1091606)
(345610,346004)
(345610,1091862)
(345610,1091867)
(345610,1091872)
(345610,1091878)
(345610,1091884)
(345610,1091893)
(345610,1091897)
(345610,1091903)
(345610,1091907)
(345610,1091914)
(345610,1091919)
(345610,1091926)
(345610,1091931)
(345610,1091939)
(345610,1091948)
(345610,1091952)
(346004,1091862)
(346004,1091867)
(346004,1091872)
(346004,1091878)
(346004,1091884)
(346004,1091893)
(346004,1091897)
(346004,1091903)
(346004,1091907)
(346004,1091914)
(346004,1091919)
(346004,1091926)
(346004,1091931)
(346004,1091939)
(346004,1091948)
(346004,1091952)
(1091862,1091867)
(1091862,1091872)
(1091862,1091878)
(1091862,1091884)
(1091862,1091893)
(1091862,1091897)
(1091862,1091903)
(1091862,1091907)
(1091862,1091914)
(1091862,1091919)
(1091862,1091926)
(1091862,1091931)
(1091862,1091939)
(1091862,1091948)
(1091862,1091952)
(1091867,1091872)
(1091867,1091878)
(1091867,1091884)
(1091867,1091893)
(1091867,1091897)
(1091867,1091903)
(1091867,1091907)
(1091867,1091914)
(1091867,1091919)
(1091867,1091926)
(1091867,1091931)
(1091867,1091939)
(1091867,1091948)
(1091867,1091952)
(1091872,1091878)
(1091872,1091884)
(1091872,1091893)
(1091872,1091897)
(1091872,1091903)
(1091872,1091907)
(1091872,1091914)
(1091872,1091919)
(1091872,1091926)
(1091872,1091931)
(1091872,1091939)
(1091872,1091948)
(1091872,1091952)
(1091878,1091884)
(1091878,1091893)
(1091878,1091897)
(1091878,1091903)
(1091878,1091907)
(1091878,1091914)
(1091878,1091919)
(1091878,1091926)
(1091878,1091931)
(1091878,1091939)
(1091878,1091948)
(1091878,1091952)
(1091884,1091893)
(1091884,1091897)
(1091884,1091903)
(1091884,1091907)
(1091884,1091914)
(1091884,1091919)
(1091884,1091926)
(1091884,1091931)
(1091884,1091939)
(1091884,1091948)
(1091884,1091952)
(1091893,1091897)
(1091893,1091903)
(1091893,1091907)
(1091893,1091914)
(1091893,1091919)
(1091893,1091926)
(1091893,1091931)
(1091893,1091939)
(1091893,1091948)
(1091893,1091952)
(1091897,1091903)
(1091897,1091907)
(1091897,1091914)
(1091897,1091919)
(1091897,1091926)
(1091897,1091931)
(1091897,1091939)
(1091897,1091948)
(1091897,1091952)
(1091903,1091907)
(1091903,1091914)
(1091903,1091919)
(1091903,1091926)
(1091903,1091931)
(1091903,1091939)
(1091903,1091948)
(1091903,1091952)
(1091907,1091914)
(1091907,1091919)
(1091907,1091926)
(1091907,1091931)
(1091907,1091939)
(1091907,1091948)
(1091907,1091952)
(1091914,1091919)
(1091914,1091926)
(1091914,1091931)
(1091914,1091939)
(1091914,1091948)
(1091914,1091952)
(1091919,1091926)
(1091919,1091931)
(1091919,1091939)
(1091919,1091948)
(1091919,1091952)
(1091926,1091931)
(1091926,1091939)
(1091926,1091948)
(1091926,1091952)
(1091931,1091939)
(1091931,1091948)
(1091931,1091952)
(1091939,1091948)
(1091939,1091952)
(1091948,1091952)
(397389,1092422)
(408868,1091848)
(408868,1091850)
(408868,1091856)
(1091848,1091850)
(1091848,1091856)
(1091850,1091856)
(551459,551480)
(551459,1092433)
(551459,1092436)
(551459,1092445)
(551459,1092446)
(551459,1092454)
(551459,1092463)
(551459,1092471)
(551459,1092476)
(551459,1092482)
(551459,1092493)
(551459,1092495)
(551480,1092433)
(551480,1092436)
(551480,1092445)
(551480,1092446)
(551480,1092454)
(551480,1092463)
(551480,1092471)
(551480,1092476)
(551480,1092482)
(551480,1092493)
(551480,1092495)
(1092433,1092436)
(1092433,1092445)
(1092433,1092446)
(1092433,1092454)
(1092433,1092463)
(1092433,1092471)
(1092433,1092476)
(1092433,1092482)
(1092433,1092493)
(1092433,1092495)
(1092436,1092445)
(1092436,1092446)
(1092436,1092454)
(1092436,1092463)
(1092436,1092471)
(1092436,1092476)
(1092436,1092482)
(1092436,1092493)
(1092436,1092495)
(1092445,1092446)
(1092445,1092454)
(1092445,1092463)
(1092445,1092471)
(1092445,1092476)
(1092445,1092482)
(1092445,1092493)
(1092445,1092495)
(1092446,1092454)
(1092446,1092463)
(1092446,1092471)
(1092446,1092476)
(1092446,1092482)
(1092446,1092493)
(1092446,1092495)
(1092454,1092463)
(1092454,1092471)
(1092454,1092476)
(1092454,1092482)
(1092454,1092493)
(1092454,1092495)
(1092463,1092471)
(1092463,1092476)
(1092463,1092482)
(1092463,1092493)
(1092463,1092495)
(1092471,1092476)
(1092471,1092482)
(1092471,1092493)
(1092471,1092495)
(1092476,1092482)
(1092476,1092493)
(1092476,1092495)
(1092482,1092493)
(1092482,1092495)
(1092493,1092495)
(563421,765308)
(563421,1092359)
(563421,1092362)
(563421,1092365)
(563421,1092367)
(563421,1092372)
(563421,1092373)
(765308,1092359)
(765308,1092362)
(765308,1092365)
(765308,1092367)
(765308,1092372)
(765308,1092373)
(1092359,1092362)
(1092359,1092365)
(1092359,1092367)
(1092359,1092372)
(1092359,1092373)
(1092362,1092365)
(1092362,1092367)
(1092362,1092372)
(1092362,1092373)
(1092365,1092367)
(1092365,1092372)
(1092365,1092373)
(1092367,1092372)
(1092367,1092373)
(1092372,1092373)
(656789,702772)
(665554,1092578)
(665554,1092588)
(665554,1092593)
(665554,1092612)
(665554,1092624)
(1092578,1092588)
(1092578,1092593)
(1092578,1092612)
(1092578,1092624)
(1092588,1092593)
(1092588,1092612)
(1092588,1092624)
(1092593,1092612)
(1092593,1092624)
(1092612,1092624)
(920863,1092168)
(920863,1092174)
(920863,1092175)
(920863,1092180)
(920863,1092185)
(920863,1092187)
(920863,1092190)
(920863,1092199)
(920863,1092204)
(920863,1092209)
(920863,1092210)
(920863,1092214)
(920863,1092218)
(920863,1092225)
(920863,1092226)
(920863,1092235)
(920863,1092236)
(920863,1092240)
(920863,1092245)
(920863,1092251)
(920863,1092257)
(920863,1092265)
(1092168,1092174)
(1092168,1092175)
(1092168,1092180)
(1092168,1092185)
(1092168,1092187)
(1092168,1092190)
(1092168,1092199)
(1092168,1092204)
(1092168,1092209)
(1092168,1092210)
(1092168,1092214)
(1092168,1092218)
(1092168,1092225)
(1092168,1092226)
(1092168,1092235)
(1092168,1092236)
(1092168,1092240)
(1092168,1092245)
(1092168,1092251)
(1092168,1092257)
(1092168,1092265)
(1092174,1092175)
(1092174,1092180)
(1092174,1092185)
(1092174,1092187)
(1092174,1092190)
(1092174,1092199)
(1092174,1092204)
(1092174,1092209)
(1092174,1092210)
(1092174,1092214)
(1092174,1092218)
(1092174,1092225)
(1092174,1092226)
(1092174,1092235)
(1092174,1092236)
(1092174,1092240)
(1092174,1092245)
(1092174,1092251)
(1092174,1092257)
(1092174,1092265)
(1092175,1092180)
(1092175,1092185)
(1092175,1092187)
(1092175,1092190)
(1092175,1092199)
(1092175,1092204)
(1092175,1092209)
(1092175,1092210)
(1092175,1092214)
(1092175,1092218)
(1092175,1092225)
(1092175,1092226)
(1092175,1092235)
(1092175,1092236)
(1092175,1092240)
(1092175,1092245)
(1092175,1092251)
(1092175,1092257)
(1092175,1092265)
(1092180,1092185)
(1092180,1092187)
(1092180,1092190)
(1092180,1092199)
(1092180,1092204)
(1092180,1092209)
(1092180,1092210)
(1092180,1092214)
(1092180,1092218)
(1092180,1092225)
(1092180,1092226)
(1092180,1092235)
(1092180,1092236)
(1092180,1092240)
(1092180,1092245)
(1092180,1092251)
(1092180,1092257)
(1092180,1092265)
(1092185,1092187)
(1092185,1092190)
(1092185,1092199)
(1092185,1092204)
(1092185,1092209)
(1092185,1092210)
(1092185,1092214)
(1092185,1092218)
(1092185,1092225)
(1092185,1092226)
(1092185,1092235)
(1092185,1092236)
(1092185,1092240)
(1092185,1092245)
(1092185,1092251)
(1092185,1092257)
(1092185,1092265)
(1092187,1092190)
(1092187,1092199)
(1092187,1092204)
(1092187,1092209)
(1092187,1092210)
(1092187,1092214)
(1092187,1092218)
(1092187,1092225)
(1092187,1092226)
(1092187,1092235)
(1092187,1092236)
(1092187,1092240)
(1092187,1092245)
(1092187,1092251)
(1092187,1092257)
(1092187,1092265)
(1092190,1092199)
(1092190,1092204)
(1092190,1092209)
(1092190,1092210)
(1092190,1092214)
(1092190,1092218)
(1092190,1092225)
(1092190,1092226)
(1092190,1092235)
(1092190,1092236)
(1092190,1092240)
(1092190,1092245)
(1092190,1092251)
(1092190,1092257)
(1092190,1092265)
(1092199,1092204)
(1092199,1092209)
(1092199,1092210)
(1092199,1092214)
(1092199,1092218)
(1092199,1092225)
(1092199,1092226)
(1092199,1092235)
(1092199,1092236)
(1092199,1092240)
(1092199,1092245)
(1092199,1092251)
(1092199,1092257)
(1092199,1092265)
(1092204,1092209)
(1092204,1092210)
(1092204,1092214)
(1092204,1092218)
(1092204,1092225)
(1092204,1092226)
(1092204,1092235)
(1092204,1092236)
(1092204,1092240)
(1092204,1092245)
(1092204,1092251)
(1092204,1092257)
(1092204,1092265)
(1092209,1092210)
(1092209,1092214)
(1092209,1092218)
(1092209,1092225)
(1092209,1092226)
(1092209,1092235)
(1092209,1092236)
(1092209,1092240)
(1092209,1092245)
(1092209,1092251)
(1092209,1092257)
(1092209,1092265)
(1092210,1092214)
(1092210,1092218)
(1092210,1092225)
(1092210,1092226)
(1092210,1092235)
(1092210,1092236)
(1092210,1092240)
(1092210,1092245)
(1092210,1092251)
(1092210,1092257)
(1092210,1092265)
(1092214,1092218)
(1092214,1092225)
(1092214,1092226)
(1092214,1092235)
(1092214,1092236)
(1092214,1092240)
(1092214,1092245)
(1092214,1092251)
(1092214,1092257)
(1092214,1092265)
(1092218,1092225)
(1092218,1092226)
(1092218,1092235)
(1092218,1092236)
(1092218,1092240)
(1092218,1092245)
(1092218,1092251)
(1092218,1092257)
(1092218,1092265)
(1092225,1092226)
(1092225,1092235)
(1092225,1092236)
(1092225,1092240)
(1092225,1092245)
(1092225,1092251)
(1092225,1092257)
(1092225,1092265)
(1092226,1092235)
(1092226,1092236)
(1092226,1092240)
(1092226,1092245)
(1092226,1092251)
(1092226,1092257)
(1092226,1092265)
(1092235,1092236)
(1092235,1092240)
(1092235,1092245)
(1092235,1092251)
(1092235,1092257)
(1092235,1092265)
(1092236,1092240)
(1092236,1092245)
(1092236,1092251)
(1092236,1092257)
(1092236,1092265)
(1092240,1092245)
(1092240,1092251)
(1092240,1092257)
(1092240,1092265)
(1092245,1092251)
(1092245,1092257)
(1092245,1092265)
(1092251,1092257)
(1092251,1092265)
(1092257,1092265)
(1072233,1092379)
(1072233,1092382)
(1072233,1092385)
(1092379,1092382)
(1092379,1092385)
(1092382,1092385)
(1091414,1091415)
(1091414,1091417)
(1091414,1091420)
(1091415,1091417)
(1091415,1091420)
(1091417,1091420)
(1091424,1091428)
(1091424,1091432)
(1091424,1091436)
(1091428,1091432)
(1091428,1091436)
(1091432,1091436)
(1091612,1091617)
(1091612,1091622)
(1091612,1091627)
(1091612,1091635)
(1091617,1091622)
(1091617,1091627)
(1091617,1091635)
(1091622,1091627)
(1091622,1091635)
(1091627,1091635)
(1091651,1091655)
(1091651,1091659)
(1091651,1091663)
(1091651,1091670)
(1091651,1091672)
(1091655,1091659)
(1091655,1091663)
(1091655,1091670)
(1091655,1091672)
(1091659,1091663)
(1091659,1091670)
(1091659,1091672)
(1091663,1091670)
(1091663,1091672)
(1091670,1091672)
(1091685,1091694)
(1091685,1091701)
(1091694,1091701)
(1091702,1091707)
(1091702,1091712)
(1091702,1091721)
(1091702,1091728)
(1091702,1091733)
(1091702,1091736)
(1091707,1091712)
(1091707,1091721)
(1091707,1091728)
(1091707,1091733)
(1091707,1091736)
(1091712,1091721)
(1091712,1091728)
(1091712,1091733)
(1091712,1091736)
(1091721,1091728)
(1091721,1091733)
(1091721,1091736)
(1091728,1091733)
(1091728,1091736)
(1091733,1091736)
(1091752,1091755)
(1091752,1091758)
(1091752,1091764)
(1091752,1091767)
(1091755,1091758)
(1091755,1091764)
(1091755,1091767)
(1091758,1091764)
(1091758,1091767)
(1091764,1091767)
(1091778,1091781)
(1091778,1091786)
(1091778,1091793)
(1091778,1091800)
(1091778,1091806)
(1091778,1091810)
(1091778,1091818)
(1091778,1091820)
(1091778,1091828)
(1091778,1091830)
(1091778,1091834)
(1091781,1091786)
(1091781,1091793)
(1091781,1091800)
(1091781,1091806)
(1091781,1091810)
(1091781,1091818)
(1091781,1091820)
(1091781,1091828)
(1091781,1091830)
(1091781,1091834)
(1091786,1091793)
(1091786,1091800)
(1091786,1091806)
(1091786,1091810)
(1091786,1091818)
(1091786,1091820)
(1091786,1091828)
(1091786,1091830)
(1091786,1091834)
(1091793,1091800)
(1091793,1091806)
(1091793,1091810)
(1091793,1091818)
(1091793,1091820)
(1091793,1091828)
(1091793,1091830)
(1091793,1091834)
(1091800,1091806)
(1091800,1091810)
(1091800,1091818)
(1091800,1091820)
(1091800,1091828)
(1091800,1091830)
(1091800,1091834)
(1091806,1091810)
(1091806,1091818)
(1091806,1091820)
(1091806,1091828)
(1091806,1091830)
(1091806,1091834)
(1091810,1091818)
(1091810,1091820)
(1091810,1091828)
(1091810,1091830)
(1091810,1091834)
(1091818,1091820)
(1091818,1091828)
(1091818,1091830)
(1091818,1091834)
(1091820,1091828)
(1091820,1091830)
(1091820,1091834)
(1091828,1091830)
(1091828,1091834)
(1091830,1091834)
(1091961,1091962)
(1091961,1091969)
(1091961,1091975)
(1091961,1091982)
(1091961,1091989)
(1091961,1091992)
(1091961,1091999)
(1091961,1092009)
(1091961,1092011)
(1091961,1092018)
(1091961,1092024)
(1091961,1092031)
(1091961,1092037)
(1091961,1092044)
(1091961,1092050)
(1091961,1092055)
(1091962,1091969)
(1091962,1091975)
(1091962,1091982)
(1091962,1091989)
(1091962,1091992)
(1091962,1091999)
(1091962,1092009)
(1091962,1092011)
(1091962,1092018)
(1091962,1092024)
(1091962,1092031)
(1091962,1092037)
(1091962,1092044)
(1091962,1092050)
(1091962,1092055)
(1091969,1091975)
(1091969,1091982)
(1091969,1091989)
(1091969,1091992)
(1091969,1091999)
(1091969,1092009)
(1091969,1092011)
(1091969,1092018)
(1091969,1092024)
(1091969,1092031)
(1091969,1092037)
(1091969,1092044)
(1091969,1092050)
(1091969,1092055)
(1091975,1091982)
(1091975,1091989)
(1091975,1091992)
(1091975,1091999)
(1091975,1092009)
(1091975,1092011)
(1091975,1092018)
(1091975,1092024)
(1091975,1092031)
(1091975,1092037)
(1091975,1092044)
(1091975,1092050)
(1091975,1092055)
(1091982,1091989)
(1091982,1091992)
(1091982,1091999)
(1091982,1092009)
(1091982,1092011)
(1091982,1092018)
(1091982,1092024)
(1091982,1092031)
(1091982,1092037)
(1091982,1092044)
(1091982,1092050)
(1091982,1092055)
(1091989,1091992)
(1091989,1091999)
(1091989,1092009)
(1091989,1092011)
(1091989,1092018)
(1091989,1092024)
(1091989,1092031)
(1091989,1092037)
(1091989,1092044)
(1091989,1092050)
(1091989,1092055)
(1091992,1091999)
(1091992,1092009)
(1091992,1092011)
(1091992,1092018)
(1091992,1092024)
(1091992,1092031)
(1091992,1092037)
(1091992,1092044)
(1091992,1092050)
(1091992,1092055)
(1091999,1092009)
(1091999,1092011)
(1091999,1092018)
(1091999,1092024)
(1091999,1092031)
(1091999,1092037)
(1091999,1092044)
(1091999,1092050)
(1091999,1092055)
(1092009,1092011)
(1092009,1092018)
(1092009,1092024)
(1092009,1092031)
(1092009,1092037)
(1092009,1092044)
(1092009,1092050)
(1092009,1092055)
(1092011,1092018)
(1092011,1092024)
(1092011,1092031)
(1092011,1092037)
(1092011,1092044)
(1092011,1092050)
(1092011,1092055)
(1092018,1092024)
(1092018,1092031)
(1092018,1092037)
(1092018,1092044)
(1092018,1092050)
(1092018,1092055)
(1092024,1092031)
(1092024,1092037)
(1092024,1092044)
(1092024,1092050)
(1092024,1092055)
(1092031,1092037)
(1092031,1092044)
(1092031,1092050)
(1092031,1092055)
(1092037,1092044)
(1092037,1092050)
(1092037,1092055)
(1092044,1092050)
(1092044,1092055)
(1092050,1092055)
(1092068,1092070)
(1092068,1092075)
(1092068,1092077)
(1092068,1092080)
(1092068,1092085)
(1092068,1092088)
(1092068,1092089)
(1092068,1092094)
(1092068,1092097)
(1092068,1092101)
(1092068,1092104)
(1092068,1092107)
(1092068,1092110)
(1092068,1092113)
(1092070,1092075)
(1092070,1092077)
(1092070,1092080)
(1092070,1092085)
(1092070,1092088)
(1092070,1092089)
(1092070,1092094)
(1092070,1092097)
(1092070,1092101)
(1092070,1092104)
(1092070,1092107)
(1092070,1092110)
(1092070,1092113)
(1092075,1092077)
(1092075,1092080)
(1092075,1092085)
(1092075,1092088)
(1092075,1092089)
(1092075,1092094)
(1092075,1092097)
(1092075,1092101)
(1092075,1092104)
(1092075,1092107)
(1092075,1092110)
(1092075,1092113)
(1092077,1092080)
(1092077,1092085)
(1092077,1092088)
(1092077,1092089)
(1092077,1092094)
(1092077,1092097)
(1092077,1092101)
(1092077,1092104)
(1092077,1092107)
(1092077,1092110)
(1092077,1092113)
(1092080,1092085)
(1092080,1092088)
(1092080,1092089)
(1092080,1092094)
(1092080,1092097)
(1092080,1092101)
(1092080,1092104)
(1092080,1092107)
(1092080,1092110)
(1092080,1092113)
(1092085,1092088)
(1092085,1092089)
(1092085,1092094)
(1092085,1092097)
(1092085,1092101)
(1092085,1092104)
(1092085,1092107)
(1092085,1092110)
(1092085,1092113)
(1092088,1092089)
(1092088,1092094)
(1092088,1092097)
(1092088,1092101)
(1092088,1092104)
(1092088,1092107)
(1092088,1092110)
(1092088,1092113)
(1092089,1092094)
(1092089,1092097)
(1092089,1092101)
(1092089,1092104)
(1092089,1092107)
(1092089,1092110)
(1092089,1092113)
(1092094,1092097)
(1092094,1092101)
(1092094,1092104)
(1092094,1092107)
(1092094,1092110)
(1092094,1092113)
(1092097,1092101)
(1092097,1092104)
(1092097,1092107)
(1092097,1092110)
(1092097,1092113)
(1092101,1092104)
(1092101,1092107)
(1092101,1092110)
(1092101,1092113)
(1092104,1092107)
(1092104,1092110)
(1092104,1092113)
(1092107,1092110)
(1092107,1092113)
(1092110,1092113)
(1092119,1092121)
(1092119,1092124)
(1092121,1092124)
(1092126,1092130)
(1092126,1092133)
(1092126,1092134)
(1092126,1092136)
(1092126,1092138)
(1092126,1092140)
(1092126,1092142)
(1092126,1092144)
(1092130,1092133)
(1092130,1092134)
(1092130,1092136)
(1092130,1092138)
(1092130,1092140)
(1092130,1092142)
(1092130,1092144)
(1092133,1092134)
(1092133,1092136)
(1092133,1092138)
(1092133,1092140)
(1092133,1092142)
(1092133,1092144)
(1092134,1092136)
(1092134,1092138)
(1092134,1092140)
(1092134,1092142)
(1092134,1092144)
(1092136,1092138)
(1092136,1092140)
(1092136,1092142)
(1092136,1092144)
(1092138,1092140)
(1092138,1092142)
(1092138,1092144)
(1092140,1092142)
(1092140,1092144)
(1092142,1092144)
(1092148,1092152)
(1092148,1092159)
(1092152,1092159)
(1092266,1092273)
(1092279,1092282)
(1092279,1092287)
(1092282,1092287)
(1092293,1092297)
(1092293,1092305)
(1092293,1092313)
(1092293,1092330)
(1092293,1092335)
(1092293,1092344)
(1092297,1092305)
(1092297,1092313)
(1092297,1092330)
(1092297,1092335)
(1092297,1092344)
(1092305,1092313)
(1092305,1092330)
(1092305,1092335)
(1092305,1092344)
(1092313,1092330)
(1092313,1092335)
(1092313,1092344)
(1092330,1092335)
(1092330,1092344)
(1092335,1092344)
(1092388,1092392)
(1092399,1092403)
(1092399,1092407)
(1092399,1092410)
(1092403,1092407)
(1092403,1092410)
(1092407,1092410)
(1092513,1092517)
(1092513,1092521)
(1092513,1092527)
(1092517,1092521)
(1092517,1092527)
(1092521,1092527)
(1092544,1092554)
(1092544,1092561)
(1092554,1092561)
(1092648,1092651)
(1092648,1092653)
(1092651,1092653)
(1092657,1092662)
(1092665,1092673)
(1092665,1092676)
(1092665,1092680)
(1092665,1092684)
(1092673,1092676)
(1092673,1092680)
(1092673,1092684)
(1092676,1092680)
(1092676,1092684)
(1092680,1092684)
(1092711,1092716)
(1092741,1092749)
(1092793,1092799)
(1092793,1092805)
(1092799,1092805)
(1092807,1092820)
(1092807,1092830)
(1092820,1092830)
