(2845,1016382)
(2845,1016385)
(1016382,1016385)
(94343,176227)
(94343,1017444)
(94343,1017447)
(94343,1017457)
(94343,1017462)
(94343,1017465)
(94343,1017473)
(94343,1017477)
(94343,1017480)
(94343,1017486)
(94343,1017492)
(176227,1017444)
(176227,1017447)
(176227,1017457)
(176227,1017462)
(176227,1017465)
(176227,1017473)
(176227,1017477)
(176227,1017480)
(176227,1017486)
(176227,1017492)
(1017444,1017447)
(1017444,1017457)
(1017444,1017462)
(1017444,1017465)
(1017444,1017473)
(1017444,1017477)
(1017444,1017480)
(1017444,1017486)
(1017444,1017492)
(1017447,1017457)
(1017447,1017462)
(1017447,1017465)
(1017447,1017473)
(1017447,1017477)
(1017447,1017480)
(1017447,1017486)
(1017447,1017492)
(1017457,1017462)
(1017457,1017465)
(1017457,1017473)
(1017457,1017477)
(1017457,1017480)
(1017457,1017486)
(1017457,1017492)
(1017462,1017465)
(1017462,1017473)
(1017462,1017477)
(1017462,1017480)
(1017462,1017486)
(1017462,1017492)
(1017465,1017473)
(1017465,1017477)
(1017465,1017480)
(1017465,1017486)
(1017465,1017492)
(1017473,1017477)
(1017473,1017480)
(1017473,1017486)
(1017473,1017492)
(1017477,1017480)
(1017477,1017486)
(1017477,1017492)
(1017480,1017486)
(1017480,1017492)
(1017486,1017492)
(140766,1017821)
(184713,184751)
(184713,184795)
(184713,184896)
(184713,185372)
(184713,185433)
(184751,184795)
(184751,184896)
(184751,185372)
(184751,185433)
(184795,184896)
(184795,185372)
(184795,185433)
(184896,185372)
(184896,185433)
(185372,185433)
(435916,436168)
(435916,436226)
(435916,506285)
(435916,507314)
(435916,1016391)
(435916,1016394)
(435916,1016401)
(435916,1016405)
(435916,1016412)
(435916,1016417)
(435916,1016422)
(435916,1016428)
(435916,1016433)
(435916,1016442)
(435916,1016448)
(435916,1016453)
(435916,1016459)
(435916,1016468)
(435916,1016469)
(435916,1016472)
(435916,1016477)
(435916,1016480)
(435916,1016483)
(435916,1016485)
(435916,1016488)
(435916,1016492)
(435916,1016495)
(435916,1016500)
(435916,1016506)
(435916,1016512)
(435916,1016524)
(435916,1016530)
(435916,1016533)
(435916,1016536)
(435916,1016539)
(435916,1016543)
(436168,436226)
(436168,506285)
(436168,507314)
(436168,1016391)
(436168,1016394)
(436168,1016401)
(436168,1016405)
(436168,1016412)
(436168,1016417)
(436168,1016422)
(436168,1016428)
(436168,1016433)
(436168,1016442)
(436168,1016448)
(436168,1016453)
(436168,1016459)
(436168,1016468)
(436168,1016469)
(436168,1016472)
(436168,1016477)
(436168,1016480)
(436168,1016483)
(436168,1016485)
(436168,1016488)
(436168,1016492)
(436168,1016495)
(436168,1016500)
(436168,1016506)
(436168,1016512)
(436168,1016524)
(436168,1016530)
(436168,1016533)
(436168,1016536)
(436168,1016539)
(436168,1016543)
(436226,506285)
(436226,507314)
(436226,1016391)
(436226,1016394)
(436226,1016401)
(436226,1016405)
(436226,1016412)
(436226,1016417)
(436226,1016422)
(436226,1016428)
(436226,1016433)
(436226,1016442)
(436226,1016448)
(436226,1016453)
(436226,1016459)
(436226,1016468)
(436226,1016469)
(436226,1016472)
(436226,1016477)
(436226,1016480)
(436226,1016483)
(436226,1016485)
(436226,1016488)
(436226,1016492)
(436226,1016495)
(436226,1016500)
(436226,1016506)
(436226,1016512)
(436226,1016524)
(436226,1016530)
(436226,1016533)
(436226,1016536)
(436226,1016539)
(436226,1016543)
(506285,507314)
(506285,1016391)
(506285,1016394)
(506285,1016401)
(506285,1016405)
(506285,1016412)
(506285,1016417)
(506285,1016422)
(506285,1016428)
(506285,1016433)
(506285,1016442)
(506285,1016448)
(506285,1016453)
(506285,1016459)
(506285,1016468)
(506285,1016469)
(506285,1016472)
(506285,1016477)
(506285,1016480)
(506285,1016483)
(506285,1016485)
(506285,1016488)
(506285,1016492)
(506285,1016495)
(506285,1016500)
(506285,1016506)
(506285,1016512)
(506285,1016524)
(506285,1016530)
(506285,1016533)
(506285,1016536)
(506285,1016539)
(506285,1016543)
(507314,1016391)
(507314,1016394)
(507314,1016401)
(507314,1016405)
(507314,1016412)
(507314,1016417)
(507314,1016422)
(507314,1016428)
(507314,1016433)
(507314,1016442)
(507314,1016448)
(507314,1016453)
(507314,1016459)
(507314,1016468)
(507314,1016469)
(507314,1016472)
(507314,1016477)
(507314,1016480)
(507314,1016483)
(507314,1016485)
(507314,1016488)
(507314,1016492)
(507314,1016495)
(507314,1016500)
(507314,1016506)
(507314,1016512)
(507314,1016524)
(507314,1016530)
(507314,1016533)
(507314,1016536)
(507314,1016539)
(507314,1016543)
(1016391,1016394)
(1016391,1016401)
(1016391,1016405)
(1016391,1016412)
(1016391,1016417)
(1016391,1016422)
(1016391,1016428)
(1016391,1016433)
(1016391,1016442)
(1016391,1016448)
(1016391,1016453)
(1016391,1016459)
(1016391,1016468)
(1016391,1016469)
(1016391,1016472)
(1016391,1016477)
(1016391,1016480)
(1016391,1016483)
(1016391,1016485)
(1016391,1016488)
(1016391,1016492)
(1016391,1016495)
(1016391,1016500)
(1016391,1016506)
(1016391,1016512)
(1016391,1016524)
(1016391,1016530)
(1016391,1016533)
(1016391,1016536)
(1016391,1016539)
(1016391,1016543)
(1016394,1016401)
(1016394,1016405)
(1016394,1016412)
(1016394,1016417)
(1016394,1016422)
(1016394,1016428)
(1016394,1016433)
(1016394,1016442)
(1016394,1016448)
(1016394,1016453)
(1016394,1016459)
(1016394,1016468)
(1016394,1016469)
(1016394,1016472)
(1016394,1016477)
(1016394,1016480)
(1016394,1016483)
(1016394,1016485)
(1016394,1016488)
(1016394,1016492)
(1016394,1016495)
(1016394,1016500)
(1016394,1016506)
(1016394,1016512)
(1016394,1016524)
(1016394,1016530)
(1016394,1016533)
(1016394,1016536)
(1016394,1016539)
(1016394,1016543)
(1016401,1016405)
(1016401,1016412)
(1016401,1016417)
(1016401,1016422)
(1016401,1016428)
(1016401,1016433)
(1016401,1016442)
(1016401,1016448)
(1016401,1016453)
(1016401,1016459)
(1016401,1016468)
(1016401,1016469)
(1016401,1016472)
(1016401,1016477)
(1016401,1016480)
(1016401,1016483)
(1016401,1016485)
(1016401,1016488)
(1016401,1016492)
(1016401,1016495)
(1016401,1016500)
(1016401,1016506)
(1016401,1016512)
(1016401,1016524)
(1016401,1016530)
(1016401,1016533)
(1016401,1016536)
(1016401,1016539)
(1016401,1016543)
(1016405,1016412)
(1016405,1016417)
(1016405,1016422)
(1016405,1016428)
(1016405,1016433)
(1016405,1016442)
(1016405,1016448)
(1016405,1016453)
(1016405,1016459)
(1016405,1016468)
(1016405,1016469)
(1016405,1016472)
(1016405,1016477)
(1016405,1016480)
(1016405,1016483)
(1016405,1016485)
(1016405,1016488)
(1016405,1016492)
(1016405,1016495)
(1016405,1016500)
(1016405,1016506)
(1016405,1016512)
(1016405,1016524)
(1016405,1016530)
(1016405,1016533)
(1016405,1016536)
(1016405,1016539)
(1016405,1016543)
(1016412,1016417)
(1016412,1016422)
(1016412,1016428)
(1016412,1016433)
(1016412,1016442)
(1016412,1016448)
(1016412,1016453)
(1016412,1016459)
(1016412,1016468)
(1016412,1016469)
(1016412,1016472)
(1016412,1016477)
(1016412,1016480)
(1016412,1016483)
(1016412,1016485)
(1016412,1016488)
(1016412,1016492)
(1016412,1016495)
(1016412,1016500)
(1016412,1016506)
(1016412,1016512)
(1016412,1016524)
(1016412,1016530)
(1016412,1016533)
(1016412,1016536)
(1016412,1016539)
(1016412,1016543)
(1016417,1016422)
(1016417,1016428)
(1016417,1016433)
(1016417,1016442)
(1016417,1016448)
(1016417,1016453)
(1016417,1016459)
(1016417,1016468)
(1016417,1016469)
(1016417,1016472)
(1016417,1016477)
(1016417,1016480)
(1016417,1016483)
(1016417,1016485)
(1016417,1016488)
(1016417,1016492)
(1016417,1016495)
(1016417,1016500)
(1016417,1016506)
(1016417,1016512)
(1016417,1016524)
(1016417,1016530)
(1016417,1016533)
(1016417,1016536)
(1016417,1016539)
(1016417,1016543)
(1016422,1016428)
(1016422,1016433)
(1016422,1016442)
(1016422,1016448)
(1016422,1016453)
(1016422,1016459)
(1016422,1016468)
(1016422,1016469)
(1016422,1016472)
(1016422,1016477)
(1016422,1016480)
(1016422,1016483)
(1016422,1016485)
(1016422,1016488)
(1016422,1016492)
(1016422,1016495)
(1016422,1016500)
(1016422,1016506)
(1016422,1016512)
(1016422,1016524)
(1016422,1016530)
(1016422,1016533)
(1016422,1016536)
(1016422,1016539)
(1016422,1016543)
(1016428,1016433)
(1016428,1016442)
(1016428,1016448)
(1016428,1016453)
(1016428,1016459)
(1016428,1016468)
(1016428,1016469)
(1016428,1016472)
(1016428,1016477)
(1016428,1016480)
(1016428,1016483)
(1016428,1016485)
(1016428,1016488)
(1016428,1016492)
(1016428,1016495)
(1016428,1016500)
(1016428,1016506)
(1016428,1016512)
(1016428,1016524)
(1016428,1016530)
(1016428,1016533)
(1016428,1016536)
(1016428,1016539)
(1016428,1016543)
(1016433,1016442)
(1016433,1016448)
(1016433,1016453)
(1016433,1016459)
(1016433,1016468)
(1016433,1016469)
(1016433,1016472)
(1016433,1016477)
(1016433,1016480)
(1016433,1016483)
(1016433,1016485)
(1016433,1016488)
(1016433,1016492)
(1016433,1016495)
(1016433,1016500)
(1016433,1016506)
(1016433,1016512)
(1016433,1016524)
(1016433,1016530)
(1016433,1016533)
(1016433,1016536)
(1016433,1016539)
(1016433,1016543)
(1016442,1016448)
(1016442,1016453)
(1016442,1016459)
(1016442,1016468)
(1016442,1016469)
(1016442,1016472)
(1016442,1016477)
(1016442,1016480)
(1016442,1016483)
(1016442,1016485)
(1016442,1016488)
(1016442,1016492)
(1016442,1016495)
(1016442,1016500)
(1016442,1016506)
(1016442,1016512)
(1016442,1016524)
(1016442,1016530)
(1016442,1016533)
(1016442,1016536)
(1016442,1016539)
(1016442,1016543)
(1016448,1016453)
(1016448,1016459)
(1016448,1016468)
(1016448,1016469)
(1016448,1016472)
(1016448,1016477)
(1016448,1016480)
(1016448,1016483)
(1016448,1016485)
(1016448,1016488)
(1016448,1016492)
(1016448,1016495)
(1016448,1016500)
(1016448,1016506)
(1016448,1016512)
(1016448,1016524)
(1016448,1016530)
(1016448,1016533)
(1016448,1016536)
(1016448,1016539)
(1016448,1016543)
(1016453,1016459)
(1016453,1016468)
(1016453,1016469)
(1016453,1016472)
(1016453,1016477)
(1016453,1016480)
(1016453,1016483)
(1016453,1016485)
(1016453,1016488)
(1016453,1016492)
(1016453,1016495)
(1016453,1016500)
(1016453,1016506)
(1016453,1016512)
(1016453,1016524)
(1016453,1016530)
(1016453,1016533)
(1016453,1016536)
(1016453,1016539)
(1016453,1016543)
(1016459,1016468)
(1016459,1016469)
(1016459,1016472)
(1016459,1016477)
(1016459,1016480)
(1016459,1016483)
(1016459,1016485)
(1016459,1016488)
(1016459,1016492)
(1016459,1016495)
(1016459,1016500)
(1016459,1016506)
(1016459,1016512)
(1016459,1016524)
(1016459,1016530)
(1016459,1016533)
(1016459,1016536)
(1016459,1016539)
(1016459,1016543)
(1016468,1016469)
(1016468,1016472)
(1016468,1016477)
(1016468,1016480)
(1016468,1016483)
(1016468,1016485)
(1016468,1016488)
(1016468,1016492)
(1016468,1016495)
(1016468,1016500)
(1016468,1016506)
(1016468,1016512)
(1016468,1016524)
(1016468,1016530)
(1016468,1016533)
(1016468,1016536)
(1016468,1016539)
(1016468,1016543)
(1016469,1016472)
(1016469,1016477)
(1016469,1016480)
(1016469,1016483)
(1016469,1016485)
(1016469,1016488)
(1016469,1016492)
(1016469,1016495)
(1016469,1016500)
(1016469,1016506)
(1016469,1016512)
(1016469,1016524)
(1016469,1016530)
(1016469,1016533)
(1016469,1016536)
(1016469,1016539)
(1016469,1016543)
(1016472,1016477)
(1016472,1016480)
(1016472,1016483)
(1016472,1016485)
(1016472,1016488)
(1016472,1016492)
(1016472,1016495)
(1016472,1016500)
(1016472,1016506)
(1016472,1016512)
(1016472,1016524)
(1016472,1016530)
(1016472,1016533)
(1016472,1016536)
(1016472,1016539)
(1016472,1016543)
(1016477,1016480)
(1016477,1016483)
(1016477,1016485)
(1016477,1016488)
(1016477,1016492)
(1016477,1016495)
(1016477,1016500)
(1016477,1016506)
(1016477,1016512)
(1016477,1016524)
(1016477,1016530)
(1016477,1016533)
(1016477,1016536)
(1016477,1016539)
(1016477,1016543)
(1016480,1016483)
(1016480,1016485)
(1016480,1016488)
(1016480,1016492)
(1016480,1016495)
(1016480,1016500)
(1016480,1016506)
(1016480,1016512)
(1016480,1016524)
(1016480,1016530)
(1016480,1016533)
(1016480,1016536)
(1016480,1016539)
(1016480,1016543)
(1016483,1016485)
(1016483,1016488)
(1016483,1016492)
(1016483,1016495)
(1016483,1016500)
(1016483,1016506)
(1016483,1016512)
(1016483,1016524)
(1016483,1016530)
(1016483,1016533)
(1016483,1016536)
(1016483,1016539)
(1016483,1016543)
(1016485,1016488)
(1016485,1016492)
(1016485,1016495)
(1016485,1016500)
(1016485,1016506)
(1016485,1016512)
(1016485,1016524)
(1016485,1016530)
(1016485,1016533)
(1016485,1016536)
(1016485,1016539)
(1016485,1016543)
(1016488,1016492)
(1016488,1016495)
(1016488,1016500)
(1016488,1016506)
(1016488,1016512)
(1016488,1016524)
(1016488,1016530)
(1016488,1016533)
(1016488,1016536)
(1016488,1016539)
(1016488,1016543)
(1016492,1016495)
(1016492,1016500)
(1016492,1016506)
(1016492,1016512)
(1016492,1016524)
(1016492,1016530)
(1016492,1016533)
(1016492,1016536)
(1016492,1016539)
(1016492,1016543)
(1016495,1016500)
(1016495,1016506)
(1016495,1016512)
(1016495,1016524)
(1016495,1016530)
(1016495,1016533)
(1016495,1016536)
(1016495,1016539)
(1016495,1016543)
(1016500,1016506)
(1016500,1016512)
(1016500,1016524)
(1016500,1016530)
(1016500,1016533)
(1016500,1016536)
(1016500,1016539)
(1016500,1016543)
(1016506,1016512)
(1016506,1016524)
(1016506,1016530)
(1016506,1016533)
(1016506,1016536)
(1016506,1016539)
(1016506,1016543)
(1016512,1016524)
(1016512,1016530)
(1016512,1016533)
(1016512,1016536)
(1016512,1016539)
(1016512,1016543)
(1016524,1016530)
(1016524,1016533)
(1016524,1016536)
(1016524,1016539)
(1016524,1016543)
(1016530,1016533)
(1016530,1016536)
(1016530,1016539)
(1016530,1016543)
(1016533,1016536)
(1016533,1016539)
(1016533,1016543)
(1016536,1016539)
(1016536,1016543)
(1016539,1016543)
(524294,524731)
(524294,1017293)
(524294,1017300)
(524294,1017314)
(524294,1017326)
(524294,1017333)
(524294,1017342)
(524294,1017359)
(524294,1017366)
(524294,1017373)
(524294,1017377)
(524731,1017293)
(524731,1017300)
(524731,1017314)
(524731,1017326)
(524731,1017333)
(524731,1017342)
(524731,1017359)
(524731,1017366)
(524731,1017373)
(524731,1017377)
(1017293,1017300)
(1017293,1017314)
(1017293,1017326)
(1017293,1017333)
(1017293,1017342)
(1017293,1017359)
(1017293,1017366)
(1017293,1017373)
(1017293,1017377)
(1017300,1017314)
(1017300,1017326)
(1017300,1017333)
(1017300,1017342)
(1017300,1017359)
(1017300,1017366)
(1017300,1017373)
(1017300,1017377)
(1017314,1017326)
(1017314,1017333)
(1017314,1017342)
(1017314,1017359)
(1017314,1017366)
(1017314,1017373)
(1017314,1017377)
(1017326,1017333)
(1017326,1017342)
(1017326,1017359)
(1017326,1017366)
(1017326,1017373)
(1017326,1017377)
(1017333,1017342)
(1017333,1017359)
(1017333,1017366)
(1017333,1017373)
(1017333,1017377)
(1017342,1017359)
(1017342,1017366)
(1017342,1017373)
(1017342,1017377)
(1017359,1017366)
(1017359,1017373)
(1017359,1017377)
(1017366,1017373)
(1017366,1017377)
(1017373,1017377)
(678593,678660)
(678593,678727)
(678593,914443)
(678593,914491)
(678593,914526)
(678593,914573)
(678593,914580)
(678593,1017384)
(678593,1017392)
(678593,1017397)
(678593,1017404)
(678593,1017408)
(678593,1017412)
(678593,1017418)
(678593,1017423)
(678593,1017432)
(678593,1017438)
(678660,678727)
(678660,914443)
(678660,914491)
(678660,914526)
(678660,914573)
(678660,914580)
(678660,1017384)
(678660,1017392)
(678660,1017397)
(678660,1017404)
(678660,1017408)
(678660,1017412)
(678660,1017418)
(678660,1017423)
(678660,1017432)
(678660,1017438)
(678727,914443)
(678727,914491)
(678727,914526)
(678727,914573)
(678727,914580)
(678727,1017384)
(678727,1017392)
(678727,1017397)
(678727,1017404)
(678727,1017408)
(678727,1017412)
(678727,1017418)
(678727,1017423)
(678727,1017432)
(678727,1017438)
(914443,914491)
(914443,914526)
(914443,914573)
(914443,914580)
(914443,1017384)
(914443,1017392)
(914443,1017397)
(914443,1017404)
(914443,1017408)
(914443,1017412)
(914443,1017418)
(914443,1017423)
(914443,1017432)
(914443,1017438)
(914491,914526)
(914491,914573)
(914491,914580)
(914491,1017384)
(914491,1017392)
(914491,1017397)
(914491,1017404)
(914491,1017408)
(914491,1017412)
(914491,1017418)
(914491,1017423)
(914491,1017432)
(914491,1017438)
(914526,914573)
(914526,914580)
(914526,1017384)
(914526,1017392)
(914526,1017397)
(914526,1017404)
(914526,1017408)
(914526,1017412)
(914526,1017418)
(914526,1017423)
(914526,1017432)
(914526,1017438)
(914573,914580)
(914573,1017384)
(914573,1017392)
(914573,1017397)
(914573,1017404)
(914573,1017408)
(914573,1017412)
(914573,1017418)
(914573,1017423)
(914573,1017432)
(914573,1017438)
(914580,1017384)
(914580,1017392)
(914580,1017397)
(914580,1017404)
(914580,1017408)
(914580,1017412)
(914580,1017418)
(914580,1017423)
(914580,1017432)
(914580,1017438)
(1017384,1017392)
(1017384,1017397)
(1017384,1017404)
(1017384,1017408)
(1017384,1017412)
(1017384,1017418)
(1017384,1017423)
(1017384,1017432)
(1017384,1017438)
(1017392,1017397)
(1017392,1017404)
(1017392,1017408)
(1017392,1017412)
(1017392,1017418)
(1017392,1017423)
(1017392,1017432)
(1017392,1017438)
(1017397,1017404)
(1017397,1017408)
(1017397,1017412)
(1017397,1017418)
(1017397,1017423)
(1017397,1017432)
(1017397,1017438)
(1017404,1017408)
(1017404,1017412)
(1017404,1017418)
(1017404,1017423)
(1017404,1017432)
(1017404,1017438)
(1017408,1017412)
(1017408,1017418)
(1017408,1017423)
(1017408,1017432)
(1017408,1017438)
(1017412,1017418)
(1017412,1017423)
(1017412,1017432)
(1017412,1017438)
(1017418,1017423)
(1017418,1017432)
(1017418,1017438)
(1017423,1017432)
(1017423,1017438)
(1017432,1017438)
(1016544,1016549)
(1016582,1016586)
(1016582,1016593)
(1016582,1016598)
(1016582,1016601)
(1016582,1016606)
(1016582,1016608)
(1016582,1016614)
(1016582,1016615)
(1016582,1016619)
(1016582,1016621)
(1016582,1016623)
(1016582,1016629)
(1016582,1016630)
(1016586,1016593)
(1016586,1016598)
(1016586,1016601)
(1016586,1016606)
(1016586,1016608)
(1016586,1016614)
(1016586,1016615)
(1016586,1016619)
(1016586,1016621)
(1016586,1016623)
(1016586,1016629)
(1016586,1016630)
(1016593,1016598)
(1016593,1016601)
(1016593,1016606)
(1016593,1016608)
(1016593,1016614)
(1016593,1016615)
(1016593,1016619)
(1016593,1016621)
(1016593,1016623)
(1016593,1016629)
(1016593,1016630)
(1016598,1016601)
(1016598,1016606)
(1016598,1016608)
(1016598,1016614)
(1016598,1016615)
(1016598,1016619)
(1016598,1016621)
(1016598,1016623)
(1016598,1016629)
(1016598,1016630)
(1016601,1016606)
(1016601,1016608)
(1016601,1016614)
(1016601,1016615)
(1016601,1016619)
(1016601,1016621)
(1016601,1016623)
(1016601,1016629)
(1016601,1016630)
(1016606,1016608)
(1016606,1016614)
(1016606,1016615)
(1016606,1016619)
(1016606,1016621)
(1016606,1016623)
(1016606,1016629)
(1016606,1016630)
(1016608,1016614)
(1016608,1016615)
(1016608,1016619)
(1016608,1016621)
(1016608,1016623)
(1016608,1016629)
(1016608,1016630)
(1016614,1016615)
(1016614,1016619)
(1016614,1016621)
(1016614,1016623)
(1016614,1016629)
(1016614,1016630)
(1016615,1016619)
(1016615,1016621)
(1016615,1016623)
(1016615,1016629)
(1016615,1016630)
(1016619,1016621)
(1016619,1016623)
(1016619,1016629)
(1016619,1016630)
(1016621,1016623)
(1016621,1016629)
(1016621,1016630)
(1016623,1016629)
(1016623,1016630)
(1016629,1016630)
(1016634,1016637)
(1016634,1016642)
(1016634,1016644)
(1016634,1016646)
(1016634,1016650)
(1016634,1016653)
(1016634,1016655)
(1016634,1016657)
(1016634,1016661)
(1016634,1016663)
(1016634,1016667)
(1016634,1016673)
(1016634,1016677)
(1016634,1016685)
(1016634,1016687)
(1016634,1016694)
(1016634,1016698)
(1016634,1016701)
(1016634,1016704)
(1016634,1016706)
(1016634,1016711)
(1016634,1016714)
(1016634,1016721)
(1016634,1016724)
(1016634,1016731)
(1016634,1016733)
(1016634,1016736)
(1016634,1016739)
(1016634,1016744)
(1016634,1016748)
(1016634,1016750)
(1016634,1016754)
(1016634,1016757)
(1016634,1016762)
(1016634,1016765)
(1016634,1016769)
(1016634,1016772)
(1016634,1016777)
(1016634,1016779)
(1016634,1016784)
(1016634,1016787)
(1016634,1016790)
(1016634,1016795)
(1016634,1016797)
(1016634,1016801)
(1016634,1016806)
(1016634,1016811)
(1016634,1016813)
(1016634,1016816)
(1016634,1016820)
(1016634,1016824)
(1016634,1016828)
(1016634,1016831)
(1016634,1016835)
(1016634,1016839)
(1016634,1016845)
(1016634,1016850)
(1016634,1016853)
(1016634,1016856)
(1016634,1016861)
(1016637,1016642)
(1016637,1016644)
(1016637,1016646)
(1016637,1016650)
(1016637,1016653)
(1016637,1016655)
(1016637,1016657)
(1016637,1016661)
(1016637,1016663)
(1016637,1016667)
(1016637,1016673)
(1016637,1016677)
(1016637,1016685)
(1016637,1016687)
(1016637,1016694)
(1016637,1016698)
(1016637,1016701)
(1016637,1016704)
(1016637,1016706)
(1016637,1016711)
(1016637,1016714)
(1016637,1016721)
(1016637,1016724)
(1016637,1016731)
(1016637,1016733)
(1016637,1016736)
(1016637,1016739)
(1016637,1016744)
(1016637,1016748)
(1016637,1016750)
(1016637,1016754)
(1016637,1016757)
(1016637,1016762)
(1016637,1016765)
(1016637,1016769)
(1016637,1016772)
(1016637,1016777)
(1016637,1016779)
(1016637,1016784)
(1016637,1016787)
(1016637,1016790)
(1016637,1016795)
(1016637,1016797)
(1016637,1016801)
(1016637,1016806)
(1016637,1016811)
(1016637,1016813)
(1016637,1016816)
(1016637,1016820)
(1016637,1016824)
(1016637,1016828)
(1016637,1016831)
(1016637,1016835)
(1016637,1016839)
(1016637,1016845)
(1016637,1016850)
(1016637,1016853)
(1016637,1016856)
(1016637,1016861)
(1016642,1016644)
(1016642,1016646)
(1016642,1016650)
(1016642,1016653)
(1016642,1016655)
(1016642,1016657)
(1016642,1016661)
(1016642,1016663)
(1016642,1016667)
(1016642,1016673)
(1016642,1016677)
(1016642,1016685)
(1016642,1016687)
(1016642,1016694)
(1016642,1016698)
(1016642,1016701)
(1016642,1016704)
(1016642,1016706)
(1016642,1016711)
(1016642,1016714)
(1016642,1016721)
(1016642,1016724)
(1016642,1016731)
(1016642,1016733)
(1016642,1016736)
(1016642,1016739)
(1016642,1016744)
(1016642,1016748)
(1016642,1016750)
(1016642,1016754)
(1016642,1016757)
(1016642,1016762)
(1016642,1016765)
(1016642,1016769)
(1016642,1016772)
(1016642,1016777)
(1016642,1016779)
(1016642,1016784)
(1016642,1016787)
(1016642,1016790)
(1016642,1016795)
(1016642,1016797)
(1016642,1016801)
(1016642,1016806)
(1016642,1016811)
(1016642,1016813)
(1016642,1016816)
(1016642,1016820)
(1016642,1016824)
(1016642,1016828)
(1016642,1016831)
(1016642,1016835)
(1016642,1016839)
(1016642,1016845)
(1016642,1016850)
(1016642,1016853)
(1016642,1016856)
(1016642,1016861)
(1016644,1016646)
(1016644,1016650)
(1016644,1016653)
(1016644,1016655)
(1016644,1016657)
(1016644,1016661)
(1016644,1016663)
(1016644,1016667)
(1016644,1016673)
(1016644,1016677)
(1016644,1016685)
(1016644,1016687)
(1016644,1016694)
(1016644,1016698)
(1016644,1016701)
(1016644,1016704)
(1016644,1016706)
(1016644,1016711)
(1016644,1016714)
(1016644,1016721)
(1016644,1016724)
(1016644,1016731)
(1016644,1016733)
(1016644,1016736)
(1016644,1016739)
(1016644,1016744)
(1016644,1016748)
(1016644,1016750)
(1016644,1016754)
(1016644,1016757)
(1016644,1016762)
(1016644,1016765)
(1016644,1016769)
(1016644,1016772)
(1016644,1016777)
(1016644,1016779)
(1016644,1016784)
(1016644,1016787)
(1016644,1016790)
(1016644,1016795)
(1016644,1016797)
(1016644,1016801)
(1016644,1016806)
(1016644,1016811)
(1016644,1016813)
(1016644,1016816)
(1016644,1016820)
(1016644,1016824)
(1016644,1016828)
(1016644,1016831)
(1016644,1016835)
(1016644,1016839)
(1016644,1016845)
(1016644,1016850)
(1016644,1016853)
(1016644,1016856)
(1016644,1016861)
(1016646,1016650)
(1016646,1016653)
(1016646,1016655)
(1016646,1016657)
(1016646,1016661)
(1016646,1016663)
(1016646,1016667)
(1016646,1016673)
(1016646,1016677)
(1016646,1016685)
(1016646,1016687)
(1016646,1016694)
(1016646,1016698)
(1016646,1016701)
(1016646,1016704)
(1016646,1016706)
(1016646,1016711)
(1016646,1016714)
(1016646,1016721)
(1016646,1016724)
(1016646,1016731)
(1016646,1016733)
(1016646,1016736)
(1016646,1016739)
(1016646,1016744)
(1016646,1016748)
(1016646,1016750)
(1016646,1016754)
(1016646,1016757)
(1016646,1016762)
(1016646,1016765)
(1016646,1016769)
(1016646,1016772)
(1016646,1016777)
(1016646,1016779)
(1016646,1016784)
(1016646,1016787)
(1016646,1016790)
(1016646,1016795)
(1016646,1016797)
(1016646,1016801)
(1016646,1016806)
(1016646,1016811)
(1016646,1016813)
(1016646,1016816)
(1016646,1016820)
(1016646,1016824)
(1016646,1016828)
(1016646,1016831)
(1016646,1016835)
(1016646,1016839)
(1016646,1016845)
(1016646,1016850)
(1016646,1016853)
(1016646,1016856)
(1016646,1016861)
(1016650,1016653)
(1016650,1016655)
(1016650,1016657)
(1016650,1016661)
(1016650,1016663)
(1016650,1016667)
(1016650,1016673)
(1016650,1016677)
(1016650,1016685)
(1016650,1016687)
(1016650,1016694)
(1016650,1016698)
(1016650,1016701)
(1016650,1016704)
(1016650,1016706)
(1016650,1016711)
(1016650,1016714)
(1016650,1016721)
(1016650,1016724)
(1016650,1016731)
(1016650,1016733)
(1016650,1016736)
(1016650,1016739)
(1016650,1016744)
(1016650,1016748)
(1016650,1016750)
(1016650,1016754)
(1016650,1016757)
(1016650,1016762)
(1016650,1016765)
(1016650,1016769)
(1016650,1016772)
(1016650,1016777)
(1016650,1016779)
(1016650,1016784)
(1016650,1016787)
(1016650,1016790)
(1016650,1016795)
(1016650,1016797)
(1016650,1016801)
(1016650,1016806)
(1016650,1016811)
(1016650,1016813)
(1016650,1016816)
(1016650,1016820)
(1016650,1016824)
(1016650,1016828)
(1016650,1016831)
(1016650,1016835)
(1016650,1016839)
(1016650,1016845)
(1016650,1016850)
(1016650,1016853)
(1016650,1016856)
(1016650,1016861)
(1016653,1016655)
(1016653,1016657)
(1016653,1016661)
(1016653,1016663)
(1016653,1016667)
(1016653,1016673)
(1016653,1016677)
(1016653,1016685)
(1016653,1016687)
(1016653,1016694)
(1016653,1016698)
(1016653,1016701)
(1016653,1016704)
(1016653,1016706)
(1016653,1016711)
(1016653,1016714)
(1016653,1016721)
(1016653,1016724)
(1016653,1016731)
(1016653,1016733)
(1016653,1016736)
(1016653,1016739)
(1016653,1016744)
(1016653,1016748)
(1016653,1016750)
(1016653,1016754)
(1016653,1016757)
(1016653,1016762)
(1016653,1016765)
(1016653,1016769)
(1016653,1016772)
(1016653,1016777)
(1016653,1016779)
(1016653,1016784)
(1016653,1016787)
(1016653,1016790)
(1016653,1016795)
(1016653,1016797)
(1016653,1016801)
(1016653,1016806)
(1016653,1016811)
(1016653,1016813)
(1016653,1016816)
(1016653,1016820)
(1016653,1016824)
(1016653,1016828)
(1016653,1016831)
(1016653,1016835)
(1016653,1016839)
(1016653,1016845)
(1016653,1016850)
(1016653,1016853)
(1016653,1016856)
(1016653,1016861)
(1016655,1016657)
(1016655,1016661)
(1016655,1016663)
(1016655,1016667)
(1016655,1016673)
(1016655,1016677)
(1016655,1016685)
(1016655,1016687)
(1016655,1016694)
(1016655,1016698)
(1016655,1016701)
(1016655,1016704)
(1016655,1016706)
(1016655,1016711)
(1016655,1016714)
(1016655,1016721)
(1016655,1016724)
(1016655,1016731)
(1016655,1016733)
(1016655,1016736)
(1016655,1016739)
(1016655,1016744)
(1016655,1016748)
(1016655,1016750)
(1016655,1016754)
(1016655,1016757)
(1016655,1016762)
(1016655,1016765)
(1016655,1016769)
(1016655,1016772)
(1016655,1016777)
(1016655,1016779)
(1016655,1016784)
(1016655,1016787)
(1016655,1016790)
(1016655,1016795)
(1016655,1016797)
(1016655,1016801)
(1016655,1016806)
(1016655,1016811)
(1016655,1016813)
(1016655,1016816)
(1016655,1016820)
(1016655,1016824)
(1016655,1016828)
(1016655,1016831)
(1016655,1016835)
(1016655,1016839)
(1016655,1016845)
(1016655,1016850)
(1016655,1016853)
(1016655,1016856)
(1016655,1016861)
(1016657,1016661)
(1016657,1016663)
(1016657,1016667)
(1016657,1016673)
(1016657,1016677)
(1016657,1016685)
(1016657,1016687)
(1016657,1016694)
(1016657,1016698)
(1016657,1016701)
(1016657,1016704)
(1016657,1016706)
(1016657,1016711)
(1016657,1016714)
(1016657,1016721)
(1016657,1016724)
(1016657,1016731)
(1016657,1016733)
(1016657,1016736)
(1016657,1016739)
(1016657,1016744)
(1016657,1016748)
(1016657,1016750)
(1016657,1016754)
(1016657,1016757)
(1016657,1016762)
(1016657,1016765)
(1016657,1016769)
(1016657,1016772)
(1016657,1016777)
(1016657,1016779)
(1016657,1016784)
(1016657,1016787)
(1016657,1016790)
(1016657,1016795)
(1016657,1016797)
(1016657,1016801)
(1016657,1016806)
(1016657,1016811)
(1016657,1016813)
(1016657,1016816)
(1016657,1016820)
(1016657,1016824)
(1016657,1016828)
(1016657,1016831)
(1016657,1016835)
(1016657,1016839)
(1016657,1016845)
(1016657,1016850)
(1016657,1016853)
(1016657,1016856)
(1016657,1016861)
(1016661,1016663)
(1016661,1016667)
(1016661,1016673)
(1016661,1016677)
(1016661,1016685)
(1016661,1016687)
(1016661,1016694)
(1016661,1016698)
(1016661,1016701)
(1016661,1016704)
(1016661,1016706)
(1016661,1016711)
(1016661,1016714)
(1016661,1016721)
(1016661,1016724)
(1016661,1016731)
(1016661,1016733)
(1016661,1016736)
(1016661,1016739)
(1016661,1016744)
(1016661,1016748)
(1016661,1016750)
(1016661,1016754)
(1016661,1016757)
(1016661,1016762)
(1016661,1016765)
(1016661,1016769)
(1016661,1016772)
(1016661,1016777)
(1016661,1016779)
(1016661,1016784)
(1016661,1016787)
(1016661,1016790)
(1016661,1016795)
(1016661,1016797)
(1016661,1016801)
(1016661,1016806)
(1016661,1016811)
(1016661,1016813)
(1016661,1016816)
(1016661,1016820)
(1016661,1016824)
(1016661,1016828)
(1016661,1016831)
(1016661,1016835)
(1016661,1016839)
(1016661,1016845)
(1016661,1016850)
(1016661,1016853)
(1016661,1016856)
(1016661,1016861)
(1016663,1016667)
(1016663,1016673)
(1016663,1016677)
(1016663,1016685)
(1016663,1016687)
(1016663,1016694)
(1016663,1016698)
(1016663,1016701)
(1016663,1016704)
(1016663,1016706)
(1016663,1016711)
(1016663,1016714)
(1016663,1016721)
(1016663,1016724)
(1016663,1016731)
(1016663,1016733)
(1016663,1016736)
(1016663,1016739)
(1016663,1016744)
(1016663,1016748)
(1016663,1016750)
(1016663,1016754)
(1016663,1016757)
(1016663,1016762)
(1016663,1016765)
(1016663,1016769)
(1016663,1016772)
(1016663,1016777)
(1016663,1016779)
(1016663,1016784)
(1016663,1016787)
(1016663,1016790)
(1016663,1016795)
(1016663,1016797)
(1016663,1016801)
(1016663,1016806)
(1016663,1016811)
(1016663,1016813)
(1016663,1016816)
(1016663,1016820)
(1016663,1016824)
(1016663,1016828)
(1016663,1016831)
(1016663,1016835)
(1016663,1016839)
(1016663,1016845)
(1016663,1016850)
(1016663,1016853)
(1016663,1016856)
(1016663,1016861)
(1016667,1016673)
(1016667,1016677)
(1016667,1016685)
(1016667,1016687)
(1016667,1016694)
(1016667,1016698)
(1016667,1016701)
(1016667,1016704)
(1016667,1016706)
(1016667,1016711)
(1016667,1016714)
(1016667,1016721)
(1016667,1016724)
(1016667,1016731)
(1016667,1016733)
(1016667,1016736)
(1016667,1016739)
(1016667,1016744)
(1016667,1016748)
(1016667,1016750)
(1016667,1016754)
(1016667,1016757)
(1016667,1016762)
(1016667,1016765)
(1016667,1016769)
(1016667,1016772)
(1016667,1016777)
(1016667,1016779)
(1016667,1016784)
(1016667,1016787)
(1016667,1016790)
(1016667,1016795)
(1016667,1016797)
(1016667,1016801)
(1016667,1016806)
(1016667,1016811)
(1016667,1016813)
(1016667,1016816)
(1016667,1016820)
(1016667,1016824)
(1016667,1016828)
(1016667,1016831)
(1016667,1016835)
(1016667,1016839)
(1016667,1016845)
(1016667,1016850)
(1016667,1016853)
(1016667,1016856)
(1016667,1016861)
(1016673,1016677)
(1016673,1016685)
(1016673,1016687)
(1016673,1016694)
(1016673,1016698)
(1016673,1016701)
(1016673,1016704)
(1016673,1016706)
(1016673,1016711)
(1016673,1016714)
(1016673,1016721)
(1016673,1016724)
(1016673,1016731)
(1016673,1016733)
(1016673,1016736)
(1016673,1016739)
(1016673,1016744)
(1016673,1016748)
(1016673,1016750)
(1016673,1016754)
(1016673,1016757)
(1016673,1016762)
(1016673,1016765)
(1016673,1016769)
(1016673,1016772)
(1016673,1016777)
(1016673,1016779)
(1016673,1016784)
(1016673,1016787)
(1016673,1016790)
(1016673,1016795)
(1016673,1016797)
(1016673,1016801)
(1016673,1016806)
(1016673,1016811)
(1016673,1016813)
(1016673,1016816)
(1016673,1016820)
(1016673,1016824)
(1016673,1016828)
(1016673,1016831)
(1016673,1016835)
(1016673,1016839)
(1016673,1016845)
(1016673,1016850)
(1016673,1016853)
(1016673,1016856)
(1016673,1016861)
(1016677,1016685)
(1016677,1016687)
(1016677,1016694)
(1016677,1016698)
(1016677,1016701)
(1016677,1016704)
(1016677,1016706)
(1016677,1016711)
(1016677,1016714)
(1016677,1016721)
(1016677,1016724)
(1016677,1016731)
(1016677,1016733)
(1016677,1016736)
(1016677,1016739)
(1016677,1016744)
(1016677,1016748)
(1016677,1016750)
(1016677,1016754)
(1016677,1016757)
(1016677,1016762)
(1016677,1016765)
(1016677,1016769)
(1016677,1016772)
(1016677,1016777)
(1016677,1016779)
(1016677,1016784)
(1016677,1016787)
(1016677,1016790)
(1016677,1016795)
(1016677,1016797)
(1016677,1016801)
(1016677,1016806)
(1016677,1016811)
(1016677,1016813)
(1016677,1016816)
(1016677,1016820)
(1016677,1016824)
(1016677,1016828)
(1016677,1016831)
(1016677,1016835)
(1016677,1016839)
(1016677,1016845)
(1016677,1016850)
(1016677,1016853)
(1016677,1016856)
(1016677,1016861)
(1016685,1016687)
(1016685,1016694)
(1016685,1016698)
(1016685,1016701)
(1016685,1016704)
(1016685,1016706)
(1016685,1016711)
(1016685,1016714)
(1016685,1016721)
(1016685,1016724)
(1016685,1016731)
(1016685,1016733)
(1016685,1016736)
(1016685,1016739)
(1016685,1016744)
(1016685,1016748)
(1016685,1016750)
(1016685,1016754)
(1016685,1016757)
(1016685,1016762)
(1016685,1016765)
(1016685,1016769)
(1016685,1016772)
(1016685,1016777)
(1016685,1016779)
(1016685,1016784)
(1016685,1016787)
(1016685,1016790)
(1016685,1016795)
(1016685,1016797)
(1016685,1016801)
(1016685,1016806)
(1016685,1016811)
(1016685,1016813)
(1016685,1016816)
(1016685,1016820)
(1016685,1016824)
(1016685,1016828)
(1016685,1016831)
(1016685,1016835)
(1016685,1016839)
(1016685,1016845)
(1016685,1016850)
(1016685,1016853)
(1016685,1016856)
(1016685,1016861)
(1016687,1016694)
(1016687,1016698)
(1016687,1016701)
(1016687,1016704)
(1016687,1016706)
(1016687,1016711)
(1016687,1016714)
(1016687,1016721)
(1016687,1016724)
(1016687,1016731)
(1016687,1016733)
(1016687,1016736)
(1016687,1016739)
(1016687,1016744)
(1016687,1016748)
(1016687,1016750)
(1016687,1016754)
(1016687,1016757)
(1016687,1016762)
(1016687,1016765)
(1016687,1016769)
(1016687,1016772)
(1016687,1016777)
(1016687,1016779)
(1016687,1016784)
(1016687,1016787)
(1016687,1016790)
(1016687,1016795)
(1016687,1016797)
(1016687,1016801)
(1016687,1016806)
(1016687,1016811)
(1016687,1016813)
(1016687,1016816)
(1016687,1016820)
(1016687,1016824)
(1016687,1016828)
(1016687,1016831)
(1016687,1016835)
(1016687,1016839)
(1016687,1016845)
(1016687,1016850)
(1016687,1016853)
(1016687,1016856)
(1016687,1016861)
(1016694,1016698)
(1016694,1016701)
(1016694,1016704)
(1016694,1016706)
(1016694,1016711)
(1016694,1016714)
(1016694,1016721)
(1016694,1016724)
(1016694,1016731)
(1016694,1016733)
(1016694,1016736)
(1016694,1016739)
(1016694,1016744)
(1016694,1016748)
(1016694,1016750)
(1016694,1016754)
(1016694,1016757)
(1016694,1016762)
(1016694,1016765)
(1016694,1016769)
(1016694,1016772)
(1016694,1016777)
(1016694,1016779)
(1016694,1016784)
(1016694,1016787)
(1016694,1016790)
(1016694,1016795)
(1016694,1016797)
(1016694,1016801)
(1016694,1016806)
(1016694,1016811)
(1016694,1016813)
(1016694,1016816)
(1016694,1016820)
(1016694,1016824)
(1016694,1016828)
(1016694,1016831)
(1016694,1016835)
(1016694,1016839)
(1016694,1016845)
(1016694,1016850)
(1016694,1016853)
(1016694,1016856)
(1016694,1016861)
(1016698,1016701)
(1016698,1016704)
(1016698,1016706)
(1016698,1016711)
(1016698,1016714)
(1016698,1016721)
(1016698,1016724)
(1016698,1016731)
(1016698,1016733)
(1016698,1016736)
(1016698,1016739)
(1016698,1016744)
(1016698,1016748)
(1016698,1016750)
(1016698,1016754)
(1016698,1016757)
(1016698,1016762)
(1016698,1016765)
(1016698,1016769)
(1016698,1016772)
(1016698,1016777)
(1016698,1016779)
(1016698,1016784)
(1016698,1016787)
(1016698,1016790)
(1016698,1016795)
(1016698,1016797)
(1016698,1016801)
(1016698,1016806)
(1016698,1016811)
(1016698,1016813)
(1016698,1016816)
(1016698,1016820)
(1016698,1016824)
(1016698,1016828)
(1016698,1016831)
(1016698,1016835)
(1016698,1016839)
(1016698,1016845)
(1016698,1016850)
(1016698,1016853)
(1016698,1016856)
(1016698,1016861)
(1016701,1016704)
(1016701,1016706)
(1016701,1016711)
(1016701,1016714)
(1016701,1016721)
(1016701,1016724)
(1016701,1016731)
(1016701,1016733)
(1016701,1016736)
(1016701,1016739)
(1016701,1016744)
(1016701,1016748)
(1016701,1016750)
(1016701,1016754)
(1016701,1016757)
(1016701,1016762)
(1016701,1016765)
(1016701,1016769)
(1016701,1016772)
(1016701,1016777)
(1016701,1016779)
(1016701,1016784)
(1016701,1016787)
(1016701,1016790)
(1016701,1016795)
(1016701,1016797)
(1016701,1016801)
(1016701,1016806)
(1016701,1016811)
(1016701,1016813)
(1016701,1016816)
(1016701,1016820)
(1016701,1016824)
(1016701,1016828)
(1016701,1016831)
(1016701,1016835)
(1016701,1016839)
(1016701,1016845)
(1016701,1016850)
(1016701,1016853)
(1016701,1016856)
(1016701,1016861)
(1016704,1016706)
(1016704,1016711)
(1016704,1016714)
(1016704,1016721)
(1016704,1016724)
(1016704,1016731)
(1016704,1016733)
(1016704,1016736)
(1016704,1016739)
(1016704,1016744)
(1016704,1016748)
(1016704,1016750)
(1016704,1016754)
(1016704,1016757)
(1016704,1016762)
(1016704,1016765)
(1016704,1016769)
(1016704,1016772)
(1016704,1016777)
(1016704,1016779)
(1016704,1016784)
(1016704,1016787)
(1016704,1016790)
(1016704,1016795)
(1016704,1016797)
(1016704,1016801)
(1016704,1016806)
(1016704,1016811)
(1016704,1016813)
(1016704,1016816)
(1016704,1016820)
(1016704,1016824)
(1016704,1016828)
(1016704,1016831)
(1016704,1016835)
(1016704,1016839)
(1016704,1016845)
(1016704,1016850)
(1016704,1016853)
(1016704,1016856)
(1016704,1016861)
(1016706,1016711)
(1016706,1016714)
(1016706,1016721)
(1016706,1016724)
(1016706,1016731)
(1016706,1016733)
(1016706,1016736)
(1016706,1016739)
(1016706,1016744)
(1016706,1016748)
(1016706,1016750)
(1016706,1016754)
(1016706,1016757)
(1016706,1016762)
(1016706,1016765)
(1016706,1016769)
(1016706,1016772)
(1016706,1016777)
(1016706,1016779)
(1016706,1016784)
(1016706,1016787)
(1016706,1016790)
(1016706,1016795)
(1016706,1016797)
(1016706,1016801)
(1016706,1016806)
(1016706,1016811)
(1016706,1016813)
(1016706,1016816)
(1016706,1016820)
(1016706,1016824)
(1016706,1016828)
(1016706,1016831)
(1016706,1016835)
(1016706,1016839)
(1016706,1016845)
(1016706,1016850)
(1016706,1016853)
(1016706,1016856)
(1016706,1016861)
(1016711,1016714)
(1016711,1016721)
(1016711,1016724)
(1016711,1016731)
(1016711,1016733)
(1016711,1016736)
(1016711,1016739)
(1016711,1016744)
(1016711,1016748)
(1016711,1016750)
(1016711,1016754)
(1016711,1016757)
(1016711,1016762)
(1016711,1016765)
(1016711,1016769)
(1016711,1016772)
(1016711,1016777)
(1016711,1016779)
(1016711,1016784)
(1016711,1016787)
(1016711,1016790)
(1016711,1016795)
(1016711,1016797)
(1016711,1016801)
(1016711,1016806)
(1016711,1016811)
(1016711,1016813)
(1016711,1016816)
(1016711,1016820)
(1016711,1016824)
(1016711,1016828)
(1016711,1016831)
(1016711,1016835)
(1016711,1016839)
(1016711,1016845)
(1016711,1016850)
(1016711,1016853)
(1016711,1016856)
(1016711,1016861)
(1016714,1016721)
(1016714,1016724)
(1016714,1016731)
(1016714,1016733)
(1016714,1016736)
(1016714,1016739)
(1016714,1016744)
(1016714,1016748)
(1016714,1016750)
(1016714,1016754)
(1016714,1016757)
(1016714,1016762)
(1016714,1016765)
(1016714,1016769)
(1016714,1016772)
(1016714,1016777)
(1016714,1016779)
(1016714,1016784)
(1016714,1016787)
(1016714,1016790)
(1016714,1016795)
(1016714,1016797)
(1016714,1016801)
(1016714,1016806)
(1016714,1016811)
(1016714,1016813)
(1016714,1016816)
(1016714,1016820)
(1016714,1016824)
(1016714,1016828)
(1016714,1016831)
(1016714,1016835)
(1016714,1016839)
(1016714,1016845)
(1016714,1016850)
(1016714,1016853)
(1016714,1016856)
(1016714,1016861)
(1016721,1016724)
(1016721,1016731)
(1016721,1016733)
(1016721,1016736)
(1016721,1016739)
(1016721,1016744)
(1016721,1016748)
(1016721,1016750)
(1016721,1016754)
(1016721,1016757)
(1016721,1016762)
(1016721,1016765)
(1016721,1016769)
(1016721,1016772)
(1016721,1016777)
(1016721,1016779)
(1016721,1016784)
(1016721,1016787)
(1016721,1016790)
(1016721,1016795)
(1016721,1016797)
(1016721,1016801)
(1016721,1016806)
(1016721,1016811)
(1016721,1016813)
(1016721,1016816)
(1016721,1016820)
(1016721,1016824)
(1016721,1016828)
(1016721,1016831)
(1016721,1016835)
(1016721,1016839)
(1016721,1016845)
(1016721,1016850)
(1016721,1016853)
(1016721,1016856)
(1016721,1016861)
(1016724,1016731)
(1016724,1016733)
(1016724,1016736)
(1016724,1016739)
(1016724,1016744)
(1016724,1016748)
(1016724,1016750)
(1016724,1016754)
(1016724,1016757)
(1016724,1016762)
(1016724,1016765)
(1016724,1016769)
(1016724,1016772)
(1016724,1016777)
(1016724,1016779)
(1016724,1016784)
(1016724,1016787)
(1016724,1016790)
(1016724,1016795)
(1016724,1016797)
(1016724,1016801)
(1016724,1016806)
(1016724,1016811)
(1016724,1016813)
(1016724,1016816)
(1016724,1016820)
(1016724,1016824)
(1016724,1016828)
(1016724,1016831)
(1016724,1016835)
(1016724,1016839)
(1016724,1016845)
(1016724,1016850)
(1016724,1016853)
(1016724,1016856)
(1016724,1016861)
(1016731,1016733)
(1016731,1016736)
(1016731,1016739)
(1016731,1016744)
(1016731,1016748)
(1016731,1016750)
(1016731,1016754)
(1016731,1016757)
(1016731,1016762)
(1016731,1016765)
(1016731,1016769)
(1016731,1016772)
(1016731,1016777)
(1016731,1016779)
(1016731,1016784)
(1016731,1016787)
(1016731,1016790)
(1016731,1016795)
(1016731,1016797)
(1016731,1016801)
(1016731,1016806)
(1016731,1016811)
(1016731,1016813)
(1016731,1016816)
(1016731,1016820)
(1016731,1016824)
(1016731,1016828)
(1016731,1016831)
(1016731,1016835)
(1016731,1016839)
(1016731,1016845)
(1016731,1016850)
(1016731,1016853)
(1016731,1016856)
(1016731,1016861)
(1016733,1016736)
(1016733,1016739)
(1016733,1016744)
(1016733,1016748)
(1016733,1016750)
(1016733,1016754)
(1016733,1016757)
(1016733,1016762)
(1016733,1016765)
(1016733,1016769)
(1016733,1016772)
(1016733,1016777)
(1016733,1016779)
(1016733,1016784)
(1016733,1016787)
(1016733,1016790)
(1016733,1016795)
(1016733,1016797)
(1016733,1016801)
(1016733,1016806)
(1016733,1016811)
(1016733,1016813)
(1016733,1016816)
(1016733,1016820)
(1016733,1016824)
(1016733,1016828)
(1016733,1016831)
(1016733,1016835)
(1016733,1016839)
(1016733,1016845)
(1016733,1016850)
(1016733,1016853)
(1016733,1016856)
(1016733,1016861)
(1016736,1016739)
(1016736,1016744)
(1016736,1016748)
(1016736,1016750)
(1016736,1016754)
(1016736,1016757)
(1016736,1016762)
(1016736,1016765)
(1016736,1016769)
(1016736,1016772)
(1016736,1016777)
(1016736,1016779)
(1016736,1016784)
(1016736,1016787)
(1016736,1016790)
(1016736,1016795)
(1016736,1016797)
(1016736,1016801)
(1016736,1016806)
(1016736,1016811)
(1016736,1016813)
(1016736,1016816)
(1016736,1016820)
(1016736,1016824)
(1016736,1016828)
(1016736,1016831)
(1016736,1016835)
(1016736,1016839)
(1016736,1016845)
(1016736,1016850)
(1016736,1016853)
(1016736,1016856)
(1016736,1016861)
(1016739,1016744)
(1016739,1016748)
(1016739,1016750)
(1016739,1016754)
(1016739,1016757)
(1016739,1016762)
(1016739,1016765)
(1016739,1016769)
(1016739,1016772)
(1016739,1016777)
(1016739,1016779)
(1016739,1016784)
(1016739,1016787)
(1016739,1016790)
(1016739,1016795)
(1016739,1016797)
(1016739,1016801)
(1016739,1016806)
(1016739,1016811)
(1016739,1016813)
(1016739,1016816)
(1016739,1016820)
(1016739,1016824)
(1016739,1016828)
(1016739,1016831)
(1016739,1016835)
(1016739,1016839)
(1016739,1016845)
(1016739,1016850)
(1016739,1016853)
(1016739,1016856)
(1016739,1016861)
(1016744,1016748)
(1016744,1016750)
(1016744,1016754)
(1016744,1016757)
(1016744,1016762)
(1016744,1016765)
(1016744,1016769)
(1016744,1016772)
(1016744,1016777)
(1016744,1016779)
(1016744,1016784)
(1016744,1016787)
(1016744,1016790)
(1016744,1016795)
(1016744,1016797)
(1016744,1016801)
(1016744,1016806)
(1016744,1016811)
(1016744,1016813)
(1016744,1016816)
(1016744,1016820)
(1016744,1016824)
(1016744,1016828)
(1016744,1016831)
(1016744,1016835)
(1016744,1016839)
(1016744,1016845)
(1016744,1016850)
(1016744,1016853)
(1016744,1016856)
(1016744,1016861)
(1016748,1016750)
(1016748,1016754)
(1016748,1016757)
(1016748,1016762)
(1016748,1016765)
(1016748,1016769)
(1016748,1016772)
(1016748,1016777)
(1016748,1016779)
(1016748,1016784)
(1016748,1016787)
(1016748,1016790)
(1016748,1016795)
(1016748,1016797)
(1016748,1016801)
(1016748,1016806)
(1016748,1016811)
(1016748,1016813)
(1016748,1016816)
(1016748,1016820)
(1016748,1016824)
(1016748,1016828)
(1016748,1016831)
(1016748,1016835)
(1016748,1016839)
(1016748,1016845)
(1016748,1016850)
(1016748,1016853)
(1016748,1016856)
(1016748,1016861)
(1016750,1016754)
(1016750,1016757)
(1016750,1016762)
(1016750,1016765)
(1016750,1016769)
(1016750,1016772)
(1016750,1016777)
(1016750,1016779)
(1016750,1016784)
(1016750,1016787)
(1016750,1016790)
(1016750,1016795)
(1016750,1016797)
(1016750,1016801)
(1016750,1016806)
(1016750,1016811)
(1016750,1016813)
(1016750,1016816)
(1016750,1016820)
(1016750,1016824)
(1016750,1016828)
(1016750,1016831)
(1016750,1016835)
(1016750,1016839)
(1016750,1016845)
(1016750,1016850)
(1016750,1016853)
(1016750,1016856)
(1016750,1016861)
(1016754,1016757)
(1016754,1016762)
(1016754,1016765)
(1016754,1016769)
(1016754,1016772)
(1016754,1016777)
(1016754,1016779)
(1016754,1016784)
(1016754,1016787)
(1016754,1016790)
(1016754,1016795)
(1016754,1016797)
(1016754,1016801)
(1016754,1016806)
(1016754,1016811)
(1016754,1016813)
(1016754,1016816)
(1016754,1016820)
(1016754,1016824)
(1016754,1016828)
(1016754,1016831)
(1016754,1016835)
(1016754,1016839)
(1016754,1016845)
(1016754,1016850)
(1016754,1016853)
(1016754,1016856)
(1016754,1016861)
(1016757,1016762)
(1016757,1016765)
(1016757,1016769)
(1016757,1016772)
(1016757,1016777)
(1016757,1016779)
(1016757,1016784)
(1016757,1016787)
(1016757,1016790)
(1016757,1016795)
(1016757,1016797)
(1016757,1016801)
(1016757,1016806)
(1016757,1016811)
(1016757,1016813)
(1016757,1016816)
(1016757,1016820)
(1016757,1016824)
(1016757,1016828)
(1016757,1016831)
(1016757,1016835)
(1016757,1016839)
(1016757,1016845)
(1016757,1016850)
(1016757,1016853)
(1016757,1016856)
(1016757,1016861)
(1016762,1016765)
(1016762,1016769)
(1016762,1016772)
(1016762,1016777)
(1016762,1016779)
(1016762,1016784)
(1016762,1016787)
(1016762,1016790)
(1016762,1016795)
(1016762,1016797)
(1016762,1016801)
(1016762,1016806)
(1016762,1016811)
(1016762,1016813)
(1016762,1016816)
(1016762,1016820)
(1016762,1016824)
(1016762,1016828)
(1016762,1016831)
(1016762,1016835)
(1016762,1016839)
(1016762,1016845)
(1016762,1016850)
(1016762,1016853)
(1016762,1016856)
(1016762,1016861)
(1016765,1016769)
(1016765,1016772)
(1016765,1016777)
(1016765,1016779)
(1016765,1016784)
(1016765,1016787)
(1016765,1016790)
(1016765,1016795)
(1016765,1016797)
(1016765,1016801)
(1016765,1016806)
(1016765,1016811)
(1016765,1016813)
(1016765,1016816)
(1016765,1016820)
(1016765,1016824)
(1016765,1016828)
(1016765,1016831)
(1016765,1016835)
(1016765,1016839)
(1016765,1016845)
(1016765,1016850)
(1016765,1016853)
(1016765,1016856)
(1016765,1016861)
(1016769,1016772)
(1016769,1016777)
(1016769,1016779)
(1016769,1016784)
(1016769,1016787)
(1016769,1016790)
(1016769,1016795)
(1016769,1016797)
(1016769,1016801)
(1016769,1016806)
(1016769,1016811)
(1016769,1016813)
(1016769,1016816)
(1016769,1016820)
(1016769,1016824)
(1016769,1016828)
(1016769,1016831)
(1016769,1016835)
(1016769,1016839)
(1016769,1016845)
(1016769,1016850)
(1016769,1016853)
(1016769,1016856)
(1016769,1016861)
(1016772,1016777)
(1016772,1016779)
(1016772,1016784)
(1016772,1016787)
(1016772,1016790)
(1016772,1016795)
(1016772,1016797)
(1016772,1016801)
(1016772,1016806)
(1016772,1016811)
(1016772,1016813)
(1016772,1016816)
(1016772,1016820)
(1016772,1016824)
(1016772,1016828)
(1016772,1016831)
(1016772,1016835)
(1016772,1016839)
(1016772,1016845)
(1016772,1016850)
(1016772,1016853)
(1016772,1016856)
(1016772,1016861)
(1016777,1016779)
(1016777,1016784)
(1016777,1016787)
(1016777,1016790)
(1016777,1016795)
(1016777,1016797)
(1016777,1016801)
(1016777,1016806)
(1016777,1016811)
(1016777,1016813)
(1016777,1016816)
(1016777,1016820)
(1016777,1016824)
(1016777,1016828)
(1016777,1016831)
(1016777,1016835)
(1016777,1016839)
(1016777,1016845)
(1016777,1016850)
(1016777,1016853)
(1016777,1016856)
(1016777,1016861)
(1016779,1016784)
(1016779,1016787)
(1016779,1016790)
(1016779,1016795)
(1016779,1016797)
(1016779,1016801)
(1016779,1016806)
(1016779,1016811)
(1016779,1016813)
(1016779,1016816)
(1016779,1016820)
(1016779,1016824)
(1016779,1016828)
(1016779,1016831)
(1016779,1016835)
(1016779,1016839)
(1016779,1016845)
(1016779,1016850)
(1016779,1016853)
(1016779,1016856)
(1016779,1016861)
(1016784,1016787)
(1016784,1016790)
(1016784,1016795)
(1016784,1016797)
(1016784,1016801)
(1016784,1016806)
(1016784,1016811)
(1016784,1016813)
(1016784,1016816)
(1016784,1016820)
(1016784,1016824)
(1016784,1016828)
(1016784,1016831)
(1016784,1016835)
(1016784,1016839)
(1016784,1016845)
(1016784,1016850)
(1016784,1016853)
(1016784,1016856)
(1016784,1016861)
(1016787,1016790)
(1016787,1016795)
(1016787,1016797)
(1016787,1016801)
(1016787,1016806)
(1016787,1016811)
(1016787,1016813)
(1016787,1016816)
(1016787,1016820)
(1016787,1016824)
(1016787,1016828)
(1016787,1016831)
(1016787,1016835)
(1016787,1016839)
(1016787,1016845)
(1016787,1016850)
(1016787,1016853)
(1016787,1016856)
(1016787,1016861)
(1016790,1016795)
(1016790,1016797)
(1016790,1016801)
(1016790,1016806)
(1016790,1016811)
(1016790,1016813)
(1016790,1016816)
(1016790,1016820)
(1016790,1016824)
(1016790,1016828)
(1016790,1016831)
(1016790,1016835)
(1016790,1016839)
(1016790,1016845)
(1016790,1016850)
(1016790,1016853)
(1016790,1016856)
(1016790,1016861)
(1016795,1016797)
(1016795,1016801)
(1016795,1016806)
(1016795,1016811)
(1016795,1016813)
(1016795,1016816)
(1016795,1016820)
(1016795,1016824)
(1016795,1016828)
(1016795,1016831)
(1016795,1016835)
(1016795,1016839)
(1016795,1016845)
(1016795,1016850)
(1016795,1016853)
(1016795,1016856)
(1016795,1016861)
(1016797,1016801)
(1016797,1016806)
(1016797,1016811)
(1016797,1016813)
(1016797,1016816)
(1016797,1016820)
(1016797,1016824)
(1016797,1016828)
(1016797,1016831)
(1016797,1016835)
(1016797,1016839)
(1016797,1016845)
(1016797,1016850)
(1016797,1016853)
(1016797,1016856)
(1016797,1016861)
(1016801,1016806)
(1016801,1016811)
(1016801,1016813)
(1016801,1016816)
(1016801,1016820)
(1016801,1016824)
(1016801,1016828)
(1016801,1016831)
(1016801,1016835)
(1016801,1016839)
(1016801,1016845)
(1016801,1016850)
(1016801,1016853)
(1016801,1016856)
(1016801,1016861)
(1016806,1016811)
(1016806,1016813)
(1016806,1016816)
(1016806,1016820)
(1016806,1016824)
(1016806,1016828)
(1016806,1016831)
(1016806,1016835)
(1016806,1016839)
(1016806,1016845)
(1016806,1016850)
(1016806,1016853)
(1016806,1016856)
(1016806,1016861)
(1016811,1016813)
(1016811,1016816)
(1016811,1016820)
(1016811,1016824)
(1016811,1016828)
(1016811,1016831)
(1016811,1016835)
(1016811,1016839)
(1016811,1016845)
(1016811,1016850)
(1016811,1016853)
(1016811,1016856)
(1016811,1016861)
(1016813,1016816)
(1016813,1016820)
(1016813,1016824)
(1016813,1016828)
(1016813,1016831)
(1016813,1016835)
(1016813,1016839)
(1016813,1016845)
(1016813,1016850)
(1016813,1016853)
(1016813,1016856)
(1016813,1016861)
(1016816,1016820)
(1016816,1016824)
(1016816,1016828)
(1016816,1016831)
(1016816,1016835)
(1016816,1016839)
(1016816,1016845)
(1016816,1016850)
(1016816,1016853)
(1016816,1016856)
(1016816,1016861)
(1016820,1016824)
(1016820,1016828)
(1016820,1016831)
(1016820,1016835)
(1016820,1016839)
(1016820,1016845)
(1016820,1016850)
(1016820,1016853)
(1016820,1016856)
(1016820,1016861)
(1016824,1016828)
(1016824,1016831)
(1016824,1016835)
(1016824,1016839)
(1016824,1016845)
(1016824,1016850)
(1016824,1016853)
(1016824,1016856)
(1016824,1016861)
(1016828,1016831)
(1016828,1016835)
(1016828,1016839)
(1016828,1016845)
(1016828,1016850)
(1016828,1016853)
(1016828,1016856)
(1016828,1016861)
(1016831,1016835)
(1016831,1016839)
(1016831,1016845)
(1016831,1016850)
(1016831,1016853)
(1016831,1016856)
(1016831,1016861)
(1016835,1016839)
(1016835,1016845)
(1016835,1016850)
(1016835,1016853)
(1016835,1016856)
(1016835,1016861)
(1016839,1016845)
(1016839,1016850)
(1016839,1016853)
(1016839,1016856)
(1016839,1016861)
(1016845,1016850)
(1016845,1016853)
(1016845,1016856)
(1016845,1016861)
(1016850,1016853)
(1016850,1016856)
(1016850,1016861)
(1016853,1016856)
(1016853,1016861)
(1016856,1016861)
(1016867,1016868)
(1016867,1016873)
(1016867,1016874)
(1016867,1016877)
(1016867,1016880)
(1016867,1016882)
(1016867,1016885)
(1016867,1016887)
(1016867,1016889)
(1016867,1016891)
(1016867,1016893)
(1016867,1016895)
(1016867,1016898)
(1016867,1016901)
(1016868,1016873)
(1016868,1016874)
(1016868,1016877)
(1016868,1016880)
(1016868,1016882)
(1016868,1016885)
(1016868,1016887)
(1016868,1016889)
(1016868,1016891)
(1016868,1016893)
(1016868,1016895)
(1016868,1016898)
(1016868,1016901)
(1016873,1016874)
(1016873,1016877)
(1016873,1016880)
(1016873,1016882)
(1016873,1016885)
(1016873,1016887)
(1016873,1016889)
(1016873,1016891)
(1016873,1016893)
(1016873,1016895)
(1016873,1016898)
(1016873,1016901)
(1016874,1016877)
(1016874,1016880)
(1016874,1016882)
(1016874,1016885)
(1016874,1016887)
(1016874,1016889)
(1016874,1016891)
(1016874,1016893)
(1016874,1016895)
(1016874,1016898)
(1016874,1016901)
(1016877,1016880)
(1016877,1016882)
(1016877,1016885)
(1016877,1016887)
(1016877,1016889)
(1016877,1016891)
(1016877,1016893)
(1016877,1016895)
(1016877,1016898)
(1016877,1016901)
(1016880,1016882)
(1016880,1016885)
(1016880,1016887)
(1016880,1016889)
(1016880,1016891)
(1016880,1016893)
(1016880,1016895)
(1016880,1016898)
(1016880,1016901)
(1016882,1016885)
(1016882,1016887)
(1016882,1016889)
(1016882,1016891)
(1016882,1016893)
(1016882,1016895)
(1016882,1016898)
(1016882,1016901)
(1016885,1016887)
(1016885,1016889)
(1016885,1016891)
(1016885,1016893)
(1016885,1016895)
(1016885,1016898)
(1016885,1016901)
(1016887,1016889)
(1016887,1016891)
(1016887,1016893)
(1016887,1016895)
(1016887,1016898)
(1016887,1016901)
(1016889,1016891)
(1016889,1016893)
(1016889,1016895)
(1016889,1016898)
(1016889,1016901)
(1016891,1016893)
(1016891,1016895)
(1016891,1016898)
(1016891,1016901)
(1016893,1016895)
(1016893,1016898)
(1016893,1016901)
(1016895,1016898)
(1016895,1016901)
(1016898,1016901)
(1016904,1016906)
(1016904,1016908)
(1016906,1016908)
(1016909,1016910)
(1016909,1016913)
(1016909,1016914)
(1016909,1016916)
(1016909,1016918)
(1016909,1016921)
(1016909,1016923)
(1016909,1016925)
(1016909,1016929)
(1016909,1016932)
(1016909,1016936)
(1016909,1016938)
(1016909,1016941)
(1016909,1016943)
(1016909,1016946)
(1016909,1016951)
(1016909,1016954)
(1016909,1016956)
(1016909,1016959)
(1016909,1016964)
(1016909,1016965)
(1016909,1016967)
(1016909,1016970)
(1016909,1016973)
(1016909,1016979)
(1016909,1016980)
(1016909,1016984)
(1016909,1016986)
(1016909,1016988)
(1016909,1016999)
(1016909,1017005)
(1016909,1017009)
(1016909,1017011)
(1016909,1017017)
(1016909,1017019)
(1016909,1017022)
(1016909,1017025)
(1016909,1017029)
(1016909,1017033)
(1016909,1017038)
(1016909,1017043)
(1016909,1017048)
(1016909,1017050)
(1016909,1017053)
(1016909,1017058)
(1016909,1017061)
(1016909,1017063)
(1016909,1017068)
(1016909,1017074)
(1016909,1017075)
(1016909,1017078)
(1016910,1016913)
(1016910,1016914)
(1016910,1016916)
(1016910,1016918)
(1016910,1016921)
(1016910,1016923)
(1016910,1016925)
(1016910,1016929)
(1016910,1016932)
(1016910,1016936)
(1016910,1016938)
(1016910,1016941)
(1016910,1016943)
(1016910,1016946)
(1016910,1016951)
(1016910,1016954)
(1016910,1016956)
(1016910,1016959)
(1016910,1016964)
(1016910,1016965)
(1016910,1016967)
(1016910,1016970)
(1016910,1016973)
(1016910,1016979)
(1016910,1016980)
(1016910,1016984)
(1016910,1016986)
(1016910,1016988)
(1016910,1016999)
(1016910,1017005)
(1016910,1017009)
(1016910,1017011)
(1016910,1017017)
(1016910,1017019)
(1016910,1017022)
(1016910,1017025)
(1016910,1017029)
(1016910,1017033)
(1016910,1017038)
(1016910,1017043)
(1016910,1017048)
(1016910,1017050)
(1016910,1017053)
(1016910,1017058)
(1016910,1017061)
(1016910,1017063)
(1016910,1017068)
(1016910,1017074)
(1016910,1017075)
(1016910,1017078)
(1016913,1016914)
(1016913,1016916)
(1016913,1016918)
(1016913,1016921)
(1016913,1016923)
(1016913,1016925)
(1016913,1016929)
(1016913,1016932)
(1016913,1016936)
(1016913,1016938)
(1016913,1016941)
(1016913,1016943)
(1016913,1016946)
(1016913,1016951)
(1016913,1016954)
(1016913,1016956)
(1016913,1016959)
(1016913,1016964)
(1016913,1016965)
(1016913,1016967)
(1016913,1016970)
(1016913,1016973)
(1016913,1016979)
(1016913,1016980)
(1016913,1016984)
(1016913,1016986)
(1016913,1016988)
(1016913,1016999)
(1016913,1017005)
(1016913,1017009)
(1016913,1017011)
(1016913,1017017)
(1016913,1017019)
(1016913,1017022)
(1016913,1017025)
(1016913,1017029)
(1016913,1017033)
(1016913,1017038)
(1016913,1017043)
(1016913,1017048)
(1016913,1017050)
(1016913,1017053)
(1016913,1017058)
(1016913,1017061)
(1016913,1017063)
(1016913,1017068)
(1016913,1017074)
(1016913,1017075)
(1016913,1017078)
(1016914,1016916)
(1016914,1016918)
(1016914,1016921)
(1016914,1016923)
(1016914,1016925)
(1016914,1016929)
(1016914,1016932)
(1016914,1016936)
(1016914,1016938)
(1016914,1016941)
(1016914,1016943)
(1016914,1016946)
(1016914,1016951)
(1016914,1016954)
(1016914,1016956)
(1016914,1016959)
(1016914,1016964)
(1016914,1016965)
(1016914,1016967)
(1016914,1016970)
(1016914,1016973)
(1016914,1016979)
(1016914,1016980)
(1016914,1016984)
(1016914,1016986)
(1016914,1016988)
(1016914,1016999)
(1016914,1017005)
(1016914,1017009)
(1016914,1017011)
(1016914,1017017)
(1016914,1017019)
(1016914,1017022)
(1016914,1017025)
(1016914,1017029)
(1016914,1017033)
(1016914,1017038)
(1016914,1017043)
(1016914,1017048)
(1016914,1017050)
(1016914,1017053)
(1016914,1017058)
(1016914,1017061)
(1016914,1017063)
(1016914,1017068)
(1016914,1017074)
(1016914,1017075)
(1016914,1017078)
(1016916,1016918)
(1016916,1016921)
(1016916,1016923)
(1016916,1016925)
(1016916,1016929)
(1016916,1016932)
(1016916,1016936)
(1016916,1016938)
(1016916,1016941)
(1016916,1016943)
(1016916,1016946)
(1016916,1016951)
(1016916,1016954)
(1016916,1016956)
(1016916,1016959)
(1016916,1016964)
(1016916,1016965)
(1016916,1016967)
(1016916,1016970)
(1016916,1016973)
(1016916,1016979)
(1016916,1016980)
(1016916,1016984)
(1016916,1016986)
(1016916,1016988)
(1016916,1016999)
(1016916,1017005)
(1016916,1017009)
(1016916,1017011)
(1016916,1017017)
(1016916,1017019)
(1016916,1017022)
(1016916,1017025)
(1016916,1017029)
(1016916,1017033)
(1016916,1017038)
(1016916,1017043)
(1016916,1017048)
(1016916,1017050)
(1016916,1017053)
(1016916,1017058)
(1016916,1017061)
(1016916,1017063)
(1016916,1017068)
(1016916,1017074)
(1016916,1017075)
(1016916,1017078)
(1016918,1016921)
(1016918,1016923)
(1016918,1016925)
(1016918,1016929)
(1016918,1016932)
(1016918,1016936)
(1016918,1016938)
(1016918,1016941)
(1016918,1016943)
(1016918,1016946)
(1016918,1016951)
(1016918,1016954)
(1016918,1016956)
(1016918,1016959)
(1016918,1016964)
(1016918,1016965)
(1016918,1016967)
(1016918,1016970)
(1016918,1016973)
(1016918,1016979)
(1016918,1016980)
(1016918,1016984)
(1016918,1016986)
(1016918,1016988)
(1016918,1016999)
(1016918,1017005)
(1016918,1017009)
(1016918,1017011)
(1016918,1017017)
(1016918,1017019)
(1016918,1017022)
(1016918,1017025)
(1016918,1017029)
(1016918,1017033)
(1016918,1017038)
(1016918,1017043)
(1016918,1017048)
(1016918,1017050)
(1016918,1017053)
(1016918,1017058)
(1016918,1017061)
(1016918,1017063)
(1016918,1017068)
(1016918,1017074)
(1016918,1017075)
(1016918,1017078)
(1016921,1016923)
(1016921,1016925)
(1016921,1016929)
(1016921,1016932)
(1016921,1016936)
(1016921,1016938)
(1016921,1016941)
(1016921,1016943)
(1016921,1016946)
(1016921,1016951)
(1016921,1016954)
(1016921,1016956)
(1016921,1016959)
(1016921,1016964)
(1016921,1016965)
(1016921,1016967)
(1016921,1016970)
(1016921,1016973)
(1016921,1016979)
(1016921,1016980)
(1016921,1016984)
(1016921,1016986)
(1016921,1016988)
(1016921,1016999)
(1016921,1017005)
(1016921,1017009)
(1016921,1017011)
(1016921,1017017)
(1016921,1017019)
(1016921,1017022)
(1016921,1017025)
(1016921,1017029)
(1016921,1017033)
(1016921,1017038)
(1016921,1017043)
(1016921,1017048)
(1016921,1017050)
(1016921,1017053)
(1016921,1017058)
(1016921,1017061)
(1016921,1017063)
(1016921,1017068)
(1016921,1017074)
(1016921,1017075)
(1016921,1017078)
(1016923,1016925)
(1016923,1016929)
(1016923,1016932)
(1016923,1016936)
(1016923,1016938)
(1016923,1016941)
(1016923,1016943)
(1016923,1016946)
(1016923,1016951)
(1016923,1016954)
(1016923,1016956)
(1016923,1016959)
(1016923,1016964)
(1016923,1016965)
(1016923,1016967)
(1016923,1016970)
(1016923,1016973)
(1016923,1016979)
(1016923,1016980)
(1016923,1016984)
(1016923,1016986)
(1016923,1016988)
(1016923,1016999)
(1016923,1017005)
(1016923,1017009)
(1016923,1017011)
(1016923,1017017)
(1016923,1017019)
(1016923,1017022)
(1016923,1017025)
(1016923,1017029)
(1016923,1017033)
(1016923,1017038)
(1016923,1017043)
(1016923,1017048)
(1016923,1017050)
(1016923,1017053)
(1016923,1017058)
(1016923,1017061)
(1016923,1017063)
(1016923,1017068)
(1016923,1017074)
(1016923,1017075)
(1016923,1017078)
(1016925,1016929)
(1016925,1016932)
(1016925,1016936)
(1016925,1016938)
(1016925,1016941)
(1016925,1016943)
(1016925,1016946)
(1016925,1016951)
(1016925,1016954)
(1016925,1016956)
(1016925,1016959)
(1016925,1016964)
(1016925,1016965)
(1016925,1016967)
(1016925,1016970)
(1016925,1016973)
(1016925,1016979)
(1016925,1016980)
(1016925,1016984)
(1016925,1016986)
(1016925,1016988)
(1016925,1016999)
(1016925,1017005)
(1016925,1017009)
(1016925,1017011)
(1016925,1017017)
(1016925,1017019)
(1016925,1017022)
(1016925,1017025)
(1016925,1017029)
(1016925,1017033)
(1016925,1017038)
(1016925,1017043)
(1016925,1017048)
(1016925,1017050)
(1016925,1017053)
(1016925,1017058)
(1016925,1017061)
(1016925,1017063)
(1016925,1017068)
(1016925,1017074)
(1016925,1017075)
(1016925,1017078)
(1016929,1016932)
(1016929,1016936)
(1016929,1016938)
(1016929,1016941)
(1016929,1016943)
(1016929,1016946)
(1016929,1016951)
(1016929,1016954)
(1016929,1016956)
(1016929,1016959)
(1016929,1016964)
(1016929,1016965)
(1016929,1016967)
(1016929,1016970)
(1016929,1016973)
(1016929,1016979)
(1016929,1016980)
(1016929,1016984)
(1016929,1016986)
(1016929,1016988)
(1016929,1016999)
(1016929,1017005)
(1016929,1017009)
(1016929,1017011)
(1016929,1017017)
(1016929,1017019)
(1016929,1017022)
(1016929,1017025)
(1016929,1017029)
(1016929,1017033)
(1016929,1017038)
(1016929,1017043)
(1016929,1017048)
(1016929,1017050)
(1016929,1017053)
(1016929,1017058)
(1016929,1017061)
(1016929,1017063)
(1016929,1017068)
(1016929,1017074)
(1016929,1017075)
(1016929,1017078)
(1016932,1016936)
(1016932,1016938)
(1016932,1016941)
(1016932,1016943)
(1016932,1016946)
(1016932,1016951)
(1016932,1016954)
(1016932,1016956)
(1016932,1016959)
(1016932,1016964)
(1016932,1016965)
(1016932,1016967)
(1016932,1016970)
(1016932,1016973)
(1016932,1016979)
(1016932,1016980)
(1016932,1016984)
(1016932,1016986)
(1016932,1016988)
(1016932,1016999)
(1016932,1017005)
(1016932,1017009)
(1016932,1017011)
(1016932,1017017)
(1016932,1017019)
(1016932,1017022)
(1016932,1017025)
(1016932,1017029)
(1016932,1017033)
(1016932,1017038)
(1016932,1017043)
(1016932,1017048)
(1016932,1017050)
(1016932,1017053)
(1016932,1017058)
(1016932,1017061)
(1016932,1017063)
(1016932,1017068)
(1016932,1017074)
(1016932,1017075)
(1016932,1017078)
(1016936,1016938)
(1016936,1016941)
(1016936,1016943)
(1016936,1016946)
(1016936,1016951)
(1016936,1016954)
(1016936,1016956)
(1016936,1016959)
(1016936,1016964)
(1016936,1016965)
(1016936,1016967)
(1016936,1016970)
(1016936,1016973)
(1016936,1016979)
(1016936,1016980)
(1016936,1016984)
(1016936,1016986)
(1016936,1016988)
(1016936,1016999)
(1016936,1017005)
(1016936,1017009)
(1016936,1017011)
(1016936,1017017)
(1016936,1017019)
(1016936,1017022)
(1016936,1017025)
(1016936,1017029)
(1016936,1017033)
(1016936,1017038)
(1016936,1017043)
(1016936,1017048)
(1016936,1017050)
(1016936,1017053)
(1016936,1017058)
(1016936,1017061)
(1016936,1017063)
(1016936,1017068)
(1016936,1017074)
(1016936,1017075)
(1016936,1017078)
(1016938,1016941)
(1016938,1016943)
(1016938,1016946)
(1016938,1016951)
(1016938,1016954)
(1016938,1016956)
(1016938,1016959)
(1016938,1016964)
(1016938,1016965)
(1016938,1016967)
(1016938,1016970)
(1016938,1016973)
(1016938,1016979)
(1016938,1016980)
(1016938,1016984)
(1016938,1016986)
(1016938,1016988)
(1016938,1016999)
(1016938,1017005)
(1016938,1017009)
(1016938,1017011)
(1016938,1017017)
(1016938,1017019)
(1016938,1017022)
(1016938,1017025)
(1016938,1017029)
(1016938,1017033)
(1016938,1017038)
(1016938,1017043)
(1016938,1017048)
(1016938,1017050)
(1016938,1017053)
(1016938,1017058)
(1016938,1017061)
(1016938,1017063)
(1016938,1017068)
(1016938,1017074)
(1016938,1017075)
(1016938,1017078)
(1016941,1016943)
(1016941,1016946)
(1016941,1016951)
(1016941,1016954)
(1016941,1016956)
(1016941,1016959)
(1016941,1016964)
(1016941,1016965)
(1016941,1016967)
(1016941,1016970)
(1016941,1016973)
(1016941,1016979)
(1016941,1016980)
(1016941,1016984)
(1016941,1016986)
(1016941,1016988)
(1016941,1016999)
(1016941,1017005)
(1016941,1017009)
(1016941,1017011)
(1016941,1017017)
(1016941,1017019)
(1016941,1017022)
(1016941,1017025)
(1016941,1017029)
(1016941,1017033)
(1016941,1017038)
(1016941,1017043)
(1016941,1017048)
(1016941,1017050)
(1016941,1017053)
(1016941,1017058)
(1016941,1017061)
(1016941,1017063)
(1016941,1017068)
(1016941,1017074)
(1016941,1017075)
(1016941,1017078)
(1016943,1016946)
(1016943,1016951)
(1016943,1016954)
(1016943,1016956)
(1016943,1016959)
(1016943,1016964)
(1016943,1016965)
(1016943,1016967)
(1016943,1016970)
(1016943,1016973)
(1016943,1016979)
(1016943,1016980)
(1016943,1016984)
(1016943,1016986)
(1016943,1016988)
(1016943,1016999)
(1016943,1017005)
(1016943,1017009)
(1016943,1017011)
(1016943,1017017)
(1016943,1017019)
(1016943,1017022)
(1016943,1017025)
(1016943,1017029)
(1016943,1017033)
(1016943,1017038)
(1016943,1017043)
(1016943,1017048)
(1016943,1017050)
(1016943,1017053)
(1016943,1017058)
(1016943,1017061)
(1016943,1017063)
(1016943,1017068)
(1016943,1017074)
(1016943,1017075)
(1016943,1017078)
(1016946,1016951)
(1016946,1016954)
(1016946,1016956)
(1016946,1016959)
(1016946,1016964)
(1016946,1016965)
(1016946,1016967)
(1016946,1016970)
(1016946,1016973)
(1016946,1016979)
(1016946,1016980)
(1016946,1016984)
(1016946,1016986)
(1016946,1016988)
(1016946,1016999)
(1016946,1017005)
(1016946,1017009)
(1016946,1017011)
(1016946,1017017)
(1016946,1017019)
(1016946,1017022)
(1016946,1017025)
(1016946,1017029)
(1016946,1017033)
(1016946,1017038)
(1016946,1017043)
(1016946,1017048)
(1016946,1017050)
(1016946,1017053)
(1016946,1017058)
(1016946,1017061)
(1016946,1017063)
(1016946,1017068)
(1016946,1017074)
(1016946,1017075)
(1016946,1017078)
(1016951,1016954)
(1016951,1016956)
(1016951,1016959)
(1016951,1016964)
(1016951,1016965)
(1016951,1016967)
(1016951,1016970)
(1016951,1016973)
(1016951,1016979)
(1016951,1016980)
(1016951,1016984)
(1016951,1016986)
(1016951,1016988)
(1016951,1016999)
(1016951,1017005)
(1016951,1017009)
(1016951,1017011)
(1016951,1017017)
(1016951,1017019)
(1016951,1017022)
(1016951,1017025)
(1016951,1017029)
(1016951,1017033)
(1016951,1017038)
(1016951,1017043)
(1016951,1017048)
(1016951,1017050)
(1016951,1017053)
(1016951,1017058)
(1016951,1017061)
(1016951,1017063)
(1016951,1017068)
(1016951,1017074)
(1016951,1017075)
(1016951,1017078)
(1016954,1016956)
(1016954,1016959)
(1016954,1016964)
(1016954,1016965)
(1016954,1016967)
(1016954,1016970)
(1016954,1016973)
(1016954,1016979)
(1016954,1016980)
(1016954,1016984)
(1016954,1016986)
(1016954,1016988)
(1016954,1016999)
(1016954,1017005)
(1016954,1017009)
(1016954,1017011)
(1016954,1017017)
(1016954,1017019)
(1016954,1017022)
(1016954,1017025)
(1016954,1017029)
(1016954,1017033)
(1016954,1017038)
(1016954,1017043)
(1016954,1017048)
(1016954,1017050)
(1016954,1017053)
(1016954,1017058)
(1016954,1017061)
(1016954,1017063)
(1016954,1017068)
(1016954,1017074)
(1016954,1017075)
(1016954,1017078)
(1016956,1016959)
(1016956,1016964)
(1016956,1016965)
(1016956,1016967)
(1016956,1016970)
(1016956,1016973)
(1016956,1016979)
(1016956,1016980)
(1016956,1016984)
(1016956,1016986)
(1016956,1016988)
(1016956,1016999)
(1016956,1017005)
(1016956,1017009)
(1016956,1017011)
(1016956,1017017)
(1016956,1017019)
(1016956,1017022)
(1016956,1017025)
(1016956,1017029)
(1016956,1017033)
(1016956,1017038)
(1016956,1017043)
(1016956,1017048)
(1016956,1017050)
(1016956,1017053)
(1016956,1017058)
(1016956,1017061)
(1016956,1017063)
(1016956,1017068)
(1016956,1017074)
(1016956,1017075)
(1016956,1017078)
(1016959,1016964)
(1016959,1016965)
(1016959,1016967)
(1016959,1016970)
(1016959,1016973)
(1016959,1016979)
(1016959,1016980)
(1016959,1016984)
(1016959,1016986)
(1016959,1016988)
(1016959,1016999)
(1016959,1017005)
(1016959,1017009)
(1016959,1017011)
(1016959,1017017)
(1016959,1017019)
(1016959,1017022)
(1016959,1017025)
(1016959,1017029)
(1016959,1017033)
(1016959,1017038)
(1016959,1017043)
(1016959,1017048)
(1016959,1017050)
(1016959,1017053)
(1016959,1017058)
(1016959,1017061)
(1016959,1017063)
(1016959,1017068)
(1016959,1017074)
(1016959,1017075)
(1016959,1017078)
(1016964,1016965)
(1016964,1016967)
(1016964,1016970)
(1016964,1016973)
(1016964,1016979)
(1016964,1016980)
(1016964,1016984)
(1016964,1016986)
(1016964,1016988)
(1016964,1016999)
(1016964,1017005)
(1016964,1017009)
(1016964,1017011)
(1016964,1017017)
(1016964,1017019)
(1016964,1017022)
(1016964,1017025)
(1016964,1017029)
(1016964,1017033)
(1016964,1017038)
(1016964,1017043)
(1016964,1017048)
(1016964,1017050)
(1016964,1017053)
(1016964,1017058)
(1016964,1017061)
(1016964,1017063)
(1016964,1017068)
(1016964,1017074)
(1016964,1017075)
(1016964,1017078)
(1016965,1016967)
(1016965,1016970)
(1016965,1016973)
(1016965,1016979)
(1016965,1016980)
(1016965,1016984)
(1016965,1016986)
(1016965,1016988)
(1016965,1016999)
(1016965,1017005)
(1016965,1017009)
(1016965,1017011)
(1016965,1017017)
(1016965,1017019)
(1016965,1017022)
(1016965,1017025)
(1016965,1017029)
(1016965,1017033)
(1016965,1017038)
(1016965,1017043)
(1016965,1017048)
(1016965,1017050)
(1016965,1017053)
(1016965,1017058)
(1016965,1017061)
(1016965,1017063)
(1016965,1017068)
(1016965,1017074)
(1016965,1017075)
(1016965,1017078)
(1016967,1016970)
(1016967,1016973)
(1016967,1016979)
(1016967,1016980)
(1016967,1016984)
(1016967,1016986)
(1016967,1016988)
(1016967,1016999)
(1016967,1017005)
(1016967,1017009)
(1016967,1017011)
(1016967,1017017)
(1016967,1017019)
(1016967,1017022)
(1016967,1017025)
(1016967,1017029)
(1016967,1017033)
(1016967,1017038)
(1016967,1017043)
(1016967,1017048)
(1016967,1017050)
(1016967,1017053)
(1016967,1017058)
(1016967,1017061)
(1016967,1017063)
(1016967,1017068)
(1016967,1017074)
(1016967,1017075)
(1016967,1017078)
(1016970,1016973)
(1016970,1016979)
(1016970,1016980)
(1016970,1016984)
(1016970,1016986)
(1016970,1016988)
(1016970,1016999)
(1016970,1017005)
(1016970,1017009)
(1016970,1017011)
(1016970,1017017)
(1016970,1017019)
(1016970,1017022)
(1016970,1017025)
(1016970,1017029)
(1016970,1017033)
(1016970,1017038)
(1016970,1017043)
(1016970,1017048)
(1016970,1017050)
(1016970,1017053)
(1016970,1017058)
(1016970,1017061)
(1016970,1017063)
(1016970,1017068)
(1016970,1017074)
(1016970,1017075)
(1016970,1017078)
(1016973,1016979)
(1016973,1016980)
(1016973,1016984)
(1016973,1016986)
(1016973,1016988)
(1016973,1016999)
(1016973,1017005)
(1016973,1017009)
(1016973,1017011)
(1016973,1017017)
(1016973,1017019)
(1016973,1017022)
(1016973,1017025)
(1016973,1017029)
(1016973,1017033)
(1016973,1017038)
(1016973,1017043)
(1016973,1017048)
(1016973,1017050)
(1016973,1017053)
(1016973,1017058)
(1016973,1017061)
(1016973,1017063)
(1016973,1017068)
(1016973,1017074)
(1016973,1017075)
(1016973,1017078)
(1016979,1016980)
(1016979,1016984)
(1016979,1016986)
(1016979,1016988)
(1016979,1016999)
(1016979,1017005)
(1016979,1017009)
(1016979,1017011)
(1016979,1017017)
(1016979,1017019)
(1016979,1017022)
(1016979,1017025)
(1016979,1017029)
(1016979,1017033)
(1016979,1017038)
(1016979,1017043)
(1016979,1017048)
(1016979,1017050)
(1016979,1017053)
(1016979,1017058)
(1016979,1017061)
(1016979,1017063)
(1016979,1017068)
(1016979,1017074)
(1016979,1017075)
(1016979,1017078)
(1016980,1016984)
(1016980,1016986)
(1016980,1016988)
(1016980,1016999)
(1016980,1017005)
(1016980,1017009)
(1016980,1017011)
(1016980,1017017)
(1016980,1017019)
(1016980,1017022)
(1016980,1017025)
(1016980,1017029)
(1016980,1017033)
(1016980,1017038)
(1016980,1017043)
(1016980,1017048)
(1016980,1017050)
(1016980,1017053)
(1016980,1017058)
(1016980,1017061)
(1016980,1017063)
(1016980,1017068)
(1016980,1017074)
(1016980,1017075)
(1016980,1017078)
(1016984,1016986)
(1016984,1016988)
(1016984,1016999)
(1016984,1017005)
(1016984,1017009)
(1016984,1017011)
(1016984,1017017)
(1016984,1017019)
(1016984,1017022)
(1016984,1017025)
(1016984,1017029)
(1016984,1017033)
(1016984,1017038)
(1016984,1017043)
(1016984,1017048)
(1016984,1017050)
(1016984,1017053)
(1016984,1017058)
(1016984,1017061)
(1016984,1017063)
(1016984,1017068)
(1016984,1017074)
(1016984,1017075)
(1016984,1017078)
(1016986,1016988)
(1016986,1016999)
(1016986,1017005)
(1016986,1017009)
(1016986,1017011)
(1016986,1017017)
(1016986,1017019)
(1016986,1017022)
(1016986,1017025)
(1016986,1017029)
(1016986,1017033)
(1016986,1017038)
(1016986,1017043)
(1016986,1017048)
(1016986,1017050)
(1016986,1017053)
(1016986,1017058)
(1016986,1017061)
(1016986,1017063)
(1016986,1017068)
(1016986,1017074)
(1016986,1017075)
(1016986,1017078)
(1016988,1016999)
(1016988,1017005)
(1016988,1017009)
(1016988,1017011)
(1016988,1017017)
(1016988,1017019)
(1016988,1017022)
(1016988,1017025)
(1016988,1017029)
(1016988,1017033)
(1016988,1017038)
(1016988,1017043)
(1016988,1017048)
(1016988,1017050)
(1016988,1017053)
(1016988,1017058)
(1016988,1017061)
(1016988,1017063)
(1016988,1017068)
(1016988,1017074)
(1016988,1017075)
(1016988,1017078)
(1016999,1017005)
(1016999,1017009)
(1016999,1017011)
(1016999,1017017)
(1016999,1017019)
(1016999,1017022)
(1016999,1017025)
(1016999,1017029)
(1016999,1017033)
(1016999,1017038)
(1016999,1017043)
(1016999,1017048)
(1016999,1017050)
(1016999,1017053)
(1016999,1017058)
(1016999,1017061)
(1016999,1017063)
(1016999,1017068)
(1016999,1017074)
(1016999,1017075)
(1016999,1017078)
(1017005,1017009)
(1017005,1017011)
(1017005,1017017)
(1017005,1017019)
(1017005,1017022)
(1017005,1017025)
(1017005,1017029)
(1017005,1017033)
(1017005,1017038)
(1017005,1017043)
(1017005,1017048)
(1017005,1017050)
(1017005,1017053)
(1017005,1017058)
(1017005,1017061)
(1017005,1017063)
(1017005,1017068)
(1017005,1017074)
(1017005,1017075)
(1017005,1017078)
(1017009,1017011)
(1017009,1017017)
(1017009,1017019)
(1017009,1017022)
(1017009,1017025)
(1017009,1017029)
(1017009,1017033)
(1017009,1017038)
(1017009,1017043)
(1017009,1017048)
(1017009,1017050)
(1017009,1017053)
(1017009,1017058)
(1017009,1017061)
(1017009,1017063)
(1017009,1017068)
(1017009,1017074)
(1017009,1017075)
(1017009,1017078)
(1017011,1017017)
(1017011,1017019)
(1017011,1017022)
(1017011,1017025)
(1017011,1017029)
(1017011,1017033)
(1017011,1017038)
(1017011,1017043)
(1017011,1017048)
(1017011,1017050)
(1017011,1017053)
(1017011,1017058)
(1017011,1017061)
(1017011,1017063)
(1017011,1017068)
(1017011,1017074)
(1017011,1017075)
(1017011,1017078)
(1017017,1017019)
(1017017,1017022)
(1017017,1017025)
(1017017,1017029)
(1017017,1017033)
(1017017,1017038)
(1017017,1017043)
(1017017,1017048)
(1017017,1017050)
(1017017,1017053)
(1017017,1017058)
(1017017,1017061)
(1017017,1017063)
(1017017,1017068)
(1017017,1017074)
(1017017,1017075)
(1017017,1017078)
(1017019,1017022)
(1017019,1017025)
(1017019,1017029)
(1017019,1017033)
(1017019,1017038)
(1017019,1017043)
(1017019,1017048)
(1017019,1017050)
(1017019,1017053)
(1017019,1017058)
(1017019,1017061)
(1017019,1017063)
(1017019,1017068)
(1017019,1017074)
(1017019,1017075)
(1017019,1017078)
(1017022,1017025)
(1017022,1017029)
(1017022,1017033)
(1017022,1017038)
(1017022,1017043)
(1017022,1017048)
(1017022,1017050)
(1017022,1017053)
(1017022,1017058)
(1017022,1017061)
(1017022,1017063)
(1017022,1017068)
(1017022,1017074)
(1017022,1017075)
(1017022,1017078)
(1017025,1017029)
(1017025,1017033)
(1017025,1017038)
(1017025,1017043)
(1017025,1017048)
(1017025,1017050)
(1017025,1017053)
(1017025,1017058)
(1017025,1017061)
(1017025,1017063)
(1017025,1017068)
(1017025,1017074)
(1017025,1017075)
(1017025,1017078)
(1017029,1017033)
(1017029,1017038)
(1017029,1017043)
(1017029,1017048)
(1017029,1017050)
(1017029,1017053)
(1017029,1017058)
(1017029,1017061)
(1017029,1017063)
(1017029,1017068)
(1017029,1017074)
(1017029,1017075)
(1017029,1017078)
(1017033,1017038)
(1017033,1017043)
(1017033,1017048)
(1017033,1017050)
(1017033,1017053)
(1017033,1017058)
(1017033,1017061)
(1017033,1017063)
(1017033,1017068)
(1017033,1017074)
(1017033,1017075)
(1017033,1017078)
(1017038,1017043)
(1017038,1017048)
(1017038,1017050)
(1017038,1017053)
(1017038,1017058)
(1017038,1017061)
(1017038,1017063)
(1017038,1017068)
(1017038,1017074)
(1017038,1017075)
(1017038,1017078)
(1017043,1017048)
(1017043,1017050)
(1017043,1017053)
(1017043,1017058)
(1017043,1017061)
(1017043,1017063)
(1017043,1017068)
(1017043,1017074)
(1017043,1017075)
(1017043,1017078)
(1017048,1017050)
(1017048,1017053)
(1017048,1017058)
(1017048,1017061)
(1017048,1017063)
(1017048,1017068)
(1017048,1017074)
(1017048,1017075)
(1017048,1017078)
(1017050,1017053)
(1017050,1017058)
(1017050,1017061)
(1017050,1017063)
(1017050,1017068)
(1017050,1017074)
(1017050,1017075)
(1017050,1017078)
(1017053,1017058)
(1017053,1017061)
(1017053,1017063)
(1017053,1017068)
(1017053,1017074)
(1017053,1017075)
(1017053,1017078)
(1017058,1017061)
(1017058,1017063)
(1017058,1017068)
(1017058,1017074)
(1017058,1017075)
(1017058,1017078)
(1017061,1017063)
(1017061,1017068)
(1017061,1017074)
(1017061,1017075)
(1017061,1017078)
(1017063,1017068)
(1017063,1017074)
(1017063,1017075)
(1017063,1017078)
(1017068,1017074)
(1017068,1017075)
(1017068,1017078)
(1017074,1017075)
(1017074,1017078)
(1017075,1017078)
(1017094,1017099)
(1017094,1017102)
(1017094,1017106)
(1017094,1017109)
(1017094,1017113)
(1017094,1017120)
(1017094,1017124)
(1017094,1017128)
(1017094,1017132)
(1017094,1017137)
(1017094,1017140)
(1017094,1017145)
(1017094,1017149)
(1017094,1017156)
(1017094,1017158)
(1017094,1017160)
(1017094,1017165)
(1017094,1017168)
(1017094,1017172)
(1017099,1017102)
(1017099,1017106)
(1017099,1017109)
(1017099,1017113)
(1017099,1017120)
(1017099,1017124)
(1017099,1017128)
(1017099,1017132)
(1017099,1017137)
(1017099,1017140)
(1017099,1017145)
(1017099,1017149)
(1017099,1017156)
(1017099,1017158)
(1017099,1017160)
(1017099,1017165)
(1017099,1017168)
(1017099,1017172)
(1017102,1017106)
(1017102,1017109)
(1017102,1017113)
(1017102,1017120)
(1017102,1017124)
(1017102,1017128)
(1017102,1017132)
(1017102,1017137)
(1017102,1017140)
(1017102,1017145)
(1017102,1017149)
(1017102,1017156)
(1017102,1017158)
(1017102,1017160)
(1017102,1017165)
(1017102,1017168)
(1017102,1017172)
(1017106,1017109)
(1017106,1017113)
(1017106,1017120)
(1017106,1017124)
(1017106,1017128)
(1017106,1017132)
(1017106,1017137)
(1017106,1017140)
(1017106,1017145)
(1017106,1017149)
(1017106,1017156)
(1017106,1017158)
(1017106,1017160)
(1017106,1017165)
(1017106,1017168)
(1017106,1017172)
(1017109,1017113)
(1017109,1017120)
(1017109,1017124)
(1017109,1017128)
(1017109,1017132)
(1017109,1017137)
(1017109,1017140)
(1017109,1017145)
(1017109,1017149)
(1017109,1017156)
(1017109,1017158)
(1017109,1017160)
(1017109,1017165)
(1017109,1017168)
(1017109,1017172)
(1017113,1017120)
(1017113,1017124)
(1017113,1017128)
(1017113,1017132)
(1017113,1017137)
(1017113,1017140)
(1017113,1017145)
(1017113,1017149)
(1017113,1017156)
(1017113,1017158)
(1017113,1017160)
(1017113,1017165)
(1017113,1017168)
(1017113,1017172)
(1017120,1017124)
(1017120,1017128)
(1017120,1017132)
(1017120,1017137)
(1017120,1017140)
(1017120,1017145)
(1017120,1017149)
(1017120,1017156)
(1017120,1017158)
(1017120,1017160)
(1017120,1017165)
(1017120,1017168)
(1017120,1017172)
(1017124,1017128)
(1017124,1017132)
(1017124,1017137)
(1017124,1017140)
(1017124,1017145)
(1017124,1017149)
(1017124,1017156)
(1017124,1017158)
(1017124,1017160)
(1017124,1017165)
(1017124,1017168)
(1017124,1017172)
(1017128,1017132)
(1017128,1017137)
(1017128,1017140)
(1017128,1017145)
(1017128,1017149)
(1017128,1017156)
(1017128,1017158)
(1017128,1017160)
(1017128,1017165)
(1017128,1017168)
(1017128,1017172)
(1017132,1017137)
(1017132,1017140)
(1017132,1017145)
(1017132,1017149)
(1017132,1017156)
(1017132,1017158)
(1017132,1017160)
(1017132,1017165)
(1017132,1017168)
(1017132,1017172)
(1017137,1017140)
(1017137,1017145)
(1017137,1017149)
(1017137,1017156)
(1017137,1017158)
(1017137,1017160)
(1017137,1017165)
(1017137,1017168)
(1017137,1017172)
(1017140,1017145)
(1017140,1017149)
(1017140,1017156)
(1017140,1017158)
(1017140,1017160)
(1017140,1017165)
(1017140,1017168)
(1017140,1017172)
(1017145,1017149)
(1017145,1017156)
(1017145,1017158)
(1017145,1017160)
(1017145,1017165)
(1017145,1017168)
(1017145,1017172)
(1017149,1017156)
(1017149,1017158)
(1017149,1017160)
(1017149,1017165)
(1017149,1017168)
(1017149,1017172)
(1017156,1017158)
(1017156,1017160)
(1017156,1017165)
(1017156,1017168)
(1017156,1017172)
(1017158,1017160)
(1017158,1017165)
(1017158,1017168)
(1017158,1017172)
(1017160,1017165)
(1017160,1017168)
(1017160,1017172)
(1017165,1017168)
(1017165,1017172)
(1017168,1017172)
(1017185,1017193)
(1017185,1017203)
(1017185,1017212)
(1017193,1017203)
(1017193,1017212)
(1017203,1017212)
(1017224,1017231)
(1017234,1017241)
(1017234,1017250)
(1017234,1017263)
(1017234,1017272)
(1017234,1017280)
(1017241,1017250)
(1017241,1017263)
(1017241,1017272)
(1017241,1017280)
(1017250,1017263)
(1017250,1017272)
(1017250,1017280)
(1017263,1017272)
(1017263,1017280)
(1017272,1017280)
(1017495,1017500)
(1017517,1017518)
(1017523,1017526)
(1017523,1017527)
(1017523,1017530)
(1017523,1017534)
(1017523,1017539)
(1017526,1017527)
(1017526,1017530)
(1017526,1017534)
(1017526,1017539)
(1017527,1017530)
(1017527,1017534)
(1017527,1017539)
(1017530,1017534)
(1017530,1017539)
(1017534,1017539)
(1017551,1017554)
(1017551,1017561)
(1017551,1017565)
(1017551,1017569)
(1017551,1017571)
(1017551,1017579)
(1017551,1017582)
(1017551,1017587)
(1017551,1017593)
(1017551,1017596)
(1017551,1017602)
(1017551,1017610)
(1017551,1017614)
(1017551,1017619)
(1017551,1017622)
(1017554,1017561)
(1017554,1017565)
(1017554,1017569)
(1017554,1017571)
(1017554,1017579)
(1017554,1017582)
(1017554,1017587)
(1017554,1017593)
(1017554,1017596)
(1017554,1017602)
(1017554,1017610)
(1017554,1017614)
(1017554,1017619)
(1017554,1017622)
(1017561,1017565)
(1017561,1017569)
(1017561,1017571)
(1017561,1017579)
(1017561,1017582)
(1017561,1017587)
(1017561,1017593)
(1017561,1017596)
(1017561,1017602)
(1017561,1017610)
(1017561,1017614)
(1017561,1017619)
(1017561,1017622)
(1017565,1017569)
(1017565,1017571)
(1017565,1017579)
(1017565,1017582)
(1017565,1017587)
(1017565,1017593)
(1017565,1017596)
(1017565,1017602)
(1017565,1017610)
(1017565,1017614)
(1017565,1017619)
(1017565,1017622)
(1017569,1017571)
(1017569,1017579)
(1017569,1017582)
(1017569,1017587)
(1017569,1017593)
(1017569,1017596)
(1017569,1017602)
(1017569,1017610)
(1017569,1017614)
(1017569,1017619)
(1017569,1017622)
(1017571,1017579)
(1017571,1017582)
(1017571,1017587)
(1017571,1017593)
(1017571,1017596)
(1017571,1017602)
(1017571,1017610)
(1017571,1017614)
(1017571,1017619)
(1017571,1017622)
(1017579,1017582)
(1017579,1017587)
(1017579,1017593)
(1017579,1017596)
(1017579,1017602)
(1017579,1017610)
(1017579,1017614)
(1017579,1017619)
(1017579,1017622)
(1017582,1017587)
(1017582,1017593)
(1017582,1017596)
(1017582,1017602)
(1017582,1017610)
(1017582,1017614)
(1017582,1017619)
(1017582,1017622)
(1017587,1017593)
(1017587,1017596)
(1017587,1017602)
(1017587,1017610)
(1017587,1017614)
(1017587,1017619)
(1017587,1017622)
(1017593,1017596)
(1017593,1017602)
(1017593,1017610)
(1017593,1017614)
(1017593,1017619)
(1017593,1017622)
(1017596,1017602)
(1017596,1017610)
(1017596,1017614)
(1017596,1017619)
(1017596,1017622)
(1017602,1017610)
(1017602,1017614)
(1017602,1017619)
(1017602,1017622)
(1017610,1017614)
(1017610,1017619)
(1017610,1017622)
(1017614,1017619)
(1017614,1017622)
(1017619,1017622)
(1017630,1017634)
(1017630,1017647)
(1017630,1017655)
(1017630,1017659)
(1017634,1017647)
(1017634,1017655)
(1017634,1017659)
(1017647,1017655)
(1017647,1017659)
(1017655,1017659)
(1017664,1017666)
(1017694,1017700)
(1017710,1017715)
(1017743,1017746)
(1017743,1017749)
(1017743,1017755)
(1017746,1017749)
(1017746,1017755)
(1017749,1017755)
(1017773,1017777)
(1017773,1017781)
(1017773,1017786)
(1017773,1017791)
(1017773,1017795)
(1017777,1017781)
(1017777,1017786)
(1017777,1017791)
(1017777,1017795)
(1017781,1017786)
(1017781,1017791)
(1017781,1017795)
(1017786,1017791)
(1017786,1017795)
(1017791,1017795)
