(1096337,1096340)
(1096337,1096344)
(1096337,1096347)
(1096340,1096344)
(1096340,1096347)
(1096344,1096347)
(1096426,1096427)
(1096426,1096439)
(1096426,1096443)
(1096426,1096446)
(1096426,1096449)
(1096426,1096453)
(1096426,1096459)
(1096426,1096463)
(1096427,1096439)
(1096427,1096443)
(1096427,1096446)
(1096427,1096449)
(1096427,1096453)
(1096427,1096459)
(1096427,1096463)
(1096439,1096443)
(1096439,1096446)
(1096439,1096449)
(1096439,1096453)
(1096439,1096459)
(1096439,1096463)
(1096443,1096446)
(1096443,1096449)
(1096443,1096453)
(1096443,1096459)
(1096443,1096463)
(1096446,1096449)
(1096446,1096453)
(1096446,1096459)
(1096446,1096463)
(1096449,1096453)
(1096449,1096459)
(1096449,1096463)
(1096453,1096459)
(1096453,1096463)
(1096459,1096463)
(1096488,1096494)
(1096488,1096501)
(1096488,1096503)
(1096488,1096513)
(1096488,1096520)
(1096488,1096523)
(1096494,1096501)
(1096494,1096503)
(1096494,1096513)
(1096494,1096520)
(1096494,1096523)
(1096501,1096503)
(1096501,1096513)
(1096501,1096520)
(1096501,1096523)
(1096503,1096513)
(1096503,1096520)
(1096503,1096523)
(1096513,1096520)
(1096513,1096523)
(1096520,1096523)
(1096572,1096573)
(1096572,1096580)
(1096572,1096586)
(1096572,1096590)
(1096572,1096594)
(1096572,1096595)
(1096572,1096600)
(1096572,1096606)
(1096572,1096612)
(1096572,1096614)
(1096572,1096617)
(1096572,1096621)
(1096572,1096627)
(1096572,1096630)
(1096572,1096637)
(1096572,1096639)
(1096572,1096643)
(1096572,1096647)
(1096572,1096654)
(1096572,1096656)
(1096572,1096661)
(1096572,1096666)
(1096572,1096670)
(1096572,1096675)
(1096572,1096682)
(1096572,1096684)
(1096572,1096689)
(1096572,1096694)
(1096572,1096700)
(1096572,1096704)
(1096572,1096711)
(1096572,1096716)
(1096572,1096717)
(1096572,1096722)
(1096572,1096726)
(1096572,1096731)
(1096572,1096733)
(1096572,1096736)
(1096572,1096740)
(1096572,1096748)
(1096572,1096752)
(1096572,1096755)
(1096572,1096761)
(1096573,1096580)
(1096573,1096586)
(1096573,1096590)
(1096573,1096594)
(1096573,1096595)
(1096573,1096600)
(1096573,1096606)
(1096573,1096612)
(1096573,1096614)
(1096573,1096617)
(1096573,1096621)
(1096573,1096627)
(1096573,1096630)
(1096573,1096637)
(1096573,1096639)
(1096573,1096643)
(1096573,1096647)
(1096573,1096654)
(1096573,1096656)
(1096573,1096661)
(1096573,1096666)
(1096573,1096670)
(1096573,1096675)
(1096573,1096682)
(1096573,1096684)
(1096573,1096689)
(1096573,1096694)
(1096573,1096700)
(1096573,1096704)
(1096573,1096711)
(1096573,1096716)
(1096573,1096717)
(1096573,1096722)
(1096573,1096726)
(1096573,1096731)
(1096573,1096733)
(1096573,1096736)
(1096573,1096740)
(1096573,1096748)
(1096573,1096752)
(1096573,1096755)
(1096573,1096761)
(1096580,1096586)
(1096580,1096590)
(1096580,1096594)
(1096580,1096595)
(1096580,1096600)
(1096580,1096606)
(1096580,1096612)
(1096580,1096614)
(1096580,1096617)
(1096580,1096621)
(1096580,1096627)
(1096580,1096630)
(1096580,1096637)
(1096580,1096639)
(1096580,1096643)
(1096580,1096647)
(1096580,1096654)
(1096580,1096656)
(1096580,1096661)
(1096580,1096666)
(1096580,1096670)
(1096580,1096675)
(1096580,1096682)
(1096580,1096684)
(1096580,1096689)
(1096580,1096694)
(1096580,1096700)
(1096580,1096704)
(1096580,1096711)
(1096580,1096716)
(1096580,1096717)
(1096580,1096722)
(1096580,1096726)
(1096580,1096731)
(1096580,1096733)
(1096580,1096736)
(1096580,1096740)
(1096580,1096748)
(1096580,1096752)
(1096580,1096755)
(1096580,1096761)
(1096586,1096590)
(1096586,1096594)
(1096586,1096595)
(1096586,1096600)
(1096586,1096606)
(1096586,1096612)
(1096586,1096614)
(1096586,1096617)
(1096586,1096621)
(1096586,1096627)
(1096586,1096630)
(1096586,1096637)
(1096586,1096639)
(1096586,1096643)
(1096586,1096647)
(1096586,1096654)
(1096586,1096656)
(1096586,1096661)
(1096586,1096666)
(1096586,1096670)
(1096586,1096675)
(1096586,1096682)
(1096586,1096684)
(1096586,1096689)
(1096586,1096694)
(1096586,1096700)
(1096586,1096704)
(1096586,1096711)
(1096586,1096716)
(1096586,1096717)
(1096586,1096722)
(1096586,1096726)
(1096586,1096731)
(1096586,1096733)
(1096586,1096736)
(1096586,1096740)
(1096586,1096748)
(1096586,1096752)
(1096586,1096755)
(1096586,1096761)
(1096590,1096594)
(1096590,1096595)
(1096590,1096600)
(1096590,1096606)
(1096590,1096612)
(1096590,1096614)
(1096590,1096617)
(1096590,1096621)
(1096590,1096627)
(1096590,1096630)
(1096590,1096637)
(1096590,1096639)
(1096590,1096643)
(1096590,1096647)
(1096590,1096654)
(1096590,1096656)
(1096590,1096661)
(1096590,1096666)
(1096590,1096670)
(1096590,1096675)
(1096590,1096682)
(1096590,1096684)
(1096590,1096689)
(1096590,1096694)
(1096590,1096700)
(1096590,1096704)
(1096590,1096711)
(1096590,1096716)
(1096590,1096717)
(1096590,1096722)
(1096590,1096726)
(1096590,1096731)
(1096590,1096733)
(1096590,1096736)
(1096590,1096740)
(1096590,1096748)
(1096590,1096752)
(1096590,1096755)
(1096590,1096761)
(1096594,1096595)
(1096594,1096600)
(1096594,1096606)
(1096594,1096612)
(1096594,1096614)
(1096594,1096617)
(1096594,1096621)
(1096594,1096627)
(1096594,1096630)
(1096594,1096637)
(1096594,1096639)
(1096594,1096643)
(1096594,1096647)
(1096594,1096654)
(1096594,1096656)
(1096594,1096661)
(1096594,1096666)
(1096594,1096670)
(1096594,1096675)
(1096594,1096682)
(1096594,1096684)
(1096594,1096689)
(1096594,1096694)
(1096594,1096700)
(1096594,1096704)
(1096594,1096711)
(1096594,1096716)
(1096594,1096717)
(1096594,1096722)
(1096594,1096726)
(1096594,1096731)
(1096594,1096733)
(1096594,1096736)
(1096594,1096740)
(1096594,1096748)
(1096594,1096752)
(1096594,1096755)
(1096594,1096761)
(1096595,1096600)
(1096595,1096606)
(1096595,1096612)
(1096595,1096614)
(1096595,1096617)
(1096595,1096621)
(1096595,1096627)
(1096595,1096630)
(1096595,1096637)
(1096595,1096639)
(1096595,1096643)
(1096595,1096647)
(1096595,1096654)
(1096595,1096656)
(1096595,1096661)
(1096595,1096666)
(1096595,1096670)
(1096595,1096675)
(1096595,1096682)
(1096595,1096684)
(1096595,1096689)
(1096595,1096694)
(1096595,1096700)
(1096595,1096704)
(1096595,1096711)
(1096595,1096716)
(1096595,1096717)
(1096595,1096722)
(1096595,1096726)
(1096595,1096731)
(1096595,1096733)
(1096595,1096736)
(1096595,1096740)
(1096595,1096748)
(1096595,1096752)
(1096595,1096755)
(1096595,1096761)
(1096600,1096606)
(1096600,1096612)
(1096600,1096614)
(1096600,1096617)
(1096600,1096621)
(1096600,1096627)
(1096600,1096630)
(1096600,1096637)
(1096600,1096639)
(1096600,1096643)
(1096600,1096647)
(1096600,1096654)
(1096600,1096656)
(1096600,1096661)
(1096600,1096666)
(1096600,1096670)
(1096600,1096675)
(1096600,1096682)
(1096600,1096684)
(1096600,1096689)
(1096600,1096694)
(1096600,1096700)
(1096600,1096704)
(1096600,1096711)
(1096600,1096716)
(1096600,1096717)
(1096600,1096722)
(1096600,1096726)
(1096600,1096731)
(1096600,1096733)
(1096600,1096736)
(1096600,1096740)
(1096600,1096748)
(1096600,1096752)
(1096600,1096755)
(1096600,1096761)
(1096606,1096612)
(1096606,1096614)
(1096606,1096617)
(1096606,1096621)
(1096606,1096627)
(1096606,1096630)
(1096606,1096637)
(1096606,1096639)
(1096606,1096643)
(1096606,1096647)
(1096606,1096654)
(1096606,1096656)
(1096606,1096661)
(1096606,1096666)
(1096606,1096670)
(1096606,1096675)
(1096606,1096682)
(1096606,1096684)
(1096606,1096689)
(1096606,1096694)
(1096606,1096700)
(1096606,1096704)
(1096606,1096711)
(1096606,1096716)
(1096606,1096717)
(1096606,1096722)
(1096606,1096726)
(1096606,1096731)
(1096606,1096733)
(1096606,1096736)
(1096606,1096740)
(1096606,1096748)
(1096606,1096752)
(1096606,1096755)
(1096606,1096761)
(1096612,1096614)
(1096612,1096617)
(1096612,1096621)
(1096612,1096627)
(1096612,1096630)
(1096612,1096637)
(1096612,1096639)
(1096612,1096643)
(1096612,1096647)
(1096612,1096654)
(1096612,1096656)
(1096612,1096661)
(1096612,1096666)
(1096612,1096670)
(1096612,1096675)
(1096612,1096682)
(1096612,1096684)
(1096612,1096689)
(1096612,1096694)
(1096612,1096700)
(1096612,1096704)
(1096612,1096711)
(1096612,1096716)
(1096612,1096717)
(1096612,1096722)
(1096612,1096726)
(1096612,1096731)
(1096612,1096733)
(1096612,1096736)
(1096612,1096740)
(1096612,1096748)
(1096612,1096752)
(1096612,1096755)
(1096612,1096761)
(1096614,1096617)
(1096614,1096621)
(1096614,1096627)
(1096614,1096630)
(1096614,1096637)
(1096614,1096639)
(1096614,1096643)
(1096614,1096647)
(1096614,1096654)
(1096614,1096656)
(1096614,1096661)
(1096614,1096666)
(1096614,1096670)
(1096614,1096675)
(1096614,1096682)
(1096614,1096684)
(1096614,1096689)
(1096614,1096694)
(1096614,1096700)
(1096614,1096704)
(1096614,1096711)
(1096614,1096716)
(1096614,1096717)
(1096614,1096722)
(1096614,1096726)
(1096614,1096731)
(1096614,1096733)
(1096614,1096736)
(1096614,1096740)
(1096614,1096748)
(1096614,1096752)
(1096614,1096755)
(1096614,1096761)
(1096617,1096621)
(1096617,1096627)
(1096617,1096630)
(1096617,1096637)
(1096617,1096639)
(1096617,1096643)
(1096617,1096647)
(1096617,1096654)
(1096617,1096656)
(1096617,1096661)
(1096617,1096666)
(1096617,1096670)
(1096617,1096675)
(1096617,1096682)
(1096617,1096684)
(1096617,1096689)
(1096617,1096694)
(1096617,1096700)
(1096617,1096704)
(1096617,1096711)
(1096617,1096716)
(1096617,1096717)
(1096617,1096722)
(1096617,1096726)
(1096617,1096731)
(1096617,1096733)
(1096617,1096736)
(1096617,1096740)
(1096617,1096748)
(1096617,1096752)
(1096617,1096755)
(1096617,1096761)
(1096621,1096627)
(1096621,1096630)
(1096621,1096637)
(1096621,1096639)
(1096621,1096643)
(1096621,1096647)
(1096621,1096654)
(1096621,1096656)
(1096621,1096661)
(1096621,1096666)
(1096621,1096670)
(1096621,1096675)
(1096621,1096682)
(1096621,1096684)
(1096621,1096689)
(1096621,1096694)
(1096621,1096700)
(1096621,1096704)
(1096621,1096711)
(1096621,1096716)
(1096621,1096717)
(1096621,1096722)
(1096621,1096726)
(1096621,1096731)
(1096621,1096733)
(1096621,1096736)
(1096621,1096740)
(1096621,1096748)
(1096621,1096752)
(1096621,1096755)
(1096621,1096761)
(1096627,1096630)
(1096627,1096637)
(1096627,1096639)
(1096627,1096643)
(1096627,1096647)
(1096627,1096654)
(1096627,1096656)
(1096627,1096661)
(1096627,1096666)
(1096627,1096670)
(1096627,1096675)
(1096627,1096682)
(1096627,1096684)
(1096627,1096689)
(1096627,1096694)
(1096627,1096700)
(1096627,1096704)
(1096627,1096711)
(1096627,1096716)
(1096627,1096717)
(1096627,1096722)
(1096627,1096726)
(1096627,1096731)
(1096627,1096733)
(1096627,1096736)
(1096627,1096740)
(1096627,1096748)
(1096627,1096752)
(1096627,1096755)
(1096627,1096761)
(1096630,1096637)
(1096630,1096639)
(1096630,1096643)
(1096630,1096647)
(1096630,1096654)
(1096630,1096656)
(1096630,1096661)
(1096630,1096666)
(1096630,1096670)
(1096630,1096675)
(1096630,1096682)
(1096630,1096684)
(1096630,1096689)
(1096630,1096694)
(1096630,1096700)
(1096630,1096704)
(1096630,1096711)
(1096630,1096716)
(1096630,1096717)
(1096630,1096722)
(1096630,1096726)
(1096630,1096731)
(1096630,1096733)
(1096630,1096736)
(1096630,1096740)
(1096630,1096748)
(1096630,1096752)
(1096630,1096755)
(1096630,1096761)
(1096637,1096639)
(1096637,1096643)
(1096637,1096647)
(1096637,1096654)
(1096637,1096656)
(1096637,1096661)
(1096637,1096666)
(1096637,1096670)
(1096637,1096675)
(1096637,1096682)
(1096637,1096684)
(1096637,1096689)
(1096637,1096694)
(1096637,1096700)
(1096637,1096704)
(1096637,1096711)
(1096637,1096716)
(1096637,1096717)
(1096637,1096722)
(1096637,1096726)
(1096637,1096731)
(1096637,1096733)
(1096637,1096736)
(1096637,1096740)
(1096637,1096748)
(1096637,1096752)
(1096637,1096755)
(1096637,1096761)
(1096639,1096643)
(1096639,1096647)
(1096639,1096654)
(1096639,1096656)
(1096639,1096661)
(1096639,1096666)
(1096639,1096670)
(1096639,1096675)
(1096639,1096682)
(1096639,1096684)
(1096639,1096689)
(1096639,1096694)
(1096639,1096700)
(1096639,1096704)
(1096639,1096711)
(1096639,1096716)
(1096639,1096717)
(1096639,1096722)
(1096639,1096726)
(1096639,1096731)
(1096639,1096733)
(1096639,1096736)
(1096639,1096740)
(1096639,1096748)
(1096639,1096752)
(1096639,1096755)
(1096639,1096761)
(1096643,1096647)
(1096643,1096654)
(1096643,1096656)
(1096643,1096661)
(1096643,1096666)
(1096643,1096670)
(1096643,1096675)
(1096643,1096682)
(1096643,1096684)
(1096643,1096689)
(1096643,1096694)
(1096643,1096700)
(1096643,1096704)
(1096643,1096711)
(1096643,1096716)
(1096643,1096717)
(1096643,1096722)
(1096643,1096726)
(1096643,1096731)
(1096643,1096733)
(1096643,1096736)
(1096643,1096740)
(1096643,1096748)
(1096643,1096752)
(1096643,1096755)
(1096643,1096761)
(1096647,1096654)
(1096647,1096656)
(1096647,1096661)
(1096647,1096666)
(1096647,1096670)
(1096647,1096675)
(1096647,1096682)
(1096647,1096684)
(1096647,1096689)
(1096647,1096694)
(1096647,1096700)
(1096647,1096704)
(1096647,1096711)
(1096647,1096716)
(1096647,1096717)
(1096647,1096722)
(1096647,1096726)
(1096647,1096731)
(1096647,1096733)
(1096647,1096736)
(1096647,1096740)
(1096647,1096748)
(1096647,1096752)
(1096647,1096755)
(1096647,1096761)
(1096654,1096656)
(1096654,1096661)
(1096654,1096666)
(1096654,1096670)
(1096654,1096675)
(1096654,1096682)
(1096654,1096684)
(1096654,1096689)
(1096654,1096694)
(1096654,1096700)
(1096654,1096704)
(1096654,1096711)
(1096654,1096716)
(1096654,1096717)
(1096654,1096722)
(1096654,1096726)
(1096654,1096731)
(1096654,1096733)
(1096654,1096736)
(1096654,1096740)
(1096654,1096748)
(1096654,1096752)
(1096654,1096755)
(1096654,1096761)
(1096656,1096661)
(1096656,1096666)
(1096656,1096670)
(1096656,1096675)
(1096656,1096682)
(1096656,1096684)
(1096656,1096689)
(1096656,1096694)
(1096656,1096700)
(1096656,1096704)
(1096656,1096711)
(1096656,1096716)
(1096656,1096717)
(1096656,1096722)
(1096656,1096726)
(1096656,1096731)
(1096656,1096733)
(1096656,1096736)
(1096656,1096740)
(1096656,1096748)
(1096656,1096752)
(1096656,1096755)
(1096656,1096761)
(1096661,1096666)
(1096661,1096670)
(1096661,1096675)
(1096661,1096682)
(1096661,1096684)
(1096661,1096689)
(1096661,1096694)
(1096661,1096700)
(1096661,1096704)
(1096661,1096711)
(1096661,1096716)
(1096661,1096717)
(1096661,1096722)
(1096661,1096726)
(1096661,1096731)
(1096661,1096733)
(1096661,1096736)
(1096661,1096740)
(1096661,1096748)
(1096661,1096752)
(1096661,1096755)
(1096661,1096761)
(1096666,1096670)
(1096666,1096675)
(1096666,1096682)
(1096666,1096684)
(1096666,1096689)
(1096666,1096694)
(1096666,1096700)
(1096666,1096704)
(1096666,1096711)
(1096666,1096716)
(1096666,1096717)
(1096666,1096722)
(1096666,1096726)
(1096666,1096731)
(1096666,1096733)
(1096666,1096736)
(1096666,1096740)
(1096666,1096748)
(1096666,1096752)
(1096666,1096755)
(1096666,1096761)
(1096670,1096675)
(1096670,1096682)
(1096670,1096684)
(1096670,1096689)
(1096670,1096694)
(1096670,1096700)
(1096670,1096704)
(1096670,1096711)
(1096670,1096716)
(1096670,1096717)
(1096670,1096722)
(1096670,1096726)
(1096670,1096731)
(1096670,1096733)
(1096670,1096736)
(1096670,1096740)
(1096670,1096748)
(1096670,1096752)
(1096670,1096755)
(1096670,1096761)
(1096675,1096682)
(1096675,1096684)
(1096675,1096689)
(1096675,1096694)
(1096675,1096700)
(1096675,1096704)
(1096675,1096711)
(1096675,1096716)
(1096675,1096717)
(1096675,1096722)
(1096675,1096726)
(1096675,1096731)
(1096675,1096733)
(1096675,1096736)
(1096675,1096740)
(1096675,1096748)
(1096675,1096752)
(1096675,1096755)
(1096675,1096761)
(1096682,1096684)
(1096682,1096689)
(1096682,1096694)
(1096682,1096700)
(1096682,1096704)
(1096682,1096711)
(1096682,1096716)
(1096682,1096717)
(1096682,1096722)
(1096682,1096726)
(1096682,1096731)
(1096682,1096733)
(1096682,1096736)
(1096682,1096740)
(1096682,1096748)
(1096682,1096752)
(1096682,1096755)
(1096682,1096761)
(1096684,1096689)
(1096684,1096694)
(1096684,1096700)
(1096684,1096704)
(1096684,1096711)
(1096684,1096716)
(1096684,1096717)
(1096684,1096722)
(1096684,1096726)
(1096684,1096731)
(1096684,1096733)
(1096684,1096736)
(1096684,1096740)
(1096684,1096748)
(1096684,1096752)
(1096684,1096755)
(1096684,1096761)
(1096689,1096694)
(1096689,1096700)
(1096689,1096704)
(1096689,1096711)
(1096689,1096716)
(1096689,1096717)
(1096689,1096722)
(1096689,1096726)
(1096689,1096731)
(1096689,1096733)
(1096689,1096736)
(1096689,1096740)
(1096689,1096748)
(1096689,1096752)
(1096689,1096755)
(1096689,1096761)
(1096694,1096700)
(1096694,1096704)
(1096694,1096711)
(1096694,1096716)
(1096694,1096717)
(1096694,1096722)
(1096694,1096726)
(1096694,1096731)
(1096694,1096733)
(1096694,1096736)
(1096694,1096740)
(1096694,1096748)
(1096694,1096752)
(1096694,1096755)
(1096694,1096761)
(1096700,1096704)
(1096700,1096711)
(1096700,1096716)
(1096700,1096717)
(1096700,1096722)
(1096700,1096726)
(1096700,1096731)
(1096700,1096733)
(1096700,1096736)
(1096700,1096740)
(1096700,1096748)
(1096700,1096752)
(1096700,1096755)
(1096700,1096761)
(1096704,1096711)
(1096704,1096716)
(1096704,1096717)
(1096704,1096722)
(1096704,1096726)
(1096704,1096731)
(1096704,1096733)
(1096704,1096736)
(1096704,1096740)
(1096704,1096748)
(1096704,1096752)
(1096704,1096755)
(1096704,1096761)
(1096711,1096716)
(1096711,1096717)
(1096711,1096722)
(1096711,1096726)
(1096711,1096731)
(1096711,1096733)
(1096711,1096736)
(1096711,1096740)
(1096711,1096748)
(1096711,1096752)
(1096711,1096755)
(1096711,1096761)
(1096716,1096717)
(1096716,1096722)
(1096716,1096726)
(1096716,1096731)
(1096716,1096733)
(1096716,1096736)
(1096716,1096740)
(1096716,1096748)
(1096716,1096752)
(1096716,1096755)
(1096716,1096761)
(1096717,1096722)
(1096717,1096726)
(1096717,1096731)
(1096717,1096733)
(1096717,1096736)
(1096717,1096740)
(1096717,1096748)
(1096717,1096752)
(1096717,1096755)
(1096717,1096761)
(1096722,1096726)
(1096722,1096731)
(1096722,1096733)
(1096722,1096736)
(1096722,1096740)
(1096722,1096748)
(1096722,1096752)
(1096722,1096755)
(1096722,1096761)
(1096726,1096731)
(1096726,1096733)
(1096726,1096736)
(1096726,1096740)
(1096726,1096748)
(1096726,1096752)
(1096726,1096755)
(1096726,1096761)
(1096731,1096733)
(1096731,1096736)
(1096731,1096740)
(1096731,1096748)
(1096731,1096752)
(1096731,1096755)
(1096731,1096761)
(1096733,1096736)
(1096733,1096740)
(1096733,1096748)
(1096733,1096752)
(1096733,1096755)
(1096733,1096761)
(1096736,1096740)
(1096736,1096748)
(1096736,1096752)
(1096736,1096755)
(1096736,1096761)
(1096740,1096748)
(1096740,1096752)
(1096740,1096755)
(1096740,1096761)
(1096748,1096752)
(1096748,1096755)
(1096748,1096761)
(1096752,1096755)
(1096752,1096761)
(1096755,1096761)
(1096766,1096770)
(1096766,1096779)
(1096766,1096789)
(1096766,1096795)
(1096766,1096805)
(1096770,1096779)
(1096770,1096789)
(1096770,1096795)
(1096770,1096805)
(1096779,1096789)
(1096779,1096795)
(1096779,1096805)
(1096789,1096795)
(1096789,1096805)
(1096795,1096805)
(14947,183397)
(14947,183401)
(14947,183405)
(14947,183408)
(14947,183410)
(14947,1096856)
(14947,1096860)
(14947,1096863)
(14947,1096865)
(14947,1096869)
(14947,1096873)
(14947,1096878)
(14947,1096882)
(14947,1096887)
(14947,1096890)
(14947,1096894)
(14947,1096899)
(14947,1096902)
(14947,1096905)
(14947,1096914)
(14947,1096915)
(14947,1096923)
(14947,1096928)
(14947,1096930)
(14947,1096938)
(14947,1096944)
(14947,1096949)
(14947,1096954)
(14947,1096960)
(14947,1096966)
(14947,1096972)
(14947,1096973)
(14947,1096982)
(14947,1096987)
(14947,1096992)
(14947,1096995)
(14947,1097000)
(14947,1097006)
(14947,1097010)
(14947,1097011)
(183397,183401)
(183397,183405)
(183397,183408)
(183397,183410)
(183397,1096856)
(183397,1096860)
(183397,1096863)
(183397,1096865)
(183397,1096869)
(183397,1096873)
(183397,1096878)
(183397,1096882)
(183397,1096887)
(183397,1096890)
(183397,1096894)
(183397,1096899)
(183397,1096902)
(183397,1096905)
(183397,1096914)
(183397,1096915)
(183397,1096923)
(183397,1096928)
(183397,1096930)
(183397,1096938)
(183397,1096944)
(183397,1096949)
(183397,1096954)
(183397,1096960)
(183397,1096966)
(183397,1096972)
(183397,1096973)
(183397,1096982)
(183397,1096987)
(183397,1096992)
(183397,1096995)
(183397,1097000)
(183397,1097006)
(183397,1097010)
(183397,1097011)
(183401,183405)
(183401,183408)
(183401,183410)
(183401,1096856)
(183401,1096860)
(183401,1096863)
(183401,1096865)
(183401,1096869)
(183401,1096873)
(183401,1096878)
(183401,1096882)
(183401,1096887)
(183401,1096890)
(183401,1096894)
(183401,1096899)
(183401,1096902)
(183401,1096905)
(183401,1096914)
(183401,1096915)
(183401,1096923)
(183401,1096928)
(183401,1096930)
(183401,1096938)
(183401,1096944)
(183401,1096949)
(183401,1096954)
(183401,1096960)
(183401,1096966)
(183401,1096972)
(183401,1096973)
(183401,1096982)
(183401,1096987)
(183401,1096992)
(183401,1096995)
(183401,1097000)
(183401,1097006)
(183401,1097010)
(183401,1097011)
(183405,183408)
(183405,183410)
(183405,1096856)
(183405,1096860)
(183405,1096863)
(183405,1096865)
(183405,1096869)
(183405,1096873)
(183405,1096878)
(183405,1096882)
(183405,1096887)
(183405,1096890)
(183405,1096894)
(183405,1096899)
(183405,1096902)
(183405,1096905)
(183405,1096914)
(183405,1096915)
(183405,1096923)
(183405,1096928)
(183405,1096930)
(183405,1096938)
(183405,1096944)
(183405,1096949)
(183405,1096954)
(183405,1096960)
(183405,1096966)
(183405,1096972)
(183405,1096973)
(183405,1096982)
(183405,1096987)
(183405,1096992)
(183405,1096995)
(183405,1097000)
(183405,1097006)
(183405,1097010)
(183405,1097011)
(183408,183410)
(183408,1096856)
(183408,1096860)
(183408,1096863)
(183408,1096865)
(183408,1096869)
(183408,1096873)
(183408,1096878)
(183408,1096882)
(183408,1096887)
(183408,1096890)
(183408,1096894)
(183408,1096899)
(183408,1096902)
(183408,1096905)
(183408,1096914)
(183408,1096915)
(183408,1096923)
(183408,1096928)
(183408,1096930)
(183408,1096938)
(183408,1096944)
(183408,1096949)
(183408,1096954)
(183408,1096960)
(183408,1096966)
(183408,1096972)
(183408,1096973)
(183408,1096982)
(183408,1096987)
(183408,1096992)
(183408,1096995)
(183408,1097000)
(183408,1097006)
(183408,1097010)
(183408,1097011)
(183410,1096856)
(183410,1096860)
(183410,1096863)
(183410,1096865)
(183410,1096869)
(183410,1096873)
(183410,1096878)
(183410,1096882)
(183410,1096887)
(183410,1096890)
(183410,1096894)
(183410,1096899)
(183410,1096902)
(183410,1096905)
(183410,1096914)
(183410,1096915)
(183410,1096923)
(183410,1096928)
(183410,1096930)
(183410,1096938)
(183410,1096944)
(183410,1096949)
(183410,1096954)
(183410,1096960)
(183410,1096966)
(183410,1096972)
(183410,1096973)
(183410,1096982)
(183410,1096987)
(183410,1096992)
(183410,1096995)
(183410,1097000)
(183410,1097006)
(183410,1097010)
(183410,1097011)
(1096856,1096860)
(1096856,1096863)
(1096856,1096865)
(1096856,1096869)
(1096856,1096873)
(1096856,1096878)
(1096856,1096882)
(1096856,1096887)
(1096856,1096890)
(1096856,1096894)
(1096856,1096899)
(1096856,1096902)
(1096856,1096905)
(1096856,1096914)
(1096856,1096915)
(1096856,1096923)
(1096856,1096928)
(1096856,1096930)
(1096856,1096938)
(1096856,1096944)
(1096856,1096949)
(1096856,1096954)
(1096856,1096960)
(1096856,1096966)
(1096856,1096972)
(1096856,1096973)
(1096856,1096982)
(1096856,1096987)
(1096856,1096992)
(1096856,1096995)
(1096856,1097000)
(1096856,1097006)
(1096856,1097010)
(1096856,1097011)
(1096860,1096863)
(1096860,1096865)
(1096860,1096869)
(1096860,1096873)
(1096860,1096878)
(1096860,1096882)
(1096860,1096887)
(1096860,1096890)
(1096860,1096894)
(1096860,1096899)
(1096860,1096902)
(1096860,1096905)
(1096860,1096914)
(1096860,1096915)
(1096860,1096923)
(1096860,1096928)
(1096860,1096930)
(1096860,1096938)
(1096860,1096944)
(1096860,1096949)
(1096860,1096954)
(1096860,1096960)
(1096860,1096966)
(1096860,1096972)
(1096860,1096973)
(1096860,1096982)
(1096860,1096987)
(1096860,1096992)
(1096860,1096995)
(1096860,1097000)
(1096860,1097006)
(1096860,1097010)
(1096860,1097011)
(1096863,1096865)
(1096863,1096869)
(1096863,1096873)
(1096863,1096878)
(1096863,1096882)
(1096863,1096887)
(1096863,1096890)
(1096863,1096894)
(1096863,1096899)
(1096863,1096902)
(1096863,1096905)
(1096863,1096914)
(1096863,1096915)
(1096863,1096923)
(1096863,1096928)
(1096863,1096930)
(1096863,1096938)
(1096863,1096944)
(1096863,1096949)
(1096863,1096954)
(1096863,1096960)
(1096863,1096966)
(1096863,1096972)
(1096863,1096973)
(1096863,1096982)
(1096863,1096987)
(1096863,1096992)
(1096863,1096995)
(1096863,1097000)
(1096863,1097006)
(1096863,1097010)
(1096863,1097011)
(1096865,1096869)
(1096865,1096873)
(1096865,1096878)
(1096865,1096882)
(1096865,1096887)
(1096865,1096890)
(1096865,1096894)
(1096865,1096899)
(1096865,1096902)
(1096865,1096905)
(1096865,1096914)
(1096865,1096915)
(1096865,1096923)
(1096865,1096928)
(1096865,1096930)
(1096865,1096938)
(1096865,1096944)
(1096865,1096949)
(1096865,1096954)
(1096865,1096960)
(1096865,1096966)
(1096865,1096972)
(1096865,1096973)
(1096865,1096982)
(1096865,1096987)
(1096865,1096992)
(1096865,1096995)
(1096865,1097000)
(1096865,1097006)
(1096865,1097010)
(1096865,1097011)
(1096869,1096873)
(1096869,1096878)
(1096869,1096882)
(1096869,1096887)
(1096869,1096890)
(1096869,1096894)
(1096869,1096899)
(1096869,1096902)
(1096869,1096905)
(1096869,1096914)
(1096869,1096915)
(1096869,1096923)
(1096869,1096928)
(1096869,1096930)
(1096869,1096938)
(1096869,1096944)
(1096869,1096949)
(1096869,1096954)
(1096869,1096960)
(1096869,1096966)
(1096869,1096972)
(1096869,1096973)
(1096869,1096982)
(1096869,1096987)
(1096869,1096992)
(1096869,1096995)
(1096869,1097000)
(1096869,1097006)
(1096869,1097010)
(1096869,1097011)
(1096873,1096878)
(1096873,1096882)
(1096873,1096887)
(1096873,1096890)
(1096873,1096894)
(1096873,1096899)
(1096873,1096902)
(1096873,1096905)
(1096873,1096914)
(1096873,1096915)
(1096873,1096923)
(1096873,1096928)
(1096873,1096930)
(1096873,1096938)
(1096873,1096944)
(1096873,1096949)
(1096873,1096954)
(1096873,1096960)
(1096873,1096966)
(1096873,1096972)
(1096873,1096973)
(1096873,1096982)
(1096873,1096987)
(1096873,1096992)
(1096873,1096995)
(1096873,1097000)
(1096873,1097006)
(1096873,1097010)
(1096873,1097011)
(1096878,1096882)
(1096878,1096887)
(1096878,1096890)
(1096878,1096894)
(1096878,1096899)
(1096878,1096902)
(1096878,1096905)
(1096878,1096914)
(1096878,1096915)
(1096878,1096923)
(1096878,1096928)
(1096878,1096930)
(1096878,1096938)
(1096878,1096944)
(1096878,1096949)
(1096878,1096954)
(1096878,1096960)
(1096878,1096966)
(1096878,1096972)
(1096878,1096973)
(1096878,1096982)
(1096878,1096987)
(1096878,1096992)
(1096878,1096995)
(1096878,1097000)
(1096878,1097006)
(1096878,1097010)
(1096878,1097011)
(1096882,1096887)
(1096882,1096890)
(1096882,1096894)
(1096882,1096899)
(1096882,1096902)
(1096882,1096905)
(1096882,1096914)
(1096882,1096915)
(1096882,1096923)
(1096882,1096928)
(1096882,1096930)
(1096882,1096938)
(1096882,1096944)
(1096882,1096949)
(1096882,1096954)
(1096882,1096960)
(1096882,1096966)
(1096882,1096972)
(1096882,1096973)
(1096882,1096982)
(1096882,1096987)
(1096882,1096992)
(1096882,1096995)
(1096882,1097000)
(1096882,1097006)
(1096882,1097010)
(1096882,1097011)
(1096887,1096890)
(1096887,1096894)
(1096887,1096899)
(1096887,1096902)
(1096887,1096905)
(1096887,1096914)
(1096887,1096915)
(1096887,1096923)
(1096887,1096928)
(1096887,1096930)
(1096887,1096938)
(1096887,1096944)
(1096887,1096949)
(1096887,1096954)
(1096887,1096960)
(1096887,1096966)
(1096887,1096972)
(1096887,1096973)
(1096887,1096982)
(1096887,1096987)
(1096887,1096992)
(1096887,1096995)
(1096887,1097000)
(1096887,1097006)
(1096887,1097010)
(1096887,1097011)
(1096890,1096894)
(1096890,1096899)
(1096890,1096902)
(1096890,1096905)
(1096890,1096914)
(1096890,1096915)
(1096890,1096923)
(1096890,1096928)
(1096890,1096930)
(1096890,1096938)
(1096890,1096944)
(1096890,1096949)
(1096890,1096954)
(1096890,1096960)
(1096890,1096966)
(1096890,1096972)
(1096890,1096973)
(1096890,1096982)
(1096890,1096987)
(1096890,1096992)
(1096890,1096995)
(1096890,1097000)
(1096890,1097006)
(1096890,1097010)
(1096890,1097011)
(1096894,1096899)
(1096894,1096902)
(1096894,1096905)
(1096894,1096914)
(1096894,1096915)
(1096894,1096923)
(1096894,1096928)
(1096894,1096930)
(1096894,1096938)
(1096894,1096944)
(1096894,1096949)
(1096894,1096954)
(1096894,1096960)
(1096894,1096966)
(1096894,1096972)
(1096894,1096973)
(1096894,1096982)
(1096894,1096987)
(1096894,1096992)
(1096894,1096995)
(1096894,1097000)
(1096894,1097006)
(1096894,1097010)
(1096894,1097011)
(1096899,1096902)
(1096899,1096905)
(1096899,1096914)
(1096899,1096915)
(1096899,1096923)
(1096899,1096928)
(1096899,1096930)
(1096899,1096938)
(1096899,1096944)
(1096899,1096949)
(1096899,1096954)
(1096899,1096960)
(1096899,1096966)
(1096899,1096972)
(1096899,1096973)
(1096899,1096982)
(1096899,1096987)
(1096899,1096992)
(1096899,1096995)
(1096899,1097000)
(1096899,1097006)
(1096899,1097010)
(1096899,1097011)
(1096902,1096905)
(1096902,1096914)
(1096902,1096915)
(1096902,1096923)
(1096902,1096928)
(1096902,1096930)
(1096902,1096938)
(1096902,1096944)
(1096902,1096949)
(1096902,1096954)
(1096902,1096960)
(1096902,1096966)
(1096902,1096972)
(1096902,1096973)
(1096902,1096982)
(1096902,1096987)
(1096902,1096992)
(1096902,1096995)
(1096902,1097000)
(1096902,1097006)
(1096902,1097010)
(1096902,1097011)
(1096905,1096914)
(1096905,1096915)
(1096905,1096923)
(1096905,1096928)
(1096905,1096930)
(1096905,1096938)
(1096905,1096944)
(1096905,1096949)
(1096905,1096954)
(1096905,1096960)
(1096905,1096966)
(1096905,1096972)
(1096905,1096973)
(1096905,1096982)
(1096905,1096987)
(1096905,1096992)
(1096905,1096995)
(1096905,1097000)
(1096905,1097006)
(1096905,1097010)
(1096905,1097011)
(1096914,1096915)
(1096914,1096923)
(1096914,1096928)
(1096914,1096930)
(1096914,1096938)
(1096914,1096944)
(1096914,1096949)
(1096914,1096954)
(1096914,1096960)
(1096914,1096966)
(1096914,1096972)
(1096914,1096973)
(1096914,1096982)
(1096914,1096987)
(1096914,1096992)
(1096914,1096995)
(1096914,1097000)
(1096914,1097006)
(1096914,1097010)
(1096914,1097011)
(1096915,1096923)
(1096915,1096928)
(1096915,1096930)
(1096915,1096938)
(1096915,1096944)
(1096915,1096949)
(1096915,1096954)
(1096915,1096960)
(1096915,1096966)
(1096915,1096972)
(1096915,1096973)
(1096915,1096982)
(1096915,1096987)
(1096915,1096992)
(1096915,1096995)
(1096915,1097000)
(1096915,1097006)
(1096915,1097010)
(1096915,1097011)
(1096923,1096928)
(1096923,1096930)
(1096923,1096938)
(1096923,1096944)
(1096923,1096949)
(1096923,1096954)
(1096923,1096960)
(1096923,1096966)
(1096923,1096972)
(1096923,1096973)
(1096923,1096982)
(1096923,1096987)
(1096923,1096992)
(1096923,1096995)
(1096923,1097000)
(1096923,1097006)
(1096923,1097010)
(1096923,1097011)
(1096928,1096930)
(1096928,1096938)
(1096928,1096944)
(1096928,1096949)
(1096928,1096954)
(1096928,1096960)
(1096928,1096966)
(1096928,1096972)
(1096928,1096973)
(1096928,1096982)
(1096928,1096987)
(1096928,1096992)
(1096928,1096995)
(1096928,1097000)
(1096928,1097006)
(1096928,1097010)
(1096928,1097011)
(1096930,1096938)
(1096930,1096944)
(1096930,1096949)
(1096930,1096954)
(1096930,1096960)
(1096930,1096966)
(1096930,1096972)
(1096930,1096973)
(1096930,1096982)
(1096930,1096987)
(1096930,1096992)
(1096930,1096995)
(1096930,1097000)
(1096930,1097006)
(1096930,1097010)
(1096930,1097011)
(1096938,1096944)
(1096938,1096949)
(1096938,1096954)
(1096938,1096960)
(1096938,1096966)
(1096938,1096972)
(1096938,1096973)
(1096938,1096982)
(1096938,1096987)
(1096938,1096992)
(1096938,1096995)
(1096938,1097000)
(1096938,1097006)
(1096938,1097010)
(1096938,1097011)
(1096944,1096949)
(1096944,1096954)
(1096944,1096960)
(1096944,1096966)
(1096944,1096972)
(1096944,1096973)
(1096944,1096982)
(1096944,1096987)
(1096944,1096992)
(1096944,1096995)
(1096944,1097000)
(1096944,1097006)
(1096944,1097010)
(1096944,1097011)
(1096949,1096954)
(1096949,1096960)
(1096949,1096966)
(1096949,1096972)
(1096949,1096973)
(1096949,1096982)
(1096949,1096987)
(1096949,1096992)
(1096949,1096995)
(1096949,1097000)
(1096949,1097006)
(1096949,1097010)
(1096949,1097011)
(1096954,1096960)
(1096954,1096966)
(1096954,1096972)
(1096954,1096973)
(1096954,1096982)
(1096954,1096987)
(1096954,1096992)
(1096954,1096995)
(1096954,1097000)
(1096954,1097006)
(1096954,1097010)
(1096954,1097011)
(1096960,1096966)
(1096960,1096972)
(1096960,1096973)
(1096960,1096982)
(1096960,1096987)
(1096960,1096992)
(1096960,1096995)
(1096960,1097000)
(1096960,1097006)
(1096960,1097010)
(1096960,1097011)
(1096966,1096972)
(1096966,1096973)
(1096966,1096982)
(1096966,1096987)
(1096966,1096992)
(1096966,1096995)
(1096966,1097000)
(1096966,1097006)
(1096966,1097010)
(1096966,1097011)
(1096972,1096973)
(1096972,1096982)
(1096972,1096987)
(1096972,1096992)
(1096972,1096995)
(1096972,1097000)
(1096972,1097006)
(1096972,1097010)
(1096972,1097011)
(1096973,1096982)
(1096973,1096987)
(1096973,1096992)
(1096973,1096995)
(1096973,1097000)
(1096973,1097006)
(1096973,1097010)
(1096973,1097011)
(1096982,1096987)
(1096982,1096992)
(1096982,1096995)
(1096982,1097000)
(1096982,1097006)
(1096982,1097010)
(1096982,1097011)
(1096987,1096992)
(1096987,1096995)
(1096987,1097000)
(1096987,1097006)
(1096987,1097010)
(1096987,1097011)
(1096992,1096995)
(1096992,1097000)
(1096992,1097006)
(1096992,1097010)
(1096992,1097011)
(1096995,1097000)
(1096995,1097006)
(1096995,1097010)
(1096995,1097011)
(1097000,1097006)
(1097000,1097010)
(1097000,1097011)
(1097006,1097010)
(1097006,1097011)
(1097010,1097011)
(1097037,1097040)
(1097060,1097065)
(1097060,1097068)
(1097060,1097078)
(1097065,1097068)
(1097065,1097078)
(1097068,1097078)
(1097089,1097094)
(1097089,1097098)
(1097089,1097102)
(1097094,1097098)
(1097094,1097102)
(1097098,1097102)
(715684,715704)
(715684,715711)
(715684,716518)
(715684,1097194)
(715684,1097202)
(715684,1097206)
(715684,1097210)
(715684,1097213)
(715684,1097220)
(715684,1097227)
(715704,715711)
(715704,716518)
(715704,1097194)
(715704,1097202)
(715704,1097206)
(715704,1097210)
(715704,1097213)
(715704,1097220)
(715704,1097227)
(715711,716518)
(715711,1097194)
(715711,1097202)
(715711,1097206)
(715711,1097210)
(715711,1097213)
(715711,1097220)
(715711,1097227)
(716518,1097194)
(716518,1097202)
(716518,1097206)
(716518,1097210)
(716518,1097213)
(716518,1097220)
(716518,1097227)
(1097194,1097202)
(1097194,1097206)
(1097194,1097210)
(1097194,1097213)
(1097194,1097220)
(1097194,1097227)
(1097202,1097206)
(1097202,1097210)
(1097202,1097213)
(1097202,1097220)
(1097202,1097227)
(1097206,1097210)
(1097206,1097213)
(1097206,1097220)
(1097206,1097227)
(1097210,1097213)
(1097210,1097220)
(1097210,1097227)
(1097213,1097220)
(1097213,1097227)
(1097220,1097227)
(1097300,1097307)
(1097300,1097314)
(1097307,1097314)
(1097322,1097327)
(1097322,1097332)
(1097322,1097334)
(1097322,1097339)
(1097322,1097344)
(1097322,1097348)
(1097322,1097350)
(1097322,1097354)
(1097322,1097356)
(1097322,1097361)
(1097322,1097367)
(1097322,1097369)
(1097322,1097372)
(1097322,1097376)
(1097327,1097332)
(1097327,1097334)
(1097327,1097339)
(1097327,1097344)
(1097327,1097348)
(1097327,1097350)
(1097327,1097354)
(1097327,1097356)
(1097327,1097361)
(1097327,1097367)
(1097327,1097369)
(1097327,1097372)
(1097327,1097376)
(1097332,1097334)
(1097332,1097339)
(1097332,1097344)
(1097332,1097348)
(1097332,1097350)
(1097332,1097354)
(1097332,1097356)
(1097332,1097361)
(1097332,1097367)
(1097332,1097369)
(1097332,1097372)
(1097332,1097376)
(1097334,1097339)
(1097334,1097344)
(1097334,1097348)
(1097334,1097350)
(1097334,1097354)
(1097334,1097356)
(1097334,1097361)
(1097334,1097367)
(1097334,1097369)
(1097334,1097372)
(1097334,1097376)
(1097339,1097344)
(1097339,1097348)
(1097339,1097350)
(1097339,1097354)
(1097339,1097356)
(1097339,1097361)
(1097339,1097367)
(1097339,1097369)
(1097339,1097372)
(1097339,1097376)
(1097344,1097348)
(1097344,1097350)
(1097344,1097354)
(1097344,1097356)
(1097344,1097361)
(1097344,1097367)
(1097344,1097369)
(1097344,1097372)
(1097344,1097376)
(1097348,1097350)
(1097348,1097354)
(1097348,1097356)
(1097348,1097361)
(1097348,1097367)
(1097348,1097369)
(1097348,1097372)
(1097348,1097376)
(1097350,1097354)
(1097350,1097356)
(1097350,1097361)
(1097350,1097367)
(1097350,1097369)
(1097350,1097372)
(1097350,1097376)
(1097354,1097356)
(1097354,1097361)
(1097354,1097367)
(1097354,1097369)
(1097354,1097372)
(1097354,1097376)
(1097356,1097361)
(1097356,1097367)
(1097356,1097369)
(1097356,1097372)
(1097356,1097376)
(1097361,1097367)
(1097361,1097369)
(1097361,1097372)
(1097361,1097376)
(1097367,1097369)
(1097367,1097372)
(1097367,1097376)
(1097369,1097372)
(1097369,1097376)
(1097372,1097376)
(1097400,1097402)
(1097400,1097410)
(1097402,1097410)
