(443987,444003)
(443987,444007)
(443987,444020)
(443987,444031)
(443987,444043)
(443987,444051)
(443987,444065)
(443987,444077)
(443987,444087)
(443987,444098)
(443987,444106)
(443987,444300)
(443987,444308)
(443987,444318)
(443987,444355)
(443987,444363)
(443987,444414)
(443987,444451)
(443987,444459)
(443987,1102047)
(443987,1102054)
(443987,1102056)
(443987,1102065)
(443987,1102073)
(443987,1102081)
(443987,1102087)
(443987,1102094)
(443987,1102107)
(443987,1102112)
(443987,1102117)
(443987,1102125)
(443987,1102133)
(443987,1102143)
(443987,1102150)
(443987,1102154)
(443987,1102169)
(443987,1102178)
(443987,1102188)
(443987,1102195)
(443987,1102199)
(443987,1102204)
(443987,1102210)
(444003,444007)
(444003,444020)
(444003,444031)
(444003,444043)
(444003,444051)
(444003,444065)
(444003,444077)
(444003,444087)
(444003,444098)
(444003,444106)
(444003,444300)
(444003,444308)
(444003,444318)
(444003,444355)
(444003,444363)
(444003,444414)
(444003,444451)
(444003,444459)
(444003,1102047)
(444003,1102054)
(444003,1102056)
(444003,1102065)
(444003,1102073)
(444003,1102081)
(444003,1102087)
(444003,1102094)
(444003,1102107)
(444003,1102112)
(444003,1102117)
(444003,1102125)
(444003,1102133)
(444003,1102143)
(444003,1102150)
(444003,1102154)
(444003,1102169)
(444003,1102178)
(444003,1102188)
(444003,1102195)
(444003,1102199)
(444003,1102204)
(444003,1102210)
(444007,444020)
(444007,444031)
(444007,444043)
(444007,444051)
(444007,444065)
(444007,444077)
(444007,444087)
(444007,444098)
(444007,444106)
(444007,444300)
(444007,444308)
(444007,444318)
(444007,444355)
(444007,444363)
(444007,444414)
(444007,444451)
(444007,444459)
(444007,1102047)
(444007,1102054)
(444007,1102056)
(444007,1102065)
(444007,1102073)
(444007,1102081)
(444007,1102087)
(444007,1102094)
(444007,1102107)
(444007,1102112)
(444007,1102117)
(444007,1102125)
(444007,1102133)
(444007,1102143)
(444007,1102150)
(444007,1102154)
(444007,1102169)
(444007,1102178)
(444007,1102188)
(444007,1102195)
(444007,1102199)
(444007,1102204)
(444007,1102210)
(444020,444031)
(444020,444043)
(444020,444051)
(444020,444065)
(444020,444077)
(444020,444087)
(444020,444098)
(444020,444106)
(444020,444300)
(444020,444308)
(444020,444318)
(444020,444355)
(444020,444363)
(444020,444414)
(444020,444451)
(444020,444459)
(444020,1102047)
(444020,1102054)
(444020,1102056)
(444020,1102065)
(444020,1102073)
(444020,1102081)
(444020,1102087)
(444020,1102094)
(444020,1102107)
(444020,1102112)
(444020,1102117)
(444020,1102125)
(444020,1102133)
(444020,1102143)
(444020,1102150)
(444020,1102154)
(444020,1102169)
(444020,1102178)
(444020,1102188)
(444020,1102195)
(444020,1102199)
(444020,1102204)
(444020,1102210)
(444031,444043)
(444031,444051)
(444031,444065)
(444031,444077)
(444031,444087)
(444031,444098)
(444031,444106)
(444031,444300)
(444031,444308)
(444031,444318)
(444031,444355)
(444031,444363)
(444031,444414)
(444031,444451)
(444031,444459)
(444031,1102047)
(444031,1102054)
(444031,1102056)
(444031,1102065)
(444031,1102073)
(444031,1102081)
(444031,1102087)
(444031,1102094)
(444031,1102107)
(444031,1102112)
(444031,1102117)
(444031,1102125)
(444031,1102133)
(444031,1102143)
(444031,1102150)
(444031,1102154)
(444031,1102169)
(444031,1102178)
(444031,1102188)
(444031,1102195)
(444031,1102199)
(444031,1102204)
(444031,1102210)
(444043,444051)
(444043,444065)
(444043,444077)
(444043,444087)
(444043,444098)
(444043,444106)
(444043,444300)
(444043,444308)
(444043,444318)
(444043,444355)
(444043,444363)
(444043,444414)
(444043,444451)
(444043,444459)
(444043,1102047)
(444043,1102054)
(444043,1102056)
(444043,1102065)
(444043,1102073)
(444043,1102081)
(444043,1102087)
(444043,1102094)
(444043,1102107)
(444043,1102112)
(444043,1102117)
(444043,1102125)
(444043,1102133)
(444043,1102143)
(444043,1102150)
(444043,1102154)
(444043,1102169)
(444043,1102178)
(444043,1102188)
(444043,1102195)
(444043,1102199)
(444043,1102204)
(444043,1102210)
(444051,444065)
(444051,444077)
(444051,444087)
(444051,444098)
(444051,444106)
(444051,444300)
(444051,444308)
(444051,444318)
(444051,444355)
(444051,444363)
(444051,444414)
(444051,444451)
(444051,444459)
(444051,1102047)
(444051,1102054)
(444051,1102056)
(444051,1102065)
(444051,1102073)
(444051,1102081)
(444051,1102087)
(444051,1102094)
(444051,1102107)
(444051,1102112)
(444051,1102117)
(444051,1102125)
(444051,1102133)
(444051,1102143)
(444051,1102150)
(444051,1102154)
(444051,1102169)
(444051,1102178)
(444051,1102188)
(444051,1102195)
(444051,1102199)
(444051,1102204)
(444051,1102210)
(444065,444077)
(444065,444087)
(444065,444098)
(444065,444106)
(444065,444300)
(444065,444308)
(444065,444318)
(444065,444355)
(444065,444363)
(444065,444414)
(444065,444451)
(444065,444459)
(444065,1102047)
(444065,1102054)
(444065,1102056)
(444065,1102065)
(444065,1102073)
(444065,1102081)
(444065,1102087)
(444065,1102094)
(444065,1102107)
(444065,1102112)
(444065,1102117)
(444065,1102125)
(444065,1102133)
(444065,1102143)
(444065,1102150)
(444065,1102154)
(444065,1102169)
(444065,1102178)
(444065,1102188)
(444065,1102195)
(444065,1102199)
(444065,1102204)
(444065,1102210)
(444077,444087)
(444077,444098)
(444077,444106)
(444077,444300)
(444077,444308)
(444077,444318)
(444077,444355)
(444077,444363)
(444077,444414)
(444077,444451)
(444077,444459)
(444077,1102047)
(444077,1102054)
(444077,1102056)
(444077,1102065)
(444077,1102073)
(444077,1102081)
(444077,1102087)
(444077,1102094)
(444077,1102107)
(444077,1102112)
(444077,1102117)
(444077,1102125)
(444077,1102133)
(444077,1102143)
(444077,1102150)
(444077,1102154)
(444077,1102169)
(444077,1102178)
(444077,1102188)
(444077,1102195)
(444077,1102199)
(444077,1102204)
(444077,1102210)
(444087,444098)
(444087,444106)
(444087,444300)
(444087,444308)
(444087,444318)
(444087,444355)
(444087,444363)
(444087,444414)
(444087,444451)
(444087,444459)
(444087,1102047)
(444087,1102054)
(444087,1102056)
(444087,1102065)
(444087,1102073)
(444087,1102081)
(444087,1102087)
(444087,1102094)
(444087,1102107)
(444087,1102112)
(444087,1102117)
(444087,1102125)
(444087,1102133)
(444087,1102143)
(444087,1102150)
(444087,1102154)
(444087,1102169)
(444087,1102178)
(444087,1102188)
(444087,1102195)
(444087,1102199)
(444087,1102204)
(444087,1102210)
(444098,444106)
(444098,444300)
(444098,444308)
(444098,444318)
(444098,444355)
(444098,444363)
(444098,444414)
(444098,444451)
(444098,444459)
(444098,1102047)
(444098,1102054)
(444098,1102056)
(444098,1102065)
(444098,1102073)
(444098,1102081)
(444098,1102087)
(444098,1102094)
(444098,1102107)
(444098,1102112)
(444098,1102117)
(444098,1102125)
(444098,1102133)
(444098,1102143)
(444098,1102150)
(444098,1102154)
(444098,1102169)
(444098,1102178)
(444098,1102188)
(444098,1102195)
(444098,1102199)
(444098,1102204)
(444098,1102210)
(444106,444300)
(444106,444308)
(444106,444318)
(444106,444355)
(444106,444363)
(444106,444414)
(444106,444451)
(444106,444459)
(444106,1102047)
(444106,1102054)
(444106,1102056)
(444106,1102065)
(444106,1102073)
(444106,1102081)
(444106,1102087)
(444106,1102094)
(444106,1102107)
(444106,1102112)
(444106,1102117)
(444106,1102125)
(444106,1102133)
(444106,1102143)
(444106,1102150)
(444106,1102154)
(444106,1102169)
(444106,1102178)
(444106,1102188)
(444106,1102195)
(444106,1102199)
(444106,1102204)
(444106,1102210)
(444300,444308)
(444300,444318)
(444300,444355)
(444300,444363)
(444300,444414)
(444300,444451)
(444300,444459)
(444300,1102047)
(444300,1102054)
(444300,1102056)
(444300,1102065)
(444300,1102073)
(444300,1102081)
(444300,1102087)
(444300,1102094)
(444300,1102107)
(444300,1102112)
(444300,1102117)
(444300,1102125)
(444300,1102133)
(444300,1102143)
(444300,1102150)
(444300,1102154)
(444300,1102169)
(444300,1102178)
(444300,1102188)
(444300,1102195)
(444300,1102199)
(444300,1102204)
(444300,1102210)
(444308,444318)
(444308,444355)
(444308,444363)
(444308,444414)
(444308,444451)
(444308,444459)
(444308,1102047)
(444308,1102054)
(444308,1102056)
(444308,1102065)
(444308,1102073)
(444308,1102081)
(444308,1102087)
(444308,1102094)
(444308,1102107)
(444308,1102112)
(444308,1102117)
(444308,1102125)
(444308,1102133)
(444308,1102143)
(444308,1102150)
(444308,1102154)
(444308,1102169)
(444308,1102178)
(444308,1102188)
(444308,1102195)
(444308,1102199)
(444308,1102204)
(444308,1102210)
(444318,444355)
(444318,444363)
(444318,444414)
(444318,444451)
(444318,444459)
(444318,1102047)
(444318,1102054)
(444318,1102056)
(444318,1102065)
(444318,1102073)
(444318,1102081)
(444318,1102087)
(444318,1102094)
(444318,1102107)
(444318,1102112)
(444318,1102117)
(444318,1102125)
(444318,1102133)
(444318,1102143)
(444318,1102150)
(444318,1102154)
(444318,1102169)
(444318,1102178)
(444318,1102188)
(444318,1102195)
(444318,1102199)
(444318,1102204)
(444318,1102210)
(444355,444363)
(444355,444414)
(444355,444451)
(444355,444459)
(444355,1102047)
(444355,1102054)
(444355,1102056)
(444355,1102065)
(444355,1102073)
(444355,1102081)
(444355,1102087)
(444355,1102094)
(444355,1102107)
(444355,1102112)
(444355,1102117)
(444355,1102125)
(444355,1102133)
(444355,1102143)
(444355,1102150)
(444355,1102154)
(444355,1102169)
(444355,1102178)
(444355,1102188)
(444355,1102195)
(444355,1102199)
(444355,1102204)
(444355,1102210)
(444363,444414)
(444363,444451)
(444363,444459)
(444363,1102047)
(444363,1102054)
(444363,1102056)
(444363,1102065)
(444363,1102073)
(444363,1102081)
(444363,1102087)
(444363,1102094)
(444363,1102107)
(444363,1102112)
(444363,1102117)
(444363,1102125)
(444363,1102133)
(444363,1102143)
(444363,1102150)
(444363,1102154)
(444363,1102169)
(444363,1102178)
(444363,1102188)
(444363,1102195)
(444363,1102199)
(444363,1102204)
(444363,1102210)
(444414,444451)
(444414,444459)
(444414,1102047)
(444414,1102054)
(444414,1102056)
(444414,1102065)
(444414,1102073)
(444414,1102081)
(444414,1102087)
(444414,1102094)
(444414,1102107)
(444414,1102112)
(444414,1102117)
(444414,1102125)
(444414,1102133)
(444414,1102143)
(444414,1102150)
(444414,1102154)
(444414,1102169)
(444414,1102178)
(444414,1102188)
(444414,1102195)
(444414,1102199)
(444414,1102204)
(444414,1102210)
(444451,444459)
(444451,1102047)
(444451,1102054)
(444451,1102056)
(444451,1102065)
(444451,1102073)
(444451,1102081)
(444451,1102087)
(444451,1102094)
(444451,1102107)
(444451,1102112)
(444451,1102117)
(444451,1102125)
(444451,1102133)
(444451,1102143)
(444451,1102150)
(444451,1102154)
(444451,1102169)
(444451,1102178)
(444451,1102188)
(444451,1102195)
(444451,1102199)
(444451,1102204)
(444451,1102210)
(444459,1102047)
(444459,1102054)
(444459,1102056)
(444459,1102065)
(444459,1102073)
(444459,1102081)
(444459,1102087)
(444459,1102094)
(444459,1102107)
(444459,1102112)
(444459,1102117)
(444459,1102125)
(444459,1102133)
(444459,1102143)
(444459,1102150)
(444459,1102154)
(444459,1102169)
(444459,1102178)
(444459,1102188)
(444459,1102195)
(444459,1102199)
(444459,1102204)
(444459,1102210)
(1102047,1102054)
(1102047,1102056)
(1102047,1102065)
(1102047,1102073)
(1102047,1102081)
(1102047,1102087)
(1102047,1102094)
(1102047,1102107)
(1102047,1102112)
(1102047,1102117)
(1102047,1102125)
(1102047,1102133)
(1102047,1102143)
(1102047,1102150)
(1102047,1102154)
(1102047,1102169)
(1102047,1102178)
(1102047,1102188)
(1102047,1102195)
(1102047,1102199)
(1102047,1102204)
(1102047,1102210)
(1102054,1102056)
(1102054,1102065)
(1102054,1102073)
(1102054,1102081)
(1102054,1102087)
(1102054,1102094)
(1102054,1102107)
(1102054,1102112)
(1102054,1102117)
(1102054,1102125)
(1102054,1102133)
(1102054,1102143)
(1102054,1102150)
(1102054,1102154)
(1102054,1102169)
(1102054,1102178)
(1102054,1102188)
(1102054,1102195)
(1102054,1102199)
(1102054,1102204)
(1102054,1102210)
(1102056,1102065)
(1102056,1102073)
(1102056,1102081)
(1102056,1102087)
(1102056,1102094)
(1102056,1102107)
(1102056,1102112)
(1102056,1102117)
(1102056,1102125)
(1102056,1102133)
(1102056,1102143)
(1102056,1102150)
(1102056,1102154)
(1102056,1102169)
(1102056,1102178)
(1102056,1102188)
(1102056,1102195)
(1102056,1102199)
(1102056,1102204)
(1102056,1102210)
(1102065,1102073)
(1102065,1102081)
(1102065,1102087)
(1102065,1102094)
(1102065,1102107)
(1102065,1102112)
(1102065,1102117)
(1102065,1102125)
(1102065,1102133)
(1102065,1102143)
(1102065,1102150)
(1102065,1102154)
(1102065,1102169)
(1102065,1102178)
(1102065,1102188)
(1102065,1102195)
(1102065,1102199)
(1102065,1102204)
(1102065,1102210)
(1102073,1102081)
(1102073,1102087)
(1102073,1102094)
(1102073,1102107)
(1102073,1102112)
(1102073,1102117)
(1102073,1102125)
(1102073,1102133)
(1102073,1102143)
(1102073,1102150)
(1102073,1102154)
(1102073,1102169)
(1102073,1102178)
(1102073,1102188)
(1102073,1102195)
(1102073,1102199)
(1102073,1102204)
(1102073,1102210)
(1102081,1102087)
(1102081,1102094)
(1102081,1102107)
(1102081,1102112)
(1102081,1102117)
(1102081,1102125)
(1102081,1102133)
(1102081,1102143)
(1102081,1102150)
(1102081,1102154)
(1102081,1102169)
(1102081,1102178)
(1102081,1102188)
(1102081,1102195)
(1102081,1102199)
(1102081,1102204)
(1102081,1102210)
(1102087,1102094)
(1102087,1102107)
(1102087,1102112)
(1102087,1102117)
(1102087,1102125)
(1102087,1102133)
(1102087,1102143)
(1102087,1102150)
(1102087,1102154)
(1102087,1102169)
(1102087,1102178)
(1102087,1102188)
(1102087,1102195)
(1102087,1102199)
(1102087,1102204)
(1102087,1102210)
(1102094,1102107)
(1102094,1102112)
(1102094,1102117)
(1102094,1102125)
(1102094,1102133)
(1102094,1102143)
(1102094,1102150)
(1102094,1102154)
(1102094,1102169)
(1102094,1102178)
(1102094,1102188)
(1102094,1102195)
(1102094,1102199)
(1102094,1102204)
(1102094,1102210)
(1102107,1102112)
(1102107,1102117)
(1102107,1102125)
(1102107,1102133)
(1102107,1102143)
(1102107,1102150)
(1102107,1102154)
(1102107,1102169)
(1102107,1102178)
(1102107,1102188)
(1102107,1102195)
(1102107,1102199)
(1102107,1102204)
(1102107,1102210)
(1102112,1102117)
(1102112,1102125)
(1102112,1102133)
(1102112,1102143)
(1102112,1102150)
(1102112,1102154)
(1102112,1102169)
(1102112,1102178)
(1102112,1102188)
(1102112,1102195)
(1102112,1102199)
(1102112,1102204)
(1102112,1102210)
(1102117,1102125)
(1102117,1102133)
(1102117,1102143)
(1102117,1102150)
(1102117,1102154)
(1102117,1102169)
(1102117,1102178)
(1102117,1102188)
(1102117,1102195)
(1102117,1102199)
(1102117,1102204)
(1102117,1102210)
(1102125,1102133)
(1102125,1102143)
(1102125,1102150)
(1102125,1102154)
(1102125,1102169)
(1102125,1102178)
(1102125,1102188)
(1102125,1102195)
(1102125,1102199)
(1102125,1102204)
(1102125,1102210)
(1102133,1102143)
(1102133,1102150)
(1102133,1102154)
(1102133,1102169)
(1102133,1102178)
(1102133,1102188)
(1102133,1102195)
(1102133,1102199)
(1102133,1102204)
(1102133,1102210)
(1102143,1102150)
(1102143,1102154)
(1102143,1102169)
(1102143,1102178)
(1102143,1102188)
(1102143,1102195)
(1102143,1102199)
(1102143,1102204)
(1102143,1102210)
(1102150,1102154)
(1102150,1102169)
(1102150,1102178)
(1102150,1102188)
(1102150,1102195)
(1102150,1102199)
(1102150,1102204)
(1102150,1102210)
(1102154,1102169)
(1102154,1102178)
(1102154,1102188)
(1102154,1102195)
(1102154,1102199)
(1102154,1102204)
(1102154,1102210)
(1102169,1102178)
(1102169,1102188)
(1102169,1102195)
(1102169,1102199)
(1102169,1102204)
(1102169,1102210)
(1102178,1102188)
(1102178,1102195)
(1102178,1102199)
(1102178,1102204)
(1102178,1102210)
(1102188,1102195)
(1102188,1102199)
(1102188,1102204)
(1102188,1102210)
(1102195,1102199)
(1102195,1102204)
(1102195,1102210)
(1102199,1102204)
(1102199,1102210)
(1102204,1102210)
(455357,1102381)
(455357,1102383)
(455357,1102385)
(1102381,1102383)
(1102381,1102385)
(1102383,1102385)
(468537,468543)
(468537,468584)
(468537,468683)
(468537,468729)
(468537,468821)
(468537,469757)
(468537,1101536)
(468537,1101537)
(468537,1101539)
(468537,1101542)
(468537,1101545)
(468537,1101550)
(468537,1101554)
(468537,1101558)
(468537,1101568)
(468537,1101575)
(468537,1101578)
(468537,1101587)
(468537,1101588)
(468537,1101593)
(468537,1101595)
(468537,1101599)
(468537,1101607)
(468537,1101608)
(468537,1101612)
(468537,1101614)
(468537,1101618)
(468537,1101625)
(468537,1101628)
(468537,1101629)
(468537,1101633)
(468537,1101637)
(468537,1101643)
(468537,1101652)
(468537,1101656)
(468537,1101657)
(468537,1101663)
(468537,1101666)
(468537,1101673)
(468537,1101680)
(468537,1101689)
(468537,1101693)
(468537,1101701)
(468537,1101706)
(468537,1101716)
(468537,1101721)
(468537,1101731)
(468537,1101738)
(468537,1101739)
(468537,1101744)
(468537,1101749)
(468537,1101756)
(468537,1101761)
(468537,1101769)
(468537,1101779)
(468537,1101792)
(468543,468584)
(468543,468683)
(468543,468729)
(468543,468821)
(468543,469757)
(468543,1101536)
(468543,1101537)
(468543,1101539)
(468543,1101542)
(468543,1101545)
(468543,1101550)
(468543,1101554)
(468543,1101558)
(468543,1101568)
(468543,1101575)
(468543,1101578)
(468543,1101587)
(468543,1101588)
(468543,1101593)
(468543,1101595)
(468543,1101599)
(468543,1101607)
(468543,1101608)
(468543,1101612)
(468543,1101614)
(468543,1101618)
(468543,1101625)
(468543,1101628)
(468543,1101629)
(468543,1101633)
(468543,1101637)
(468543,1101643)
(468543,1101652)
(468543,1101656)
(468543,1101657)
(468543,1101663)
(468543,1101666)
(468543,1101673)
(468543,1101680)
(468543,1101689)
(468543,1101693)
(468543,1101701)
(468543,1101706)
(468543,1101716)
(468543,1101721)
(468543,1101731)
(468543,1101738)
(468543,1101739)
(468543,1101744)
(468543,1101749)
(468543,1101756)
(468543,1101761)
(468543,1101769)
(468543,1101779)
(468543,1101792)
(468584,468683)
(468584,468729)
(468584,468821)
(468584,469757)
(468584,1101536)
(468584,1101537)
(468584,1101539)
(468584,1101542)
(468584,1101545)
(468584,1101550)
(468584,1101554)
(468584,1101558)
(468584,1101568)
(468584,1101575)
(468584,1101578)
(468584,1101587)
(468584,1101588)
(468584,1101593)
(468584,1101595)
(468584,1101599)
(468584,1101607)
(468584,1101608)
(468584,1101612)
(468584,1101614)
(468584,1101618)
(468584,1101625)
(468584,1101628)
(468584,1101629)
(468584,1101633)
(468584,1101637)
(468584,1101643)
(468584,1101652)
(468584,1101656)
(468584,1101657)
(468584,1101663)
(468584,1101666)
(468584,1101673)
(468584,1101680)
(468584,1101689)
(468584,1101693)
(468584,1101701)
(468584,1101706)
(468584,1101716)
(468584,1101721)
(468584,1101731)
(468584,1101738)
(468584,1101739)
(468584,1101744)
(468584,1101749)
(468584,1101756)
(468584,1101761)
(468584,1101769)
(468584,1101779)
(468584,1101792)
(468683,468729)
(468683,468821)
(468683,469757)
(468683,1101536)
(468683,1101537)
(468683,1101539)
(468683,1101542)
(468683,1101545)
(468683,1101550)
(468683,1101554)
(468683,1101558)
(468683,1101568)
(468683,1101575)
(468683,1101578)
(468683,1101587)
(468683,1101588)
(468683,1101593)
(468683,1101595)
(468683,1101599)
(468683,1101607)
(468683,1101608)
(468683,1101612)
(468683,1101614)
(468683,1101618)
(468683,1101625)
(468683,1101628)
(468683,1101629)
(468683,1101633)
(468683,1101637)
(468683,1101643)
(468683,1101652)
(468683,1101656)
(468683,1101657)
(468683,1101663)
(468683,1101666)
(468683,1101673)
(468683,1101680)
(468683,1101689)
(468683,1101693)
(468683,1101701)
(468683,1101706)
(468683,1101716)
(468683,1101721)
(468683,1101731)
(468683,1101738)
(468683,1101739)
(468683,1101744)
(468683,1101749)
(468683,1101756)
(468683,1101761)
(468683,1101769)
(468683,1101779)
(468683,1101792)
(468729,468821)
(468729,469757)
(468729,1101536)
(468729,1101537)
(468729,1101539)
(468729,1101542)
(468729,1101545)
(468729,1101550)
(468729,1101554)
(468729,1101558)
(468729,1101568)
(468729,1101575)
(468729,1101578)
(468729,1101587)
(468729,1101588)
(468729,1101593)
(468729,1101595)
(468729,1101599)
(468729,1101607)
(468729,1101608)
(468729,1101612)
(468729,1101614)
(468729,1101618)
(468729,1101625)
(468729,1101628)
(468729,1101629)
(468729,1101633)
(468729,1101637)
(468729,1101643)
(468729,1101652)
(468729,1101656)
(468729,1101657)
(468729,1101663)
(468729,1101666)
(468729,1101673)
(468729,1101680)
(468729,1101689)
(468729,1101693)
(468729,1101701)
(468729,1101706)
(468729,1101716)
(468729,1101721)
(468729,1101731)
(468729,1101738)
(468729,1101739)
(468729,1101744)
(468729,1101749)
(468729,1101756)
(468729,1101761)
(468729,1101769)
(468729,1101779)
(468729,1101792)
(468821,469757)
(468821,1101536)
(468821,1101537)
(468821,1101539)
(468821,1101542)
(468821,1101545)
(468821,1101550)
(468821,1101554)
(468821,1101558)
(468821,1101568)
(468821,1101575)
(468821,1101578)
(468821,1101587)
(468821,1101588)
(468821,1101593)
(468821,1101595)
(468821,1101599)
(468821,1101607)
(468821,1101608)
(468821,1101612)
(468821,1101614)
(468821,1101618)
(468821,1101625)
(468821,1101628)
(468821,1101629)
(468821,1101633)
(468821,1101637)
(468821,1101643)
(468821,1101652)
(468821,1101656)
(468821,1101657)
(468821,1101663)
(468821,1101666)
(468821,1101673)
(468821,1101680)
(468821,1101689)
(468821,1101693)
(468821,1101701)
(468821,1101706)
(468821,1101716)
(468821,1101721)
(468821,1101731)
(468821,1101738)
(468821,1101739)
(468821,1101744)
(468821,1101749)
(468821,1101756)
(468821,1101761)
(468821,1101769)
(468821,1101779)
(468821,1101792)
(469757,1101536)
(469757,1101537)
(469757,1101539)
(469757,1101542)
(469757,1101545)
(469757,1101550)
(469757,1101554)
(469757,1101558)
(469757,1101568)
(469757,1101575)
(469757,1101578)
(469757,1101587)
(469757,1101588)
(469757,1101593)
(469757,1101595)
(469757,1101599)
(469757,1101607)
(469757,1101608)
(469757,1101612)
(469757,1101614)
(469757,1101618)
(469757,1101625)
(469757,1101628)
(469757,1101629)
(469757,1101633)
(469757,1101637)
(469757,1101643)
(469757,1101652)
(469757,1101656)
(469757,1101657)
(469757,1101663)
(469757,1101666)
(469757,1101673)
(469757,1101680)
(469757,1101689)
(469757,1101693)
(469757,1101701)
(469757,1101706)
(469757,1101716)
(469757,1101721)
(469757,1101731)
(469757,1101738)
(469757,1101739)
(469757,1101744)
(469757,1101749)
(469757,1101756)
(469757,1101761)
(469757,1101769)
(469757,1101779)
(469757,1101792)
(1101536,1101537)
(1101536,1101539)
(1101536,1101542)
(1101536,1101545)
(1101536,1101550)
(1101536,1101554)
(1101536,1101558)
(1101536,1101568)
(1101536,1101575)
(1101536,1101578)
(1101536,1101587)
(1101536,1101588)
(1101536,1101593)
(1101536,1101595)
(1101536,1101599)
(1101536,1101607)
(1101536,1101608)
(1101536,1101612)
(1101536,1101614)
(1101536,1101618)
(1101536,1101625)
(1101536,1101628)
(1101536,1101629)
(1101536,1101633)
(1101536,1101637)
(1101536,1101643)
(1101536,1101652)
(1101536,1101656)
(1101536,1101657)
(1101536,1101663)
(1101536,1101666)
(1101536,1101673)
(1101536,1101680)
(1101536,1101689)
(1101536,1101693)
(1101536,1101701)
(1101536,1101706)
(1101536,1101716)
(1101536,1101721)
(1101536,1101731)
(1101536,1101738)
(1101536,1101739)
(1101536,1101744)
(1101536,1101749)
(1101536,1101756)
(1101536,1101761)
(1101536,1101769)
(1101536,1101779)
(1101536,1101792)
(1101537,1101539)
(1101537,1101542)
(1101537,1101545)
(1101537,1101550)
(1101537,1101554)
(1101537,1101558)
(1101537,1101568)
(1101537,1101575)
(1101537,1101578)
(1101537,1101587)
(1101537,1101588)
(1101537,1101593)
(1101537,1101595)
(1101537,1101599)
(1101537,1101607)
(1101537,1101608)
(1101537,1101612)
(1101537,1101614)
(1101537,1101618)
(1101537,1101625)
(1101537,1101628)
(1101537,1101629)
(1101537,1101633)
(1101537,1101637)
(1101537,1101643)
(1101537,1101652)
(1101537,1101656)
(1101537,1101657)
(1101537,1101663)
(1101537,1101666)
(1101537,1101673)
(1101537,1101680)
(1101537,1101689)
(1101537,1101693)
(1101537,1101701)
(1101537,1101706)
(1101537,1101716)
(1101537,1101721)
(1101537,1101731)
(1101537,1101738)
(1101537,1101739)
(1101537,1101744)
(1101537,1101749)
(1101537,1101756)
(1101537,1101761)
(1101537,1101769)
(1101537,1101779)
(1101537,1101792)
(1101539,1101542)
(1101539,1101545)
(1101539,1101550)
(1101539,1101554)
(1101539,1101558)
(1101539,1101568)
(1101539,1101575)
(1101539,1101578)
(1101539,1101587)
(1101539,1101588)
(1101539,1101593)
(1101539,1101595)
(1101539,1101599)
(1101539,1101607)
(1101539,1101608)
(1101539,1101612)
(1101539,1101614)
(1101539,1101618)
(1101539,1101625)
(1101539,1101628)
(1101539,1101629)
(1101539,1101633)
(1101539,1101637)
(1101539,1101643)
(1101539,1101652)
(1101539,1101656)
(1101539,1101657)
(1101539,1101663)
(1101539,1101666)
(1101539,1101673)
(1101539,1101680)
(1101539,1101689)
(1101539,1101693)
(1101539,1101701)
(1101539,1101706)
(1101539,1101716)
(1101539,1101721)
(1101539,1101731)
(1101539,1101738)
(1101539,1101739)
(1101539,1101744)
(1101539,1101749)
(1101539,1101756)
(1101539,1101761)
(1101539,1101769)
(1101539,1101779)
(1101539,1101792)
(1101542,1101545)
(1101542,1101550)
(1101542,1101554)
(1101542,1101558)
(1101542,1101568)
(1101542,1101575)
(1101542,1101578)
(1101542,1101587)
(1101542,1101588)
(1101542,1101593)
(1101542,1101595)
(1101542,1101599)
(1101542,1101607)
(1101542,1101608)
(1101542,1101612)
(1101542,1101614)
(1101542,1101618)
(1101542,1101625)
(1101542,1101628)
(1101542,1101629)
(1101542,1101633)
(1101542,1101637)
(1101542,1101643)
(1101542,1101652)
(1101542,1101656)
(1101542,1101657)
(1101542,1101663)
(1101542,1101666)
(1101542,1101673)
(1101542,1101680)
(1101542,1101689)
(1101542,1101693)
(1101542,1101701)
(1101542,1101706)
(1101542,1101716)
(1101542,1101721)
(1101542,1101731)
(1101542,1101738)
(1101542,1101739)
(1101542,1101744)
(1101542,1101749)
(1101542,1101756)
(1101542,1101761)
(1101542,1101769)
(1101542,1101779)
(1101542,1101792)
(1101545,1101550)
(1101545,1101554)
(1101545,1101558)
(1101545,1101568)
(1101545,1101575)
(1101545,1101578)
(1101545,1101587)
(1101545,1101588)
(1101545,1101593)
(1101545,1101595)
(1101545,1101599)
(1101545,1101607)
(1101545,1101608)
(1101545,1101612)
(1101545,1101614)
(1101545,1101618)
(1101545,1101625)
(1101545,1101628)
(1101545,1101629)
(1101545,1101633)
(1101545,1101637)
(1101545,1101643)
(1101545,1101652)
(1101545,1101656)
(1101545,1101657)
(1101545,1101663)
(1101545,1101666)
(1101545,1101673)
(1101545,1101680)
(1101545,1101689)
(1101545,1101693)
(1101545,1101701)
(1101545,1101706)
(1101545,1101716)
(1101545,1101721)
(1101545,1101731)
(1101545,1101738)
(1101545,1101739)
(1101545,1101744)
(1101545,1101749)
(1101545,1101756)
(1101545,1101761)
(1101545,1101769)
(1101545,1101779)
(1101545,1101792)
(1101550,1101554)
(1101550,1101558)
(1101550,1101568)
(1101550,1101575)
(1101550,1101578)
(1101550,1101587)
(1101550,1101588)
(1101550,1101593)
(1101550,1101595)
(1101550,1101599)
(1101550,1101607)
(1101550,1101608)
(1101550,1101612)
(1101550,1101614)
(1101550,1101618)
(1101550,1101625)
(1101550,1101628)
(1101550,1101629)
(1101550,1101633)
(1101550,1101637)
(1101550,1101643)
(1101550,1101652)
(1101550,1101656)
(1101550,1101657)
(1101550,1101663)
(1101550,1101666)
(1101550,1101673)
(1101550,1101680)
(1101550,1101689)
(1101550,1101693)
(1101550,1101701)
(1101550,1101706)
(1101550,1101716)
(1101550,1101721)
(1101550,1101731)
(1101550,1101738)
(1101550,1101739)
(1101550,1101744)
(1101550,1101749)
(1101550,1101756)
(1101550,1101761)
(1101550,1101769)
(1101550,1101779)
(1101550,1101792)
(1101554,1101558)
(1101554,1101568)
(1101554,1101575)
(1101554,1101578)
(1101554,1101587)
(1101554,1101588)
(1101554,1101593)
(1101554,1101595)
(1101554,1101599)
(1101554,1101607)
(1101554,1101608)
(1101554,1101612)
(1101554,1101614)
(1101554,1101618)
(1101554,1101625)
(1101554,1101628)
(1101554,1101629)
(1101554,1101633)
(1101554,1101637)
(1101554,1101643)
(1101554,1101652)
(1101554,1101656)
(1101554,1101657)
(1101554,1101663)
(1101554,1101666)
(1101554,1101673)
(1101554,1101680)
(1101554,1101689)
(1101554,1101693)
(1101554,1101701)
(1101554,1101706)
(1101554,1101716)
(1101554,1101721)
(1101554,1101731)
(1101554,1101738)
(1101554,1101739)
(1101554,1101744)
(1101554,1101749)
(1101554,1101756)
(1101554,1101761)
(1101554,1101769)
(1101554,1101779)
(1101554,1101792)
(1101558,1101568)
(1101558,1101575)
(1101558,1101578)
(1101558,1101587)
(1101558,1101588)
(1101558,1101593)
(1101558,1101595)
(1101558,1101599)
(1101558,1101607)
(1101558,1101608)
(1101558,1101612)
(1101558,1101614)
(1101558,1101618)
(1101558,1101625)
(1101558,1101628)
(1101558,1101629)
(1101558,1101633)
(1101558,1101637)
(1101558,1101643)
(1101558,1101652)
(1101558,1101656)
(1101558,1101657)
(1101558,1101663)
(1101558,1101666)
(1101558,1101673)
(1101558,1101680)
(1101558,1101689)
(1101558,1101693)
(1101558,1101701)
(1101558,1101706)
(1101558,1101716)
(1101558,1101721)
(1101558,1101731)
(1101558,1101738)
(1101558,1101739)
(1101558,1101744)
(1101558,1101749)
(1101558,1101756)
(1101558,1101761)
(1101558,1101769)
(1101558,1101779)
(1101558,1101792)
(1101568,1101575)
(1101568,1101578)
(1101568,1101587)
(1101568,1101588)
(1101568,1101593)
(1101568,1101595)
(1101568,1101599)
(1101568,1101607)
(1101568,1101608)
(1101568,1101612)
(1101568,1101614)
(1101568,1101618)
(1101568,1101625)
(1101568,1101628)
(1101568,1101629)
(1101568,1101633)
(1101568,1101637)
(1101568,1101643)
(1101568,1101652)
(1101568,1101656)
(1101568,1101657)
(1101568,1101663)
(1101568,1101666)
(1101568,1101673)
(1101568,1101680)
(1101568,1101689)
(1101568,1101693)
(1101568,1101701)
(1101568,1101706)
(1101568,1101716)
(1101568,1101721)
(1101568,1101731)
(1101568,1101738)
(1101568,1101739)
(1101568,1101744)
(1101568,1101749)
(1101568,1101756)
(1101568,1101761)
(1101568,1101769)
(1101568,1101779)
(1101568,1101792)
(1101575,1101578)
(1101575,1101587)
(1101575,1101588)
(1101575,1101593)
(1101575,1101595)
(1101575,1101599)
(1101575,1101607)
(1101575,1101608)
(1101575,1101612)
(1101575,1101614)
(1101575,1101618)
(1101575,1101625)
(1101575,1101628)
(1101575,1101629)
(1101575,1101633)
(1101575,1101637)
(1101575,1101643)
(1101575,1101652)
(1101575,1101656)
(1101575,1101657)
(1101575,1101663)
(1101575,1101666)
(1101575,1101673)
(1101575,1101680)
(1101575,1101689)
(1101575,1101693)
(1101575,1101701)
(1101575,1101706)
(1101575,1101716)
(1101575,1101721)
(1101575,1101731)
(1101575,1101738)
(1101575,1101739)
(1101575,1101744)
(1101575,1101749)
(1101575,1101756)
(1101575,1101761)
(1101575,1101769)
(1101575,1101779)
(1101575,1101792)
(1101578,1101587)
(1101578,1101588)
(1101578,1101593)
(1101578,1101595)
(1101578,1101599)
(1101578,1101607)
(1101578,1101608)
(1101578,1101612)
(1101578,1101614)
(1101578,1101618)
(1101578,1101625)
(1101578,1101628)
(1101578,1101629)
(1101578,1101633)
(1101578,1101637)
(1101578,1101643)
(1101578,1101652)
(1101578,1101656)
(1101578,1101657)
(1101578,1101663)
(1101578,1101666)
(1101578,1101673)
(1101578,1101680)
(1101578,1101689)
(1101578,1101693)
(1101578,1101701)
(1101578,1101706)
(1101578,1101716)
(1101578,1101721)
(1101578,1101731)
(1101578,1101738)
(1101578,1101739)
(1101578,1101744)
(1101578,1101749)
(1101578,1101756)
(1101578,1101761)
(1101578,1101769)
(1101578,1101779)
(1101578,1101792)
(1101587,1101588)
(1101587,1101593)
(1101587,1101595)
(1101587,1101599)
(1101587,1101607)
(1101587,1101608)
(1101587,1101612)
(1101587,1101614)
(1101587,1101618)
(1101587,1101625)
(1101587,1101628)
(1101587,1101629)
(1101587,1101633)
(1101587,1101637)
(1101587,1101643)
(1101587,1101652)
(1101587,1101656)
(1101587,1101657)
(1101587,1101663)
(1101587,1101666)
(1101587,1101673)
(1101587,1101680)
(1101587,1101689)
(1101587,1101693)
(1101587,1101701)
(1101587,1101706)
(1101587,1101716)
(1101587,1101721)
(1101587,1101731)
(1101587,1101738)
(1101587,1101739)
(1101587,1101744)
(1101587,1101749)
(1101587,1101756)
(1101587,1101761)
(1101587,1101769)
(1101587,1101779)
(1101587,1101792)
(1101588,1101593)
(1101588,1101595)
(1101588,1101599)
(1101588,1101607)
(1101588,1101608)
(1101588,1101612)
(1101588,1101614)
(1101588,1101618)
(1101588,1101625)
(1101588,1101628)
(1101588,1101629)
(1101588,1101633)
(1101588,1101637)
(1101588,1101643)
(1101588,1101652)
(1101588,1101656)
(1101588,1101657)
(1101588,1101663)
(1101588,1101666)
(1101588,1101673)
(1101588,1101680)
(1101588,1101689)
(1101588,1101693)
(1101588,1101701)
(1101588,1101706)
(1101588,1101716)
(1101588,1101721)
(1101588,1101731)
(1101588,1101738)
(1101588,1101739)
(1101588,1101744)
(1101588,1101749)
(1101588,1101756)
(1101588,1101761)
(1101588,1101769)
(1101588,1101779)
(1101588,1101792)
(1101593,1101595)
(1101593,1101599)
(1101593,1101607)
(1101593,1101608)
(1101593,1101612)
(1101593,1101614)
(1101593,1101618)
(1101593,1101625)
(1101593,1101628)
(1101593,1101629)
(1101593,1101633)
(1101593,1101637)
(1101593,1101643)
(1101593,1101652)
(1101593,1101656)
(1101593,1101657)
(1101593,1101663)
(1101593,1101666)
(1101593,1101673)
(1101593,1101680)
(1101593,1101689)
(1101593,1101693)
(1101593,1101701)
(1101593,1101706)
(1101593,1101716)
(1101593,1101721)
(1101593,1101731)
(1101593,1101738)
(1101593,1101739)
(1101593,1101744)
(1101593,1101749)
(1101593,1101756)
(1101593,1101761)
(1101593,1101769)
(1101593,1101779)
(1101593,1101792)
(1101595,1101599)
(1101595,1101607)
(1101595,1101608)
(1101595,1101612)
(1101595,1101614)
(1101595,1101618)
(1101595,1101625)
(1101595,1101628)
(1101595,1101629)
(1101595,1101633)
(1101595,1101637)
(1101595,1101643)
(1101595,1101652)
(1101595,1101656)
(1101595,1101657)
(1101595,1101663)
(1101595,1101666)
(1101595,1101673)
(1101595,1101680)
(1101595,1101689)
(1101595,1101693)
(1101595,1101701)
(1101595,1101706)
(1101595,1101716)
(1101595,1101721)
(1101595,1101731)
(1101595,1101738)
(1101595,1101739)
(1101595,1101744)
(1101595,1101749)
(1101595,1101756)
(1101595,1101761)
(1101595,1101769)
(1101595,1101779)
(1101595,1101792)
(1101599,1101607)
(1101599,1101608)
(1101599,1101612)
(1101599,1101614)
(1101599,1101618)
(1101599,1101625)
(1101599,1101628)
(1101599,1101629)
(1101599,1101633)
(1101599,1101637)
(1101599,1101643)
(1101599,1101652)
(1101599,1101656)
(1101599,1101657)
(1101599,1101663)
(1101599,1101666)
(1101599,1101673)
(1101599,1101680)
(1101599,1101689)
(1101599,1101693)
(1101599,1101701)
(1101599,1101706)
(1101599,1101716)
(1101599,1101721)
(1101599,1101731)
(1101599,1101738)
(1101599,1101739)
(1101599,1101744)
(1101599,1101749)
(1101599,1101756)
(1101599,1101761)
(1101599,1101769)
(1101599,1101779)
(1101599,1101792)
(1101607,1101608)
(1101607,1101612)
(1101607,1101614)
(1101607,1101618)
(1101607,1101625)
(1101607,1101628)
(1101607,1101629)
(1101607,1101633)
(1101607,1101637)
(1101607,1101643)
(1101607,1101652)
(1101607,1101656)
(1101607,1101657)
(1101607,1101663)
(1101607,1101666)
(1101607,1101673)
(1101607,1101680)
(1101607,1101689)
(1101607,1101693)
(1101607,1101701)
(1101607,1101706)
(1101607,1101716)
(1101607,1101721)
(1101607,1101731)
(1101607,1101738)
(1101607,1101739)
(1101607,1101744)
(1101607,1101749)
(1101607,1101756)
(1101607,1101761)
(1101607,1101769)
(1101607,1101779)
(1101607,1101792)
(1101608,1101612)
(1101608,1101614)
(1101608,1101618)
(1101608,1101625)
(1101608,1101628)
(1101608,1101629)
(1101608,1101633)
(1101608,1101637)
(1101608,1101643)
(1101608,1101652)
(1101608,1101656)
(1101608,1101657)
(1101608,1101663)
(1101608,1101666)
(1101608,1101673)
(1101608,1101680)
(1101608,1101689)
(1101608,1101693)
(1101608,1101701)
(1101608,1101706)
(1101608,1101716)
(1101608,1101721)
(1101608,1101731)
(1101608,1101738)
(1101608,1101739)
(1101608,1101744)
(1101608,1101749)
(1101608,1101756)
(1101608,1101761)
(1101608,1101769)
(1101608,1101779)
(1101608,1101792)
(1101612,1101614)
(1101612,1101618)
(1101612,1101625)
(1101612,1101628)
(1101612,1101629)
(1101612,1101633)
(1101612,1101637)
(1101612,1101643)
(1101612,1101652)
(1101612,1101656)
(1101612,1101657)
(1101612,1101663)
(1101612,1101666)
(1101612,1101673)
(1101612,1101680)
(1101612,1101689)
(1101612,1101693)
(1101612,1101701)
(1101612,1101706)
(1101612,1101716)
(1101612,1101721)
(1101612,1101731)
(1101612,1101738)
(1101612,1101739)
(1101612,1101744)
(1101612,1101749)
(1101612,1101756)
(1101612,1101761)
(1101612,1101769)
(1101612,1101779)
(1101612,1101792)
(1101614,1101618)
(1101614,1101625)
(1101614,1101628)
(1101614,1101629)
(1101614,1101633)
(1101614,1101637)
(1101614,1101643)
(1101614,1101652)
(1101614,1101656)
(1101614,1101657)
(1101614,1101663)
(1101614,1101666)
(1101614,1101673)
(1101614,1101680)
(1101614,1101689)
(1101614,1101693)
(1101614,1101701)
(1101614,1101706)
(1101614,1101716)
(1101614,1101721)
(1101614,1101731)
(1101614,1101738)
(1101614,1101739)
(1101614,1101744)
(1101614,1101749)
(1101614,1101756)
(1101614,1101761)
(1101614,1101769)
(1101614,1101779)
(1101614,1101792)
(1101618,1101625)
(1101618,1101628)
(1101618,1101629)
(1101618,1101633)
(1101618,1101637)
(1101618,1101643)
(1101618,1101652)
(1101618,1101656)
(1101618,1101657)
(1101618,1101663)
(1101618,1101666)
(1101618,1101673)
(1101618,1101680)
(1101618,1101689)
(1101618,1101693)
(1101618,1101701)
(1101618,1101706)
(1101618,1101716)
(1101618,1101721)
(1101618,1101731)
(1101618,1101738)
(1101618,1101739)
(1101618,1101744)
(1101618,1101749)
(1101618,1101756)
(1101618,1101761)
(1101618,1101769)
(1101618,1101779)
(1101618,1101792)
(1101625,1101628)
(1101625,1101629)
(1101625,1101633)
(1101625,1101637)
(1101625,1101643)
(1101625,1101652)
(1101625,1101656)
(1101625,1101657)
(1101625,1101663)
(1101625,1101666)
(1101625,1101673)
(1101625,1101680)
(1101625,1101689)
(1101625,1101693)
(1101625,1101701)
(1101625,1101706)
(1101625,1101716)
(1101625,1101721)
(1101625,1101731)
(1101625,1101738)
(1101625,1101739)
(1101625,1101744)
(1101625,1101749)
(1101625,1101756)
(1101625,1101761)
(1101625,1101769)
(1101625,1101779)
(1101625,1101792)
(1101628,1101629)
(1101628,1101633)
(1101628,1101637)
(1101628,1101643)
(1101628,1101652)
(1101628,1101656)
(1101628,1101657)
(1101628,1101663)
(1101628,1101666)
(1101628,1101673)
(1101628,1101680)
(1101628,1101689)
(1101628,1101693)
(1101628,1101701)
(1101628,1101706)
(1101628,1101716)
(1101628,1101721)
(1101628,1101731)
(1101628,1101738)
(1101628,1101739)
(1101628,1101744)
(1101628,1101749)
(1101628,1101756)
(1101628,1101761)
(1101628,1101769)
(1101628,1101779)
(1101628,1101792)
(1101629,1101633)
(1101629,1101637)
(1101629,1101643)
(1101629,1101652)
(1101629,1101656)
(1101629,1101657)
(1101629,1101663)
(1101629,1101666)
(1101629,1101673)
(1101629,1101680)
(1101629,1101689)
(1101629,1101693)
(1101629,1101701)
(1101629,1101706)
(1101629,1101716)
(1101629,1101721)
(1101629,1101731)
(1101629,1101738)
(1101629,1101739)
(1101629,1101744)
(1101629,1101749)
(1101629,1101756)
(1101629,1101761)
(1101629,1101769)
(1101629,1101779)
(1101629,1101792)
(1101633,1101637)
(1101633,1101643)
(1101633,1101652)
(1101633,1101656)
(1101633,1101657)
(1101633,1101663)
(1101633,1101666)
(1101633,1101673)
(1101633,1101680)
(1101633,1101689)
(1101633,1101693)
(1101633,1101701)
(1101633,1101706)
(1101633,1101716)
(1101633,1101721)
(1101633,1101731)
(1101633,1101738)
(1101633,1101739)
(1101633,1101744)
(1101633,1101749)
(1101633,1101756)
(1101633,1101761)
(1101633,1101769)
(1101633,1101779)
(1101633,1101792)
(1101637,1101643)
(1101637,1101652)
(1101637,1101656)
(1101637,1101657)
(1101637,1101663)
(1101637,1101666)
(1101637,1101673)
(1101637,1101680)
(1101637,1101689)
(1101637,1101693)
(1101637,1101701)
(1101637,1101706)
(1101637,1101716)
(1101637,1101721)
(1101637,1101731)
(1101637,1101738)
(1101637,1101739)
(1101637,1101744)
(1101637,1101749)
(1101637,1101756)
(1101637,1101761)
(1101637,1101769)
(1101637,1101779)
(1101637,1101792)
(1101643,1101652)
(1101643,1101656)
(1101643,1101657)
(1101643,1101663)
(1101643,1101666)
(1101643,1101673)
(1101643,1101680)
(1101643,1101689)
(1101643,1101693)
(1101643,1101701)
(1101643,1101706)
(1101643,1101716)
(1101643,1101721)
(1101643,1101731)
(1101643,1101738)
(1101643,1101739)
(1101643,1101744)
(1101643,1101749)
(1101643,1101756)
(1101643,1101761)
(1101643,1101769)
(1101643,1101779)
(1101643,1101792)
(1101652,1101656)
(1101652,1101657)
(1101652,1101663)
(1101652,1101666)
(1101652,1101673)
(1101652,1101680)
(1101652,1101689)
(1101652,1101693)
(1101652,1101701)
(1101652,1101706)
(1101652,1101716)
(1101652,1101721)
(1101652,1101731)
(1101652,1101738)
(1101652,1101739)
(1101652,1101744)
(1101652,1101749)
(1101652,1101756)
(1101652,1101761)
(1101652,1101769)
(1101652,1101779)
(1101652,1101792)
(1101656,1101657)
(1101656,1101663)
(1101656,1101666)
(1101656,1101673)
(1101656,1101680)
(1101656,1101689)
(1101656,1101693)
(1101656,1101701)
(1101656,1101706)
(1101656,1101716)
(1101656,1101721)
(1101656,1101731)
(1101656,1101738)
(1101656,1101739)
(1101656,1101744)
(1101656,1101749)
(1101656,1101756)
(1101656,1101761)
(1101656,1101769)
(1101656,1101779)
(1101656,1101792)
(1101657,1101663)
(1101657,1101666)
(1101657,1101673)
(1101657,1101680)
(1101657,1101689)
(1101657,1101693)
(1101657,1101701)
(1101657,1101706)
(1101657,1101716)
(1101657,1101721)
(1101657,1101731)
(1101657,1101738)
(1101657,1101739)
(1101657,1101744)
(1101657,1101749)
(1101657,1101756)
(1101657,1101761)
(1101657,1101769)
(1101657,1101779)
(1101657,1101792)
(1101663,1101666)
(1101663,1101673)
(1101663,1101680)
(1101663,1101689)
(1101663,1101693)
(1101663,1101701)
(1101663,1101706)
(1101663,1101716)
(1101663,1101721)
(1101663,1101731)
(1101663,1101738)
(1101663,1101739)
(1101663,1101744)
(1101663,1101749)
(1101663,1101756)
(1101663,1101761)
(1101663,1101769)
(1101663,1101779)
(1101663,1101792)
(1101666,1101673)
(1101666,1101680)
(1101666,1101689)
(1101666,1101693)
(1101666,1101701)
(1101666,1101706)
(1101666,1101716)
(1101666,1101721)
(1101666,1101731)
(1101666,1101738)
(1101666,1101739)
(1101666,1101744)
(1101666,1101749)
(1101666,1101756)
(1101666,1101761)
(1101666,1101769)
(1101666,1101779)
(1101666,1101792)
(1101673,1101680)
(1101673,1101689)
(1101673,1101693)
(1101673,1101701)
(1101673,1101706)
(1101673,1101716)
(1101673,1101721)
(1101673,1101731)
(1101673,1101738)
(1101673,1101739)
(1101673,1101744)
(1101673,1101749)
(1101673,1101756)
(1101673,1101761)
(1101673,1101769)
(1101673,1101779)
(1101673,1101792)
(1101680,1101689)
(1101680,1101693)
(1101680,1101701)
(1101680,1101706)
(1101680,1101716)
(1101680,1101721)
(1101680,1101731)
(1101680,1101738)
(1101680,1101739)
(1101680,1101744)
(1101680,1101749)
(1101680,1101756)
(1101680,1101761)
(1101680,1101769)
(1101680,1101779)
(1101680,1101792)
(1101689,1101693)
(1101689,1101701)
(1101689,1101706)
(1101689,1101716)
(1101689,1101721)
(1101689,1101731)
(1101689,1101738)
(1101689,1101739)
(1101689,1101744)
(1101689,1101749)
(1101689,1101756)
(1101689,1101761)
(1101689,1101769)
(1101689,1101779)
(1101689,1101792)
(1101693,1101701)
(1101693,1101706)
(1101693,1101716)
(1101693,1101721)
(1101693,1101731)
(1101693,1101738)
(1101693,1101739)
(1101693,1101744)
(1101693,1101749)
(1101693,1101756)
(1101693,1101761)
(1101693,1101769)
(1101693,1101779)
(1101693,1101792)
(1101701,1101706)
(1101701,1101716)
(1101701,1101721)
(1101701,1101731)
(1101701,1101738)
(1101701,1101739)
(1101701,1101744)
(1101701,1101749)
(1101701,1101756)
(1101701,1101761)
(1101701,1101769)
(1101701,1101779)
(1101701,1101792)
(1101706,1101716)
(1101706,1101721)
(1101706,1101731)
(1101706,1101738)
(1101706,1101739)
(1101706,1101744)
(1101706,1101749)
(1101706,1101756)
(1101706,1101761)
(1101706,1101769)
(1101706,1101779)
(1101706,1101792)
(1101716,1101721)
(1101716,1101731)
(1101716,1101738)
(1101716,1101739)
(1101716,1101744)
(1101716,1101749)
(1101716,1101756)
(1101716,1101761)
(1101716,1101769)
(1101716,1101779)
(1101716,1101792)
(1101721,1101731)
(1101721,1101738)
(1101721,1101739)
(1101721,1101744)
(1101721,1101749)
(1101721,1101756)
(1101721,1101761)
(1101721,1101769)
(1101721,1101779)
(1101721,1101792)
(1101731,1101738)
(1101731,1101739)
(1101731,1101744)
(1101731,1101749)
(1101731,1101756)
(1101731,1101761)
(1101731,1101769)
(1101731,1101779)
(1101731,1101792)
(1101738,1101739)
(1101738,1101744)
(1101738,1101749)
(1101738,1101756)
(1101738,1101761)
(1101738,1101769)
(1101738,1101779)
(1101738,1101792)
(1101739,1101744)
(1101739,1101749)
(1101739,1101756)
(1101739,1101761)
(1101739,1101769)
(1101739,1101779)
(1101739,1101792)
(1101744,1101749)
(1101744,1101756)
(1101744,1101761)
(1101744,1101769)
(1101744,1101779)
(1101744,1101792)
(1101749,1101756)
(1101749,1101761)
(1101749,1101769)
(1101749,1101779)
(1101749,1101792)
(1101756,1101761)
(1101756,1101769)
(1101756,1101779)
(1101756,1101792)
(1101761,1101769)
(1101761,1101779)
(1101761,1101792)
(1101769,1101779)
(1101769,1101792)
(1101779,1101792)
(818474,1102275)
(818474,1102285)
(818474,1102290)
(818474,1102295)
(818474,1102302)
(818474,1102303)
(1102275,1102285)
(1102275,1102290)
(1102275,1102295)
(1102275,1102302)
(1102275,1102303)
(1102285,1102290)
(1102285,1102295)
(1102285,1102302)
(1102285,1102303)
(1102290,1102295)
(1102290,1102302)
(1102290,1102303)
(1102295,1102302)
(1102295,1102303)
(1102302,1102303)
(1101804,1101820)
(1101804,1101828)
(1101804,1101836)
(1101804,1101840)
(1101804,1101856)
(1101804,1101863)
(1101804,1101868)
(1101804,1101881)
(1101804,1101893)
(1101804,1101904)
(1101804,1101912)
(1101804,1101918)
(1101804,1101928)
(1101804,1101936)
(1101804,1101942)
(1101804,1101950)
(1101804,1101963)
(1101804,1101973)
(1101804,1101976)
(1101804,1102011)
(1101804,1102022)
(1101804,1102032)
(1101820,1101828)
(1101820,1101836)
(1101820,1101840)
(1101820,1101856)
(1101820,1101863)
(1101820,1101868)
(1101820,1101881)
(1101820,1101893)
(1101820,1101904)
(1101820,1101912)
(1101820,1101918)
(1101820,1101928)
(1101820,1101936)
(1101820,1101942)
(1101820,1101950)
(1101820,1101963)
(1101820,1101973)
(1101820,1101976)
(1101820,1102011)
(1101820,1102022)
(1101820,1102032)
(1101828,1101836)
(1101828,1101840)
(1101828,1101856)
(1101828,1101863)
(1101828,1101868)
(1101828,1101881)
(1101828,1101893)
(1101828,1101904)
(1101828,1101912)
(1101828,1101918)
(1101828,1101928)
(1101828,1101936)
(1101828,1101942)
(1101828,1101950)
(1101828,1101963)
(1101828,1101973)
(1101828,1101976)
(1101828,1102011)
(1101828,1102022)
(1101828,1102032)
(1101836,1101840)
(1101836,1101856)
(1101836,1101863)
(1101836,1101868)
(1101836,1101881)
(1101836,1101893)
(1101836,1101904)
(1101836,1101912)
(1101836,1101918)
(1101836,1101928)
(1101836,1101936)
(1101836,1101942)
(1101836,1101950)
(1101836,1101963)
(1101836,1101973)
(1101836,1101976)
(1101836,1102011)
(1101836,1102022)
(1101836,1102032)
(1101840,1101856)
(1101840,1101863)
(1101840,1101868)
(1101840,1101881)
(1101840,1101893)
(1101840,1101904)
(1101840,1101912)
(1101840,1101918)
(1101840,1101928)
(1101840,1101936)
(1101840,1101942)
(1101840,1101950)
(1101840,1101963)
(1101840,1101973)
(1101840,1101976)
(1101840,1102011)
(1101840,1102022)
(1101840,1102032)
(1101856,1101863)
(1101856,1101868)
(1101856,1101881)
(1101856,1101893)
(1101856,1101904)
(1101856,1101912)
(1101856,1101918)
(1101856,1101928)
(1101856,1101936)
(1101856,1101942)
(1101856,1101950)
(1101856,1101963)
(1101856,1101973)
(1101856,1101976)
(1101856,1102011)
(1101856,1102022)
(1101856,1102032)
(1101863,1101868)
(1101863,1101881)
(1101863,1101893)
(1101863,1101904)
(1101863,1101912)
(1101863,1101918)
(1101863,1101928)
(1101863,1101936)
(1101863,1101942)
(1101863,1101950)
(1101863,1101963)
(1101863,1101973)
(1101863,1101976)
(1101863,1102011)
(1101863,1102022)
(1101863,1102032)
(1101868,1101881)
(1101868,1101893)
(1101868,1101904)
(1101868,1101912)
(1101868,1101918)
(1101868,1101928)
(1101868,1101936)
(1101868,1101942)
(1101868,1101950)
(1101868,1101963)
(1101868,1101973)
(1101868,1101976)
(1101868,1102011)
(1101868,1102022)
(1101868,1102032)
(1101881,1101893)
(1101881,1101904)
(1101881,1101912)
(1101881,1101918)
(1101881,1101928)
(1101881,1101936)
(1101881,1101942)
(1101881,1101950)
(1101881,1101963)
(1101881,1101973)
(1101881,1101976)
(1101881,1102011)
(1101881,1102022)
(1101881,1102032)
(1101893,1101904)
(1101893,1101912)
(1101893,1101918)
(1101893,1101928)
(1101893,1101936)
(1101893,1101942)
(1101893,1101950)
(1101893,1101963)
(1101893,1101973)
(1101893,1101976)
(1101893,1102011)
(1101893,1102022)
(1101893,1102032)
(1101904,1101912)
(1101904,1101918)
(1101904,1101928)
(1101904,1101936)
(1101904,1101942)
(1101904,1101950)
(1101904,1101963)
(1101904,1101973)
(1101904,1101976)
(1101904,1102011)
(1101904,1102022)
(1101904,1102032)
(1101912,1101918)
(1101912,1101928)
(1101912,1101936)
(1101912,1101942)
(1101912,1101950)
(1101912,1101963)
(1101912,1101973)
(1101912,1101976)
(1101912,1102011)
(1101912,1102022)
(1101912,1102032)
(1101918,1101928)
(1101918,1101936)
(1101918,1101942)
(1101918,1101950)
(1101918,1101963)
(1101918,1101973)
(1101918,1101976)
(1101918,1102011)
(1101918,1102022)
(1101918,1102032)
(1101928,1101936)
(1101928,1101942)
(1101928,1101950)
(1101928,1101963)
(1101928,1101973)
(1101928,1101976)
(1101928,1102011)
(1101928,1102022)
(1101928,1102032)
(1101936,1101942)
(1101936,1101950)
(1101936,1101963)
(1101936,1101973)
(1101936,1101976)
(1101936,1102011)
(1101936,1102022)
(1101936,1102032)
(1101942,1101950)
(1101942,1101963)
(1101942,1101973)
(1101942,1101976)
(1101942,1102011)
(1101942,1102022)
(1101942,1102032)
(1101950,1101963)
(1101950,1101973)
(1101950,1101976)
(1101950,1102011)
(1101950,1102022)
(1101950,1102032)
(1101963,1101973)
(1101963,1101976)
(1101963,1102011)
(1101963,1102022)
(1101963,1102032)
(1101973,1101976)
(1101973,1102011)
(1101973,1102022)
(1101973,1102032)
(1101976,1102011)
(1101976,1102022)
(1101976,1102032)
(1102011,1102022)
(1102011,1102032)
(1102022,1102032)
(1102213,1102217)
(1102213,1102219)
(1102217,1102219)
(1102227,1102230)
(1102227,1102234)
(1102227,1102235)
(1102227,1102239)
(1102230,1102234)
(1102230,1102235)
(1102230,1102239)
(1102234,1102235)
(1102234,1102239)
(1102235,1102239)
(1102243,1102247)
(1102243,1102248)
(1102243,1102253)
(1102243,1102256)
(1102247,1102248)
(1102247,1102253)
(1102247,1102256)
(1102248,1102253)
(1102248,1102256)
(1102253,1102256)
(1102260,1102267)
(1102260,1102270)
(1102267,1102270)
(1102309,1102314)
(1102309,1102323)
(1102309,1102324)
(1102309,1102331)
(1102309,1102336)
(1102309,1102340)
(1102314,1102323)
(1102314,1102324)
(1102314,1102331)
(1102314,1102336)
(1102314,1102340)
(1102323,1102324)
(1102323,1102331)
(1102323,1102336)
(1102323,1102340)
(1102324,1102331)
(1102324,1102336)
(1102324,1102340)
(1102331,1102336)
(1102331,1102340)
(1102336,1102340)
(1102364,1102370)
(1102364,1102377)
(1102370,1102377)
(1102388,1102392)
(1102388,1102396)
(1102392,1102396)
(1102408,1102410)
(1102416,1102417)
(1102425,1102430)
(1102425,1102436)
(1102430,1102436)
(1102449,1102456)
(1102449,1102462)
(1102449,1102476)
(1102449,1102478)
(1102449,1102494)
(1102449,1102507)
(1102449,1102520)
(1102449,1102531)
(1102449,1102539)
(1102456,1102462)
(1102456,1102476)
(1102456,1102478)
(1102456,1102494)
(1102456,1102507)
(1102456,1102520)
(1102456,1102531)
(1102456,1102539)
(1102462,1102476)
(1102462,1102478)
(1102462,1102494)
(1102462,1102507)
(1102462,1102520)
(1102462,1102531)
(1102462,1102539)
(1102476,1102478)
(1102476,1102494)
(1102476,1102507)
(1102476,1102520)
(1102476,1102531)
(1102476,1102539)
(1102478,1102494)
(1102478,1102507)
(1102478,1102520)
(1102478,1102531)
(1102478,1102539)
(1102494,1102507)
(1102494,1102520)
(1102494,1102531)
(1102494,1102539)
(1102507,1102520)
(1102507,1102531)
(1102507,1102539)
(1102520,1102531)
(1102520,1102539)
(1102531,1102539)
(1102550,1102557)
(1102589,1102597)
(1102589,1102605)
(1102597,1102605)
(1102644,1102653)
