(53127,169453)
(53127,169511)
(53127,169525)
(53127,170996)
(53127,171012)
(53127,171073)
(53127,171152)
(53127,435948)
(53127,436222)
(53127,436249)
(53127,436331)
(53127,436338)
(53127,436397)
(53127,436438)
(53127,436549)
(53127,436555)
(53127,436613)
(53127,436639)
(53127,436798)
(53127,436838)
(53127,436864)
(53127,437049)
(53127,437062)
(53127,437087)
(53127,437340)
(53127,437415)
(53127,437442)
(53127,437511)
(53127,437622)
(53127,438154)
(53127,653982)
(53127,1044067)
(53127,1044082)
(53127,1044087)
(53127,1044092)
(53127,1044100)
(53127,1044110)
(53127,1044120)
(53127,1044127)
(53127,1044141)
(53127,1044146)
(53127,1044160)
(53127,1044167)
(53127,1044171)
(53127,1044181)
(53127,1044200)
(53127,1044209)
(53127,1044216)
(53127,1044227)
(53127,1044232)
(53127,1044241)
(53127,1044249)
(53127,1044257)
(53127,1044262)
(53127,1044271)
(53127,1044274)
(53127,1044290)
(53127,1044294)
(53127,1044304)
(53127,1044306)
(53127,1044321)
(53127,1044328)
(53127,1044334)
(53127,1044339)
(53127,1044342)
(53127,1044352)
(53127,1044357)
(53127,1044368)
(53127,1044372)
(53127,1044375)
(53127,1044392)
(53127,1044394)
(53127,1044410)
(53127,1044424)
(53127,1044427)
(53127,1044431)
(53127,1044442)
(53127,1044452)
(53127,1044463)
(53127,1044478)
(53127,1044479)
(53127,1044486)
(53127,1044493)
(53127,1044504)
(53127,1044505)
(53127,1044511)
(53127,1044521)
(53127,1044533)
(53127,1044539)
(53127,1044553)
(53127,1044564)
(53127,1044573)
(53127,1044578)
(53127,1044591)
(53127,1044605)
(169453,169511)
(169453,169525)
(169453,170996)
(169453,171012)
(169453,171073)
(169453,171152)
(169453,435948)
(169453,436222)
(169453,436249)
(169453,436331)
(169453,436338)
(169453,436397)
(169453,436438)
(169453,436549)
(169453,436555)
(169453,436613)
(169453,436639)
(169453,436798)
(169453,436838)
(169453,436864)
(169453,437049)
(169453,437062)
(169453,437087)
(169453,437340)
(169453,437415)
(169453,437442)
(169453,437511)
(169453,437622)
(169453,438154)
(169453,653982)
(169453,1044067)
(169453,1044082)
(169453,1044087)
(169453,1044092)
(169453,1044100)
(169453,1044110)
(169453,1044120)
(169453,1044127)
(169453,1044141)
(169453,1044146)
(169453,1044160)
(169453,1044167)
(169453,1044171)
(169453,1044181)
(169453,1044200)
(169453,1044209)
(169453,1044216)
(169453,1044227)
(169453,1044232)
(169453,1044241)
(169453,1044249)
(169453,1044257)
(169453,1044262)
(169453,1044271)
(169453,1044274)
(169453,1044290)
(169453,1044294)
(169453,1044304)
(169453,1044306)
(169453,1044321)
(169453,1044328)
(169453,1044334)
(169453,1044339)
(169453,1044342)
(169453,1044352)
(169453,1044357)
(169453,1044368)
(169453,1044372)
(169453,1044375)
(169453,1044392)
(169453,1044394)
(169453,1044410)
(169453,1044424)
(169453,1044427)
(169453,1044431)
(169453,1044442)
(169453,1044452)
(169453,1044463)
(169453,1044478)
(169453,1044479)
(169453,1044486)
(169453,1044493)
(169453,1044504)
(169453,1044505)
(169453,1044511)
(169453,1044521)
(169453,1044533)
(169453,1044539)
(169453,1044553)
(169453,1044564)
(169453,1044573)
(169453,1044578)
(169453,1044591)
(169453,1044605)
(169511,169525)
(169511,170996)
(169511,171012)
(169511,171073)
(169511,171152)
(169511,435948)
(169511,436222)
(169511,436249)
(169511,436331)
(169511,436338)
(169511,436397)
(169511,436438)
(169511,436549)
(169511,436555)
(169511,436613)
(169511,436639)
(169511,436798)
(169511,436838)
(169511,436864)
(169511,437049)
(169511,437062)
(169511,437087)
(169511,437340)
(169511,437415)
(169511,437442)
(169511,437511)
(169511,437622)
(169511,438154)
(169511,653982)
(169511,1044067)
(169511,1044082)
(169511,1044087)
(169511,1044092)
(169511,1044100)
(169511,1044110)
(169511,1044120)
(169511,1044127)
(169511,1044141)
(169511,1044146)
(169511,1044160)
(169511,1044167)
(169511,1044171)
(169511,1044181)
(169511,1044200)
(169511,1044209)
(169511,1044216)
(169511,1044227)
(169511,1044232)
(169511,1044241)
(169511,1044249)
(169511,1044257)
(169511,1044262)
(169511,1044271)
(169511,1044274)
(169511,1044290)
(169511,1044294)
(169511,1044304)
(169511,1044306)
(169511,1044321)
(169511,1044328)
(169511,1044334)
(169511,1044339)
(169511,1044342)
(169511,1044352)
(169511,1044357)
(169511,1044368)
(169511,1044372)
(169511,1044375)
(169511,1044392)
(169511,1044394)
(169511,1044410)
(169511,1044424)
(169511,1044427)
(169511,1044431)
(169511,1044442)
(169511,1044452)
(169511,1044463)
(169511,1044478)
(169511,1044479)
(169511,1044486)
(169511,1044493)
(169511,1044504)
(169511,1044505)
(169511,1044511)
(169511,1044521)
(169511,1044533)
(169511,1044539)
(169511,1044553)
(169511,1044564)
(169511,1044573)
(169511,1044578)
(169511,1044591)
(169511,1044605)
(169525,170996)
(169525,171012)
(169525,171073)
(169525,171152)
(169525,435948)
(169525,436222)
(169525,436249)
(169525,436331)
(169525,436338)
(169525,436397)
(169525,436438)
(169525,436549)
(169525,436555)
(169525,436613)
(169525,436639)
(169525,436798)
(169525,436838)
(169525,436864)
(169525,437049)
(169525,437062)
(169525,437087)
(169525,437340)
(169525,437415)
(169525,437442)
(169525,437511)
(169525,437622)
(169525,438154)
(169525,653982)
(169525,1044067)
(169525,1044082)
(169525,1044087)
(169525,1044092)
(169525,1044100)
(169525,1044110)
(169525,1044120)
(169525,1044127)
(169525,1044141)
(169525,1044146)
(169525,1044160)
(169525,1044167)
(169525,1044171)
(169525,1044181)
(169525,1044200)
(169525,1044209)
(169525,1044216)
(169525,1044227)
(169525,1044232)
(169525,1044241)
(169525,1044249)
(169525,1044257)
(169525,1044262)
(169525,1044271)
(169525,1044274)
(169525,1044290)
(169525,1044294)
(169525,1044304)
(169525,1044306)
(169525,1044321)
(169525,1044328)
(169525,1044334)
(169525,1044339)
(169525,1044342)
(169525,1044352)
(169525,1044357)
(169525,1044368)
(169525,1044372)
(169525,1044375)
(169525,1044392)
(169525,1044394)
(169525,1044410)
(169525,1044424)
(169525,1044427)
(169525,1044431)
(169525,1044442)
(169525,1044452)
(169525,1044463)
(169525,1044478)
(169525,1044479)
(169525,1044486)
(169525,1044493)
(169525,1044504)
(169525,1044505)
(169525,1044511)
(169525,1044521)
(169525,1044533)
(169525,1044539)
(169525,1044553)
(169525,1044564)
(169525,1044573)
(169525,1044578)
(169525,1044591)
(169525,1044605)
(170996,171012)
(170996,171073)
(170996,171152)
(170996,435948)
(170996,436222)
(170996,436249)
(170996,436331)
(170996,436338)
(170996,436397)
(170996,436438)
(170996,436549)
(170996,436555)
(170996,436613)
(170996,436639)
(170996,436798)
(170996,436838)
(170996,436864)
(170996,437049)
(170996,437062)
(170996,437087)
(170996,437340)
(170996,437415)
(170996,437442)
(170996,437511)
(170996,437622)
(170996,438154)
(170996,653982)
(170996,1044067)
(170996,1044082)
(170996,1044087)
(170996,1044092)
(170996,1044100)
(170996,1044110)
(170996,1044120)
(170996,1044127)
(170996,1044141)
(170996,1044146)
(170996,1044160)
(170996,1044167)
(170996,1044171)
(170996,1044181)
(170996,1044200)
(170996,1044209)
(170996,1044216)
(170996,1044227)
(170996,1044232)
(170996,1044241)
(170996,1044249)
(170996,1044257)
(170996,1044262)
(170996,1044271)
(170996,1044274)
(170996,1044290)
(170996,1044294)
(170996,1044304)
(170996,1044306)
(170996,1044321)
(170996,1044328)
(170996,1044334)
(170996,1044339)
(170996,1044342)
(170996,1044352)
(170996,1044357)
(170996,1044368)
(170996,1044372)
(170996,1044375)
(170996,1044392)
(170996,1044394)
(170996,1044410)
(170996,1044424)
(170996,1044427)
(170996,1044431)
(170996,1044442)
(170996,1044452)
(170996,1044463)
(170996,1044478)
(170996,1044479)
(170996,1044486)
(170996,1044493)
(170996,1044504)
(170996,1044505)
(170996,1044511)
(170996,1044521)
(170996,1044533)
(170996,1044539)
(170996,1044553)
(170996,1044564)
(170996,1044573)
(170996,1044578)
(170996,1044591)
(170996,1044605)
(171012,171073)
(171012,171152)
(171012,435948)
(171012,436222)
(171012,436249)
(171012,436331)
(171012,436338)
(171012,436397)
(171012,436438)
(171012,436549)
(171012,436555)
(171012,436613)
(171012,436639)
(171012,436798)
(171012,436838)
(171012,436864)
(171012,437049)
(171012,437062)
(171012,437087)
(171012,437340)
(171012,437415)
(171012,437442)
(171012,437511)
(171012,437622)
(171012,438154)
(171012,653982)
(171012,1044067)
(171012,1044082)
(171012,1044087)
(171012,1044092)
(171012,1044100)
(171012,1044110)
(171012,1044120)
(171012,1044127)
(171012,1044141)
(171012,1044146)
(171012,1044160)
(171012,1044167)
(171012,1044171)
(171012,1044181)
(171012,1044200)
(171012,1044209)
(171012,1044216)
(171012,1044227)
(171012,1044232)
(171012,1044241)
(171012,1044249)
(171012,1044257)
(171012,1044262)
(171012,1044271)
(171012,1044274)
(171012,1044290)
(171012,1044294)
(171012,1044304)
(171012,1044306)
(171012,1044321)
(171012,1044328)
(171012,1044334)
(171012,1044339)
(171012,1044342)
(171012,1044352)
(171012,1044357)
(171012,1044368)
(171012,1044372)
(171012,1044375)
(171012,1044392)
(171012,1044394)
(171012,1044410)
(171012,1044424)
(171012,1044427)
(171012,1044431)
(171012,1044442)
(171012,1044452)
(171012,1044463)
(171012,1044478)
(171012,1044479)
(171012,1044486)
(171012,1044493)
(171012,1044504)
(171012,1044505)
(171012,1044511)
(171012,1044521)
(171012,1044533)
(171012,1044539)
(171012,1044553)
(171012,1044564)
(171012,1044573)
(171012,1044578)
(171012,1044591)
(171012,1044605)
(171073,171152)
(171073,435948)
(171073,436222)
(171073,436249)
(171073,436331)
(171073,436338)
(171073,436397)
(171073,436438)
(171073,436549)
(171073,436555)
(171073,436613)
(171073,436639)
(171073,436798)
(171073,436838)
(171073,436864)
(171073,437049)
(171073,437062)
(171073,437087)
(171073,437340)
(171073,437415)
(171073,437442)
(171073,437511)
(171073,437622)
(171073,438154)
(171073,653982)
(171073,1044067)
(171073,1044082)
(171073,1044087)
(171073,1044092)
(171073,1044100)
(171073,1044110)
(171073,1044120)
(171073,1044127)
(171073,1044141)
(171073,1044146)
(171073,1044160)
(171073,1044167)
(171073,1044171)
(171073,1044181)
(171073,1044200)
(171073,1044209)
(171073,1044216)
(171073,1044227)
(171073,1044232)
(171073,1044241)
(171073,1044249)
(171073,1044257)
(171073,1044262)
(171073,1044271)
(171073,1044274)
(171073,1044290)
(171073,1044294)
(171073,1044304)
(171073,1044306)
(171073,1044321)
(171073,1044328)
(171073,1044334)
(171073,1044339)
(171073,1044342)
(171073,1044352)
(171073,1044357)
(171073,1044368)
(171073,1044372)
(171073,1044375)
(171073,1044392)
(171073,1044394)
(171073,1044410)
(171073,1044424)
(171073,1044427)
(171073,1044431)
(171073,1044442)
(171073,1044452)
(171073,1044463)
(171073,1044478)
(171073,1044479)
(171073,1044486)
(171073,1044493)
(171073,1044504)
(171073,1044505)
(171073,1044511)
(171073,1044521)
(171073,1044533)
(171073,1044539)
(171073,1044553)
(171073,1044564)
(171073,1044573)
(171073,1044578)
(171073,1044591)
(171073,1044605)
(171152,435948)
(171152,436222)
(171152,436249)
(171152,436331)
(171152,436338)
(171152,436397)
(171152,436438)
(171152,436549)
(171152,436555)
(171152,436613)
(171152,436639)
(171152,436798)
(171152,436838)
(171152,436864)
(171152,437049)
(171152,437062)
(171152,437087)
(171152,437340)
(171152,437415)
(171152,437442)
(171152,437511)
(171152,437622)
(171152,438154)
(171152,653982)
(171152,1044067)
(171152,1044082)
(171152,1044087)
(171152,1044092)
(171152,1044100)
(171152,1044110)
(171152,1044120)
(171152,1044127)
(171152,1044141)
(171152,1044146)
(171152,1044160)
(171152,1044167)
(171152,1044171)
(171152,1044181)
(171152,1044200)
(171152,1044209)
(171152,1044216)
(171152,1044227)
(171152,1044232)
(171152,1044241)
(171152,1044249)
(171152,1044257)
(171152,1044262)
(171152,1044271)
(171152,1044274)
(171152,1044290)
(171152,1044294)
(171152,1044304)
(171152,1044306)
(171152,1044321)
(171152,1044328)
(171152,1044334)
(171152,1044339)
(171152,1044342)
(171152,1044352)
(171152,1044357)
(171152,1044368)
(171152,1044372)
(171152,1044375)
(171152,1044392)
(171152,1044394)
(171152,1044410)
(171152,1044424)
(171152,1044427)
(171152,1044431)
(171152,1044442)
(171152,1044452)
(171152,1044463)
(171152,1044478)
(171152,1044479)
(171152,1044486)
(171152,1044493)
(171152,1044504)
(171152,1044505)
(171152,1044511)
(171152,1044521)
(171152,1044533)
(171152,1044539)
(171152,1044553)
(171152,1044564)
(171152,1044573)
(171152,1044578)
(171152,1044591)
(171152,1044605)
(435948,436222)
(435948,436249)
(435948,436331)
(435948,436338)
(435948,436397)
(435948,436438)
(435948,436549)
(435948,436555)
(435948,436613)
(435948,436639)
(435948,436798)
(435948,436838)
(435948,436864)
(435948,437049)
(435948,437062)
(435948,437087)
(435948,437340)
(435948,437415)
(435948,437442)
(435948,437511)
(435948,437622)
(435948,438154)
(435948,653982)
(435948,1044067)
(435948,1044082)
(435948,1044087)
(435948,1044092)
(435948,1044100)
(435948,1044110)
(435948,1044120)
(435948,1044127)
(435948,1044141)
(435948,1044146)
(435948,1044160)
(435948,1044167)
(435948,1044171)
(435948,1044181)
(435948,1044200)
(435948,1044209)
(435948,1044216)
(435948,1044227)
(435948,1044232)
(435948,1044241)
(435948,1044249)
(435948,1044257)
(435948,1044262)
(435948,1044271)
(435948,1044274)
(435948,1044290)
(435948,1044294)
(435948,1044304)
(435948,1044306)
(435948,1044321)
(435948,1044328)
(435948,1044334)
(435948,1044339)
(435948,1044342)
(435948,1044352)
(435948,1044357)
(435948,1044368)
(435948,1044372)
(435948,1044375)
(435948,1044392)
(435948,1044394)
(435948,1044410)
(435948,1044424)
(435948,1044427)
(435948,1044431)
(435948,1044442)
(435948,1044452)
(435948,1044463)
(435948,1044478)
(435948,1044479)
(435948,1044486)
(435948,1044493)
(435948,1044504)
(435948,1044505)
(435948,1044511)
(435948,1044521)
(435948,1044533)
(435948,1044539)
(435948,1044553)
(435948,1044564)
(435948,1044573)
(435948,1044578)
(435948,1044591)
(435948,1044605)
(436222,436249)
(436222,436331)
(436222,436338)
(436222,436397)
(436222,436438)
(436222,436549)
(436222,436555)
(436222,436613)
(436222,436639)
(436222,436798)
(436222,436838)
(436222,436864)
(436222,437049)
(436222,437062)
(436222,437087)
(436222,437340)
(436222,437415)
(436222,437442)
(436222,437511)
(436222,437622)
(436222,438154)
(436222,653982)
(436222,1044067)
(436222,1044082)
(436222,1044087)
(436222,1044092)
(436222,1044100)
(436222,1044110)
(436222,1044120)
(436222,1044127)
(436222,1044141)
(436222,1044146)
(436222,1044160)
(436222,1044167)
(436222,1044171)
(436222,1044181)
(436222,1044200)
(436222,1044209)
(436222,1044216)
(436222,1044227)
(436222,1044232)
(436222,1044241)
(436222,1044249)
(436222,1044257)
(436222,1044262)
(436222,1044271)
(436222,1044274)
(436222,1044290)
(436222,1044294)
(436222,1044304)
(436222,1044306)
(436222,1044321)
(436222,1044328)
(436222,1044334)
(436222,1044339)
(436222,1044342)
(436222,1044352)
(436222,1044357)
(436222,1044368)
(436222,1044372)
(436222,1044375)
(436222,1044392)
(436222,1044394)
(436222,1044410)
(436222,1044424)
(436222,1044427)
(436222,1044431)
(436222,1044442)
(436222,1044452)
(436222,1044463)
(436222,1044478)
(436222,1044479)
(436222,1044486)
(436222,1044493)
(436222,1044504)
(436222,1044505)
(436222,1044511)
(436222,1044521)
(436222,1044533)
(436222,1044539)
(436222,1044553)
(436222,1044564)
(436222,1044573)
(436222,1044578)
(436222,1044591)
(436222,1044605)
(436249,436331)
(436249,436338)
(436249,436397)
(436249,436438)
(436249,436549)
(436249,436555)
(436249,436613)
(436249,436639)
(436249,436798)
(436249,436838)
(436249,436864)
(436249,437049)
(436249,437062)
(436249,437087)
(436249,437340)
(436249,437415)
(436249,437442)
(436249,437511)
(436249,437622)
(436249,438154)
(436249,653982)
(436249,1044067)
(436249,1044082)
(436249,1044087)
(436249,1044092)
(436249,1044100)
(436249,1044110)
(436249,1044120)
(436249,1044127)
(436249,1044141)
(436249,1044146)
(436249,1044160)
(436249,1044167)
(436249,1044171)
(436249,1044181)
(436249,1044200)
(436249,1044209)
(436249,1044216)
(436249,1044227)
(436249,1044232)
(436249,1044241)
(436249,1044249)
(436249,1044257)
(436249,1044262)
(436249,1044271)
(436249,1044274)
(436249,1044290)
(436249,1044294)
(436249,1044304)
(436249,1044306)
(436249,1044321)
(436249,1044328)
(436249,1044334)
(436249,1044339)
(436249,1044342)
(436249,1044352)
(436249,1044357)
(436249,1044368)
(436249,1044372)
(436249,1044375)
(436249,1044392)
(436249,1044394)
(436249,1044410)
(436249,1044424)
(436249,1044427)
(436249,1044431)
(436249,1044442)
(436249,1044452)
(436249,1044463)
(436249,1044478)
(436249,1044479)
(436249,1044486)
(436249,1044493)
(436249,1044504)
(436249,1044505)
(436249,1044511)
(436249,1044521)
(436249,1044533)
(436249,1044539)
(436249,1044553)
(436249,1044564)
(436249,1044573)
(436249,1044578)
(436249,1044591)
(436249,1044605)
(436331,436338)
(436331,436397)
(436331,436438)
(436331,436549)
(436331,436555)
(436331,436613)
(436331,436639)
(436331,436798)
(436331,436838)
(436331,436864)
(436331,437049)
(436331,437062)
(436331,437087)
(436331,437340)
(436331,437415)
(436331,437442)
(436331,437511)
(436331,437622)
(436331,438154)
(436331,653982)
(436331,1044067)
(436331,1044082)
(436331,1044087)
(436331,1044092)
(436331,1044100)
(436331,1044110)
(436331,1044120)
(436331,1044127)
(436331,1044141)
(436331,1044146)
(436331,1044160)
(436331,1044167)
(436331,1044171)
(436331,1044181)
(436331,1044200)
(436331,1044209)
(436331,1044216)
(436331,1044227)
(436331,1044232)
(436331,1044241)
(436331,1044249)
(436331,1044257)
(436331,1044262)
(436331,1044271)
(436331,1044274)
(436331,1044290)
(436331,1044294)
(436331,1044304)
(436331,1044306)
(436331,1044321)
(436331,1044328)
(436331,1044334)
(436331,1044339)
(436331,1044342)
(436331,1044352)
(436331,1044357)
(436331,1044368)
(436331,1044372)
(436331,1044375)
(436331,1044392)
(436331,1044394)
(436331,1044410)
(436331,1044424)
(436331,1044427)
(436331,1044431)
(436331,1044442)
(436331,1044452)
(436331,1044463)
(436331,1044478)
(436331,1044479)
(436331,1044486)
(436331,1044493)
(436331,1044504)
(436331,1044505)
(436331,1044511)
(436331,1044521)
(436331,1044533)
(436331,1044539)
(436331,1044553)
(436331,1044564)
(436331,1044573)
(436331,1044578)
(436331,1044591)
(436331,1044605)
(436338,436397)
(436338,436438)
(436338,436549)
(436338,436555)
(436338,436613)
(436338,436639)
(436338,436798)
(436338,436838)
(436338,436864)
(436338,437049)
(436338,437062)
(436338,437087)
(436338,437340)
(436338,437415)
(436338,437442)
(436338,437511)
(436338,437622)
(436338,438154)
(436338,653982)
(436338,1044067)
(436338,1044082)
(436338,1044087)
(436338,1044092)
(436338,1044100)
(436338,1044110)
(436338,1044120)
(436338,1044127)
(436338,1044141)
(436338,1044146)
(436338,1044160)
(436338,1044167)
(436338,1044171)
(436338,1044181)
(436338,1044200)
(436338,1044209)
(436338,1044216)
(436338,1044227)
(436338,1044232)
(436338,1044241)
(436338,1044249)
(436338,1044257)
(436338,1044262)
(436338,1044271)
(436338,1044274)
(436338,1044290)
(436338,1044294)
(436338,1044304)
(436338,1044306)
(436338,1044321)
(436338,1044328)
(436338,1044334)
(436338,1044339)
(436338,1044342)
(436338,1044352)
(436338,1044357)
(436338,1044368)
(436338,1044372)
(436338,1044375)
(436338,1044392)
(436338,1044394)
(436338,1044410)
(436338,1044424)
(436338,1044427)
(436338,1044431)
(436338,1044442)
(436338,1044452)
(436338,1044463)
(436338,1044478)
(436338,1044479)
(436338,1044486)
(436338,1044493)
(436338,1044504)
(436338,1044505)
(436338,1044511)
(436338,1044521)
(436338,1044533)
(436338,1044539)
(436338,1044553)
(436338,1044564)
(436338,1044573)
(436338,1044578)
(436338,1044591)
(436338,1044605)
(436397,436438)
(436397,436549)
(436397,436555)
(436397,436613)
(436397,436639)
(436397,436798)
(436397,436838)
(436397,436864)
(436397,437049)
(436397,437062)
(436397,437087)
(436397,437340)
(436397,437415)
(436397,437442)
(436397,437511)
(436397,437622)
(436397,438154)
(436397,653982)
(436397,1044067)
(436397,1044082)
(436397,1044087)
(436397,1044092)
(436397,1044100)
(436397,1044110)
(436397,1044120)
(436397,1044127)
(436397,1044141)
(436397,1044146)
(436397,1044160)
(436397,1044167)
(436397,1044171)
(436397,1044181)
(436397,1044200)
(436397,1044209)
(436397,1044216)
(436397,1044227)
(436397,1044232)
(436397,1044241)
(436397,1044249)
(436397,1044257)
(436397,1044262)
(436397,1044271)
(436397,1044274)
(436397,1044290)
(436397,1044294)
(436397,1044304)
(436397,1044306)
(436397,1044321)
(436397,1044328)
(436397,1044334)
(436397,1044339)
(436397,1044342)
(436397,1044352)
(436397,1044357)
(436397,1044368)
(436397,1044372)
(436397,1044375)
(436397,1044392)
(436397,1044394)
(436397,1044410)
(436397,1044424)
(436397,1044427)
(436397,1044431)
(436397,1044442)
(436397,1044452)
(436397,1044463)
(436397,1044478)
(436397,1044479)
(436397,1044486)
(436397,1044493)
(436397,1044504)
(436397,1044505)
(436397,1044511)
(436397,1044521)
(436397,1044533)
(436397,1044539)
(436397,1044553)
(436397,1044564)
(436397,1044573)
(436397,1044578)
(436397,1044591)
(436397,1044605)
(436438,436549)
(436438,436555)
(436438,436613)
(436438,436639)
(436438,436798)
(436438,436838)
(436438,436864)
(436438,437049)
(436438,437062)
(436438,437087)
(436438,437340)
(436438,437415)
(436438,437442)
(436438,437511)
(436438,437622)
(436438,438154)
(436438,653982)
(436438,1044067)
(436438,1044082)
(436438,1044087)
(436438,1044092)
(436438,1044100)
(436438,1044110)
(436438,1044120)
(436438,1044127)
(436438,1044141)
(436438,1044146)
(436438,1044160)
(436438,1044167)
(436438,1044171)
(436438,1044181)
(436438,1044200)
(436438,1044209)
(436438,1044216)
(436438,1044227)
(436438,1044232)
(436438,1044241)
(436438,1044249)
(436438,1044257)
(436438,1044262)
(436438,1044271)
(436438,1044274)
(436438,1044290)
(436438,1044294)
(436438,1044304)
(436438,1044306)
(436438,1044321)
(436438,1044328)
(436438,1044334)
(436438,1044339)
(436438,1044342)
(436438,1044352)
(436438,1044357)
(436438,1044368)
(436438,1044372)
(436438,1044375)
(436438,1044392)
(436438,1044394)
(436438,1044410)
(436438,1044424)
(436438,1044427)
(436438,1044431)
(436438,1044442)
(436438,1044452)
(436438,1044463)
(436438,1044478)
(436438,1044479)
(436438,1044486)
(436438,1044493)
(436438,1044504)
(436438,1044505)
(436438,1044511)
(436438,1044521)
(436438,1044533)
(436438,1044539)
(436438,1044553)
(436438,1044564)
(436438,1044573)
(436438,1044578)
(436438,1044591)
(436438,1044605)
(436549,436555)
(436549,436613)
(436549,436639)
(436549,436798)
(436549,436838)
(436549,436864)
(436549,437049)
(436549,437062)
(436549,437087)
(436549,437340)
(436549,437415)
(436549,437442)
(436549,437511)
(436549,437622)
(436549,438154)
(436549,653982)
(436549,1044067)
(436549,1044082)
(436549,1044087)
(436549,1044092)
(436549,1044100)
(436549,1044110)
(436549,1044120)
(436549,1044127)
(436549,1044141)
(436549,1044146)
(436549,1044160)
(436549,1044167)
(436549,1044171)
(436549,1044181)
(436549,1044200)
(436549,1044209)
(436549,1044216)
(436549,1044227)
(436549,1044232)
(436549,1044241)
(436549,1044249)
(436549,1044257)
(436549,1044262)
(436549,1044271)
(436549,1044274)
(436549,1044290)
(436549,1044294)
(436549,1044304)
(436549,1044306)
(436549,1044321)
(436549,1044328)
(436549,1044334)
(436549,1044339)
(436549,1044342)
(436549,1044352)
(436549,1044357)
(436549,1044368)
(436549,1044372)
(436549,1044375)
(436549,1044392)
(436549,1044394)
(436549,1044410)
(436549,1044424)
(436549,1044427)
(436549,1044431)
(436549,1044442)
(436549,1044452)
(436549,1044463)
(436549,1044478)
(436549,1044479)
(436549,1044486)
(436549,1044493)
(436549,1044504)
(436549,1044505)
(436549,1044511)
(436549,1044521)
(436549,1044533)
(436549,1044539)
(436549,1044553)
(436549,1044564)
(436549,1044573)
(436549,1044578)
(436549,1044591)
(436549,1044605)
(436555,436613)
(436555,436639)
(436555,436798)
(436555,436838)
(436555,436864)
(436555,437049)
(436555,437062)
(436555,437087)
(436555,437340)
(436555,437415)
(436555,437442)
(436555,437511)
(436555,437622)
(436555,438154)
(436555,653982)
(436555,1044067)
(436555,1044082)
(436555,1044087)
(436555,1044092)
(436555,1044100)
(436555,1044110)
(436555,1044120)
(436555,1044127)
(436555,1044141)
(436555,1044146)
(436555,1044160)
(436555,1044167)
(436555,1044171)
(436555,1044181)
(436555,1044200)
(436555,1044209)
(436555,1044216)
(436555,1044227)
(436555,1044232)
(436555,1044241)
(436555,1044249)
(436555,1044257)
(436555,1044262)
(436555,1044271)
(436555,1044274)
(436555,1044290)
(436555,1044294)
(436555,1044304)
(436555,1044306)
(436555,1044321)
(436555,1044328)
(436555,1044334)
(436555,1044339)
(436555,1044342)
(436555,1044352)
(436555,1044357)
(436555,1044368)
(436555,1044372)
(436555,1044375)
(436555,1044392)
(436555,1044394)
(436555,1044410)
(436555,1044424)
(436555,1044427)
(436555,1044431)
(436555,1044442)
(436555,1044452)
(436555,1044463)
(436555,1044478)
(436555,1044479)
(436555,1044486)
(436555,1044493)
(436555,1044504)
(436555,1044505)
(436555,1044511)
(436555,1044521)
(436555,1044533)
(436555,1044539)
(436555,1044553)
(436555,1044564)
(436555,1044573)
(436555,1044578)
(436555,1044591)
(436555,1044605)
(436613,436639)
(436613,436798)
(436613,436838)
(436613,436864)
(436613,437049)
(436613,437062)
(436613,437087)
(436613,437340)
(436613,437415)
(436613,437442)
(436613,437511)
(436613,437622)
(436613,438154)
(436613,653982)
(436613,1044067)
(436613,1044082)
(436613,1044087)
(436613,1044092)
(436613,1044100)
(436613,1044110)
(436613,1044120)
(436613,1044127)
(436613,1044141)
(436613,1044146)
(436613,1044160)
(436613,1044167)
(436613,1044171)
(436613,1044181)
(436613,1044200)
(436613,1044209)
(436613,1044216)
(436613,1044227)
(436613,1044232)
(436613,1044241)
(436613,1044249)
(436613,1044257)
(436613,1044262)
(436613,1044271)
(436613,1044274)
(436613,1044290)
(436613,1044294)
(436613,1044304)
(436613,1044306)
(436613,1044321)
(436613,1044328)
(436613,1044334)
(436613,1044339)
(436613,1044342)
(436613,1044352)
(436613,1044357)
(436613,1044368)
(436613,1044372)
(436613,1044375)
(436613,1044392)
(436613,1044394)
(436613,1044410)
(436613,1044424)
(436613,1044427)
(436613,1044431)
(436613,1044442)
(436613,1044452)
(436613,1044463)
(436613,1044478)
(436613,1044479)
(436613,1044486)
(436613,1044493)
(436613,1044504)
(436613,1044505)
(436613,1044511)
(436613,1044521)
(436613,1044533)
(436613,1044539)
(436613,1044553)
(436613,1044564)
(436613,1044573)
(436613,1044578)
(436613,1044591)
(436613,1044605)
(436639,436798)
(436639,436838)
(436639,436864)
(436639,437049)
(436639,437062)
(436639,437087)
(436639,437340)
(436639,437415)
(436639,437442)
(436639,437511)
(436639,437622)
(436639,438154)
(436639,653982)
(436639,1044067)
(436639,1044082)
(436639,1044087)
(436639,1044092)
(436639,1044100)
(436639,1044110)
(436639,1044120)
(436639,1044127)
(436639,1044141)
(436639,1044146)
(436639,1044160)
(436639,1044167)
(436639,1044171)
(436639,1044181)
(436639,1044200)
(436639,1044209)
(436639,1044216)
(436639,1044227)
(436639,1044232)
(436639,1044241)
(436639,1044249)
(436639,1044257)
(436639,1044262)
(436639,1044271)
(436639,1044274)
(436639,1044290)
(436639,1044294)
(436639,1044304)
(436639,1044306)
(436639,1044321)
(436639,1044328)
(436639,1044334)
(436639,1044339)
(436639,1044342)
(436639,1044352)
(436639,1044357)
(436639,1044368)
(436639,1044372)
(436639,1044375)
(436639,1044392)
(436639,1044394)
(436639,1044410)
(436639,1044424)
(436639,1044427)
(436639,1044431)
(436639,1044442)
(436639,1044452)
(436639,1044463)
(436639,1044478)
(436639,1044479)
(436639,1044486)
(436639,1044493)
(436639,1044504)
(436639,1044505)
(436639,1044511)
(436639,1044521)
(436639,1044533)
(436639,1044539)
(436639,1044553)
(436639,1044564)
(436639,1044573)
(436639,1044578)
(436639,1044591)
(436639,1044605)
(436798,436838)
(436798,436864)
(436798,437049)
(436798,437062)
(436798,437087)
(436798,437340)
(436798,437415)
(436798,437442)
(436798,437511)
(436798,437622)
(436798,438154)
(436798,653982)
(436798,1044067)
(436798,1044082)
(436798,1044087)
(436798,1044092)
(436798,1044100)
(436798,1044110)
(436798,1044120)
(436798,1044127)
(436798,1044141)
(436798,1044146)
(436798,1044160)
(436798,1044167)
(436798,1044171)
(436798,1044181)
(436798,1044200)
(436798,1044209)
(436798,1044216)
(436798,1044227)
(436798,1044232)
(436798,1044241)
(436798,1044249)
(436798,1044257)
(436798,1044262)
(436798,1044271)
(436798,1044274)
(436798,1044290)
(436798,1044294)
(436798,1044304)
(436798,1044306)
(436798,1044321)
(436798,1044328)
(436798,1044334)
(436798,1044339)
(436798,1044342)
(436798,1044352)
(436798,1044357)
(436798,1044368)
(436798,1044372)
(436798,1044375)
(436798,1044392)
(436798,1044394)
(436798,1044410)
(436798,1044424)
(436798,1044427)
(436798,1044431)
(436798,1044442)
(436798,1044452)
(436798,1044463)
(436798,1044478)
(436798,1044479)
(436798,1044486)
(436798,1044493)
(436798,1044504)
(436798,1044505)
(436798,1044511)
(436798,1044521)
(436798,1044533)
(436798,1044539)
(436798,1044553)
(436798,1044564)
(436798,1044573)
(436798,1044578)
(436798,1044591)
(436798,1044605)
(436838,436864)
(436838,437049)
(436838,437062)
(436838,437087)
(436838,437340)
(436838,437415)
(436838,437442)
(436838,437511)
(436838,437622)
(436838,438154)
(436838,653982)
(436838,1044067)
(436838,1044082)
(436838,1044087)
(436838,1044092)
(436838,1044100)
(436838,1044110)
(436838,1044120)
(436838,1044127)
(436838,1044141)
(436838,1044146)
(436838,1044160)
(436838,1044167)
(436838,1044171)
(436838,1044181)
(436838,1044200)
(436838,1044209)
(436838,1044216)
(436838,1044227)
(436838,1044232)
(436838,1044241)
(436838,1044249)
(436838,1044257)
(436838,1044262)
(436838,1044271)
(436838,1044274)
(436838,1044290)
(436838,1044294)
(436838,1044304)
(436838,1044306)
(436838,1044321)
(436838,1044328)
(436838,1044334)
(436838,1044339)
(436838,1044342)
(436838,1044352)
(436838,1044357)
(436838,1044368)
(436838,1044372)
(436838,1044375)
(436838,1044392)
(436838,1044394)
(436838,1044410)
(436838,1044424)
(436838,1044427)
(436838,1044431)
(436838,1044442)
(436838,1044452)
(436838,1044463)
(436838,1044478)
(436838,1044479)
(436838,1044486)
(436838,1044493)
(436838,1044504)
(436838,1044505)
(436838,1044511)
(436838,1044521)
(436838,1044533)
(436838,1044539)
(436838,1044553)
(436838,1044564)
(436838,1044573)
(436838,1044578)
(436838,1044591)
(436838,1044605)
(436864,437049)
(436864,437062)
(436864,437087)
(436864,437340)
(436864,437415)
(436864,437442)
(436864,437511)
(436864,437622)
(436864,438154)
(436864,653982)
(436864,1044067)
(436864,1044082)
(436864,1044087)
(436864,1044092)
(436864,1044100)
(436864,1044110)
(436864,1044120)
(436864,1044127)
(436864,1044141)
(436864,1044146)
(436864,1044160)
(436864,1044167)
(436864,1044171)
(436864,1044181)
(436864,1044200)
(436864,1044209)
(436864,1044216)
(436864,1044227)
(436864,1044232)
(436864,1044241)
(436864,1044249)
(436864,1044257)
(436864,1044262)
(436864,1044271)
(436864,1044274)
(436864,1044290)
(436864,1044294)
(436864,1044304)
(436864,1044306)
(436864,1044321)
(436864,1044328)
(436864,1044334)
(436864,1044339)
(436864,1044342)
(436864,1044352)
(436864,1044357)
(436864,1044368)
(436864,1044372)
(436864,1044375)
(436864,1044392)
(436864,1044394)
(436864,1044410)
(436864,1044424)
(436864,1044427)
(436864,1044431)
(436864,1044442)
(436864,1044452)
(436864,1044463)
(436864,1044478)
(436864,1044479)
(436864,1044486)
(436864,1044493)
(436864,1044504)
(436864,1044505)
(436864,1044511)
(436864,1044521)
(436864,1044533)
(436864,1044539)
(436864,1044553)
(436864,1044564)
(436864,1044573)
(436864,1044578)
(436864,1044591)
(436864,1044605)
(437049,437062)
(437049,437087)
(437049,437340)
(437049,437415)
(437049,437442)
(437049,437511)
(437049,437622)
(437049,438154)
(437049,653982)
(437049,1044067)
(437049,1044082)
(437049,1044087)
(437049,1044092)
(437049,1044100)
(437049,1044110)
(437049,1044120)
(437049,1044127)
(437049,1044141)
(437049,1044146)
(437049,1044160)
(437049,1044167)
(437049,1044171)
(437049,1044181)
(437049,1044200)
(437049,1044209)
(437049,1044216)
(437049,1044227)
(437049,1044232)
(437049,1044241)
(437049,1044249)
(437049,1044257)
(437049,1044262)
(437049,1044271)
(437049,1044274)
(437049,1044290)
(437049,1044294)
(437049,1044304)
(437049,1044306)
(437049,1044321)
(437049,1044328)
(437049,1044334)
(437049,1044339)
(437049,1044342)
(437049,1044352)
(437049,1044357)
(437049,1044368)
(437049,1044372)
(437049,1044375)
(437049,1044392)
(437049,1044394)
(437049,1044410)
(437049,1044424)
(437049,1044427)
(437049,1044431)
(437049,1044442)
(437049,1044452)
(437049,1044463)
(437049,1044478)
(437049,1044479)
(437049,1044486)
(437049,1044493)
(437049,1044504)
(437049,1044505)
(437049,1044511)
(437049,1044521)
(437049,1044533)
(437049,1044539)
(437049,1044553)
(437049,1044564)
(437049,1044573)
(437049,1044578)
(437049,1044591)
(437049,1044605)
(437062,437087)
(437062,437340)
(437062,437415)
(437062,437442)
(437062,437511)
(437062,437622)
(437062,438154)
(437062,653982)
(437062,1044067)
(437062,1044082)
(437062,1044087)
(437062,1044092)
(437062,1044100)
(437062,1044110)
(437062,1044120)
(437062,1044127)
(437062,1044141)
(437062,1044146)
(437062,1044160)
(437062,1044167)
(437062,1044171)
(437062,1044181)
(437062,1044200)
(437062,1044209)
(437062,1044216)
(437062,1044227)
(437062,1044232)
(437062,1044241)
(437062,1044249)
(437062,1044257)
(437062,1044262)
(437062,1044271)
(437062,1044274)
(437062,1044290)
(437062,1044294)
(437062,1044304)
(437062,1044306)
(437062,1044321)
(437062,1044328)
(437062,1044334)
(437062,1044339)
(437062,1044342)
(437062,1044352)
(437062,1044357)
(437062,1044368)
(437062,1044372)
(437062,1044375)
(437062,1044392)
(437062,1044394)
(437062,1044410)
(437062,1044424)
(437062,1044427)
(437062,1044431)
(437062,1044442)
(437062,1044452)
(437062,1044463)
(437062,1044478)
(437062,1044479)
(437062,1044486)
(437062,1044493)
(437062,1044504)
(437062,1044505)
(437062,1044511)
(437062,1044521)
(437062,1044533)
(437062,1044539)
(437062,1044553)
(437062,1044564)
(437062,1044573)
(437062,1044578)
(437062,1044591)
(437062,1044605)
(437087,437340)
(437087,437415)
(437087,437442)
(437087,437511)
(437087,437622)
(437087,438154)
(437087,653982)
(437087,1044067)
(437087,1044082)
(437087,1044087)
(437087,1044092)
(437087,1044100)
(437087,1044110)
(437087,1044120)
(437087,1044127)
(437087,1044141)
(437087,1044146)
(437087,1044160)
(437087,1044167)
(437087,1044171)
(437087,1044181)
(437087,1044200)
(437087,1044209)
(437087,1044216)
(437087,1044227)
(437087,1044232)
(437087,1044241)
(437087,1044249)
(437087,1044257)
(437087,1044262)
(437087,1044271)
(437087,1044274)
(437087,1044290)
(437087,1044294)
(437087,1044304)
(437087,1044306)
(437087,1044321)
(437087,1044328)
(437087,1044334)
(437087,1044339)
(437087,1044342)
(437087,1044352)
(437087,1044357)
(437087,1044368)
(437087,1044372)
(437087,1044375)
(437087,1044392)
(437087,1044394)
(437087,1044410)
(437087,1044424)
(437087,1044427)
(437087,1044431)
(437087,1044442)
(437087,1044452)
(437087,1044463)
(437087,1044478)
(437087,1044479)
(437087,1044486)
(437087,1044493)
(437087,1044504)
(437087,1044505)
(437087,1044511)
(437087,1044521)
(437087,1044533)
(437087,1044539)
(437087,1044553)
(437087,1044564)
(437087,1044573)
(437087,1044578)
(437087,1044591)
(437087,1044605)
(437340,437415)
(437340,437442)
(437340,437511)
(437340,437622)
(437340,438154)
(437340,653982)
(437340,1044067)
(437340,1044082)
(437340,1044087)
(437340,1044092)
(437340,1044100)
(437340,1044110)
(437340,1044120)
(437340,1044127)
(437340,1044141)
(437340,1044146)
(437340,1044160)
(437340,1044167)
(437340,1044171)
(437340,1044181)
(437340,1044200)
(437340,1044209)
(437340,1044216)
(437340,1044227)
(437340,1044232)
(437340,1044241)
(437340,1044249)
(437340,1044257)
(437340,1044262)
(437340,1044271)
(437340,1044274)
(437340,1044290)
(437340,1044294)
(437340,1044304)
(437340,1044306)
(437340,1044321)
(437340,1044328)
(437340,1044334)
(437340,1044339)
(437340,1044342)
(437340,1044352)
(437340,1044357)
(437340,1044368)
(437340,1044372)
(437340,1044375)
(437340,1044392)
(437340,1044394)
(437340,1044410)
(437340,1044424)
(437340,1044427)
(437340,1044431)
(437340,1044442)
(437340,1044452)
(437340,1044463)
(437340,1044478)
(437340,1044479)
(437340,1044486)
(437340,1044493)
(437340,1044504)
(437340,1044505)
(437340,1044511)
(437340,1044521)
(437340,1044533)
(437340,1044539)
(437340,1044553)
(437340,1044564)
(437340,1044573)
(437340,1044578)
(437340,1044591)
(437340,1044605)
(437415,437442)
(437415,437511)
(437415,437622)
(437415,438154)
(437415,653982)
(437415,1044067)
(437415,1044082)
(437415,1044087)
(437415,1044092)
(437415,1044100)
(437415,1044110)
(437415,1044120)
(437415,1044127)
(437415,1044141)
(437415,1044146)
(437415,1044160)
(437415,1044167)
(437415,1044171)
(437415,1044181)
(437415,1044200)
(437415,1044209)
(437415,1044216)
(437415,1044227)
(437415,1044232)
(437415,1044241)
(437415,1044249)
(437415,1044257)
(437415,1044262)
(437415,1044271)
(437415,1044274)
(437415,1044290)
(437415,1044294)
(437415,1044304)
(437415,1044306)
(437415,1044321)
(437415,1044328)
(437415,1044334)
(437415,1044339)
(437415,1044342)
(437415,1044352)
(437415,1044357)
(437415,1044368)
(437415,1044372)
(437415,1044375)
(437415,1044392)
(437415,1044394)
(437415,1044410)
(437415,1044424)
(437415,1044427)
(437415,1044431)
(437415,1044442)
(437415,1044452)
(437415,1044463)
(437415,1044478)
(437415,1044479)
(437415,1044486)
(437415,1044493)
(437415,1044504)
(437415,1044505)
(437415,1044511)
(437415,1044521)
(437415,1044533)
(437415,1044539)
(437415,1044553)
(437415,1044564)
(437415,1044573)
(437415,1044578)
(437415,1044591)
(437415,1044605)
(437442,437511)
(437442,437622)
(437442,438154)
(437442,653982)
(437442,1044067)
(437442,1044082)
(437442,1044087)
(437442,1044092)
(437442,1044100)
(437442,1044110)
(437442,1044120)
(437442,1044127)
(437442,1044141)
(437442,1044146)
(437442,1044160)
(437442,1044167)
(437442,1044171)
(437442,1044181)
(437442,1044200)
(437442,1044209)
(437442,1044216)
(437442,1044227)
(437442,1044232)
(437442,1044241)
(437442,1044249)
(437442,1044257)
(437442,1044262)
(437442,1044271)
(437442,1044274)
(437442,1044290)
(437442,1044294)
(437442,1044304)
(437442,1044306)
(437442,1044321)
(437442,1044328)
(437442,1044334)
(437442,1044339)
(437442,1044342)
(437442,1044352)
(437442,1044357)
(437442,1044368)
(437442,1044372)
(437442,1044375)
(437442,1044392)
(437442,1044394)
(437442,1044410)
(437442,1044424)
(437442,1044427)
(437442,1044431)
(437442,1044442)
(437442,1044452)
(437442,1044463)
(437442,1044478)
(437442,1044479)
(437442,1044486)
(437442,1044493)
(437442,1044504)
(437442,1044505)
(437442,1044511)
(437442,1044521)
(437442,1044533)
(437442,1044539)
(437442,1044553)
(437442,1044564)
(437442,1044573)
(437442,1044578)
(437442,1044591)
(437442,1044605)
(437511,437622)
(437511,438154)
(437511,653982)
(437511,1044067)
(437511,1044082)
(437511,1044087)
(437511,1044092)
(437511,1044100)
(437511,1044110)
(437511,1044120)
(437511,1044127)
(437511,1044141)
(437511,1044146)
(437511,1044160)
(437511,1044167)
(437511,1044171)
(437511,1044181)
(437511,1044200)
(437511,1044209)
(437511,1044216)
(437511,1044227)
(437511,1044232)
(437511,1044241)
(437511,1044249)
(437511,1044257)
(437511,1044262)
(437511,1044271)
(437511,1044274)
(437511,1044290)
(437511,1044294)
(437511,1044304)
(437511,1044306)
(437511,1044321)
(437511,1044328)
(437511,1044334)
(437511,1044339)
(437511,1044342)
(437511,1044352)
(437511,1044357)
(437511,1044368)
(437511,1044372)
(437511,1044375)
(437511,1044392)
(437511,1044394)
(437511,1044410)
(437511,1044424)
(437511,1044427)
(437511,1044431)
(437511,1044442)
(437511,1044452)
(437511,1044463)
(437511,1044478)
(437511,1044479)
(437511,1044486)
(437511,1044493)
(437511,1044504)
(437511,1044505)
(437511,1044511)
(437511,1044521)
(437511,1044533)
(437511,1044539)
(437511,1044553)
(437511,1044564)
(437511,1044573)
(437511,1044578)
(437511,1044591)
(437511,1044605)
(437622,438154)
(437622,653982)
(437622,1044067)
(437622,1044082)
(437622,1044087)
(437622,1044092)
(437622,1044100)
(437622,1044110)
(437622,1044120)
(437622,1044127)
(437622,1044141)
(437622,1044146)
(437622,1044160)
(437622,1044167)
(437622,1044171)
(437622,1044181)
(437622,1044200)
(437622,1044209)
(437622,1044216)
(437622,1044227)
(437622,1044232)
(437622,1044241)
(437622,1044249)
(437622,1044257)
(437622,1044262)
(437622,1044271)
(437622,1044274)
(437622,1044290)
(437622,1044294)
(437622,1044304)
(437622,1044306)
(437622,1044321)
(437622,1044328)
(437622,1044334)
(437622,1044339)
(437622,1044342)
(437622,1044352)
(437622,1044357)
(437622,1044368)
(437622,1044372)
(437622,1044375)
(437622,1044392)
(437622,1044394)
(437622,1044410)
(437622,1044424)
(437622,1044427)
(437622,1044431)
(437622,1044442)
(437622,1044452)
(437622,1044463)
(437622,1044478)
(437622,1044479)
(437622,1044486)
(437622,1044493)
(437622,1044504)
(437622,1044505)
(437622,1044511)
(437622,1044521)
(437622,1044533)
(437622,1044539)
(437622,1044553)
(437622,1044564)
(437622,1044573)
(437622,1044578)
(437622,1044591)
(437622,1044605)
(438154,653982)
(438154,1044067)
(438154,1044082)
(438154,1044087)
(438154,1044092)
(438154,1044100)
(438154,1044110)
(438154,1044120)
(438154,1044127)
(438154,1044141)
(438154,1044146)
(438154,1044160)
(438154,1044167)
(438154,1044171)
(438154,1044181)
(438154,1044200)
(438154,1044209)
(438154,1044216)
(438154,1044227)
(438154,1044232)
(438154,1044241)
(438154,1044249)
(438154,1044257)
(438154,1044262)
(438154,1044271)
(438154,1044274)
(438154,1044290)
(438154,1044294)
(438154,1044304)
(438154,1044306)
(438154,1044321)
(438154,1044328)
(438154,1044334)
(438154,1044339)
(438154,1044342)
(438154,1044352)
(438154,1044357)
(438154,1044368)
(438154,1044372)
(438154,1044375)
(438154,1044392)
(438154,1044394)
(438154,1044410)
(438154,1044424)
(438154,1044427)
(438154,1044431)
(438154,1044442)
(438154,1044452)
(438154,1044463)
(438154,1044478)
(438154,1044479)
(438154,1044486)
(438154,1044493)
(438154,1044504)
(438154,1044505)
(438154,1044511)
(438154,1044521)
(438154,1044533)
(438154,1044539)
(438154,1044553)
(438154,1044564)
(438154,1044573)
(438154,1044578)
(438154,1044591)
(438154,1044605)
(653982,1044067)
(653982,1044082)
(653982,1044087)
(653982,1044092)
(653982,1044100)
(653982,1044110)
(653982,1044120)
(653982,1044127)
(653982,1044141)
(653982,1044146)
(653982,1044160)
(653982,1044167)
(653982,1044171)
(653982,1044181)
(653982,1044200)
(653982,1044209)
(653982,1044216)
(653982,1044227)
(653982,1044232)
(653982,1044241)
(653982,1044249)
(653982,1044257)
(653982,1044262)
(653982,1044271)
(653982,1044274)
(653982,1044290)
(653982,1044294)
(653982,1044304)
(653982,1044306)
(653982,1044321)
(653982,1044328)
(653982,1044334)
(653982,1044339)
(653982,1044342)
(653982,1044352)
(653982,1044357)
(653982,1044368)
(653982,1044372)
(653982,1044375)
(653982,1044392)
(653982,1044394)
(653982,1044410)
(653982,1044424)
(653982,1044427)
(653982,1044431)
(653982,1044442)
(653982,1044452)
(653982,1044463)
(653982,1044478)
(653982,1044479)
(653982,1044486)
(653982,1044493)
(653982,1044504)
(653982,1044505)
(653982,1044511)
(653982,1044521)
(653982,1044533)
(653982,1044539)
(653982,1044553)
(653982,1044564)
(653982,1044573)
(653982,1044578)
(653982,1044591)
(653982,1044605)
(1044067,1044082)
(1044067,1044087)
(1044067,1044092)
(1044067,1044100)
(1044067,1044110)
(1044067,1044120)
(1044067,1044127)
(1044067,1044141)
(1044067,1044146)
(1044067,1044160)
(1044067,1044167)
(1044067,1044171)
(1044067,1044181)
(1044067,1044200)
(1044067,1044209)
(1044067,1044216)
(1044067,1044227)
(1044067,1044232)
(1044067,1044241)
(1044067,1044249)
(1044067,1044257)
(1044067,1044262)
(1044067,1044271)
(1044067,1044274)
(1044067,1044290)
(1044067,1044294)
(1044067,1044304)
(1044067,1044306)
(1044067,1044321)
(1044067,1044328)
(1044067,1044334)
(1044067,1044339)
(1044067,1044342)
(1044067,1044352)
(1044067,1044357)
(1044067,1044368)
(1044067,1044372)
(1044067,1044375)
(1044067,1044392)
(1044067,1044394)
(1044067,1044410)
(1044067,1044424)
(1044067,1044427)
(1044067,1044431)
(1044067,1044442)
(1044067,1044452)
(1044067,1044463)
(1044067,1044478)
(1044067,1044479)
(1044067,1044486)
(1044067,1044493)
(1044067,1044504)
(1044067,1044505)
(1044067,1044511)
(1044067,1044521)
(1044067,1044533)
(1044067,1044539)
(1044067,1044553)
(1044067,1044564)
(1044067,1044573)
(1044067,1044578)
(1044067,1044591)
(1044067,1044605)
(1044082,1044087)
(1044082,1044092)
(1044082,1044100)
(1044082,1044110)
(1044082,1044120)
(1044082,1044127)
(1044082,1044141)
(1044082,1044146)
(1044082,1044160)
(1044082,1044167)
(1044082,1044171)
(1044082,1044181)
(1044082,1044200)
(1044082,1044209)
(1044082,1044216)
(1044082,1044227)
(1044082,1044232)
(1044082,1044241)
(1044082,1044249)
(1044082,1044257)
(1044082,1044262)
(1044082,1044271)
(1044082,1044274)
(1044082,1044290)
(1044082,1044294)
(1044082,1044304)
(1044082,1044306)
(1044082,1044321)
(1044082,1044328)
(1044082,1044334)
(1044082,1044339)
(1044082,1044342)
(1044082,1044352)
(1044082,1044357)
(1044082,1044368)
(1044082,1044372)
(1044082,1044375)
(1044082,1044392)
(1044082,1044394)
(1044082,1044410)
(1044082,1044424)
(1044082,1044427)
(1044082,1044431)
(1044082,1044442)
(1044082,1044452)
(1044082,1044463)
(1044082,1044478)
(1044082,1044479)
(1044082,1044486)
(1044082,1044493)
(1044082,1044504)
(1044082,1044505)
(1044082,1044511)
(1044082,1044521)
(1044082,1044533)
(1044082,1044539)
(1044082,1044553)
(1044082,1044564)
(1044082,1044573)
(1044082,1044578)
(1044082,1044591)
(1044082,1044605)
(1044087,1044092)
(1044087,1044100)
(1044087,1044110)
(1044087,1044120)
(1044087,1044127)
(1044087,1044141)
(1044087,1044146)
(1044087,1044160)
(1044087,1044167)
(1044087,1044171)
(1044087,1044181)
(1044087,1044200)
(1044087,1044209)
(1044087,1044216)
(1044087,1044227)
(1044087,1044232)
(1044087,1044241)
(1044087,1044249)
(1044087,1044257)
(1044087,1044262)
(1044087,1044271)
(1044087,1044274)
(1044087,1044290)
(1044087,1044294)
(1044087,1044304)
(1044087,1044306)
(1044087,1044321)
(1044087,1044328)
(1044087,1044334)
(1044087,1044339)
(1044087,1044342)
(1044087,1044352)
(1044087,1044357)
(1044087,1044368)
(1044087,1044372)
(1044087,1044375)
(1044087,1044392)
(1044087,1044394)
(1044087,1044410)
(1044087,1044424)
(1044087,1044427)
(1044087,1044431)
(1044087,1044442)
(1044087,1044452)
(1044087,1044463)
(1044087,1044478)
(1044087,1044479)
(1044087,1044486)
(1044087,1044493)
(1044087,1044504)
(1044087,1044505)
(1044087,1044511)
(1044087,1044521)
(1044087,1044533)
(1044087,1044539)
(1044087,1044553)
(1044087,1044564)
(1044087,1044573)
(1044087,1044578)
(1044087,1044591)
(1044087,1044605)
(1044092,1044100)
(1044092,1044110)
(1044092,1044120)
(1044092,1044127)
(1044092,1044141)
(1044092,1044146)
(1044092,1044160)
(1044092,1044167)
(1044092,1044171)
(1044092,1044181)
(1044092,1044200)
(1044092,1044209)
(1044092,1044216)
(1044092,1044227)
(1044092,1044232)
(1044092,1044241)
(1044092,1044249)
(1044092,1044257)
(1044092,1044262)
(1044092,1044271)
(1044092,1044274)
(1044092,1044290)
(1044092,1044294)
(1044092,1044304)
(1044092,1044306)
(1044092,1044321)
(1044092,1044328)
(1044092,1044334)
(1044092,1044339)
(1044092,1044342)
(1044092,1044352)
(1044092,1044357)
(1044092,1044368)
(1044092,1044372)
(1044092,1044375)
(1044092,1044392)
(1044092,1044394)
(1044092,1044410)
(1044092,1044424)
(1044092,1044427)
(1044092,1044431)
(1044092,1044442)
(1044092,1044452)
(1044092,1044463)
(1044092,1044478)
(1044092,1044479)
(1044092,1044486)
(1044092,1044493)
(1044092,1044504)
(1044092,1044505)
(1044092,1044511)
(1044092,1044521)
(1044092,1044533)
(1044092,1044539)
(1044092,1044553)
(1044092,1044564)
(1044092,1044573)
(1044092,1044578)
(1044092,1044591)
(1044092,1044605)
(1044100,1044110)
(1044100,1044120)
(1044100,1044127)
(1044100,1044141)
(1044100,1044146)
(1044100,1044160)
(1044100,1044167)
(1044100,1044171)
(1044100,1044181)
(1044100,1044200)
(1044100,1044209)
(1044100,1044216)
(1044100,1044227)
(1044100,1044232)
(1044100,1044241)
(1044100,1044249)
(1044100,1044257)
(1044100,1044262)
(1044100,1044271)
(1044100,1044274)
(1044100,1044290)
(1044100,1044294)
(1044100,1044304)
(1044100,1044306)
(1044100,1044321)
(1044100,1044328)
(1044100,1044334)
(1044100,1044339)
(1044100,1044342)
(1044100,1044352)
(1044100,1044357)
(1044100,1044368)
(1044100,1044372)
(1044100,1044375)
(1044100,1044392)
(1044100,1044394)
(1044100,1044410)
(1044100,1044424)
(1044100,1044427)
(1044100,1044431)
(1044100,1044442)
(1044100,1044452)
(1044100,1044463)
(1044100,1044478)
(1044100,1044479)
(1044100,1044486)
(1044100,1044493)
(1044100,1044504)
(1044100,1044505)
(1044100,1044511)
(1044100,1044521)
(1044100,1044533)
(1044100,1044539)
(1044100,1044553)
(1044100,1044564)
(1044100,1044573)
(1044100,1044578)
(1044100,1044591)
(1044100,1044605)
(1044110,1044120)
(1044110,1044127)
(1044110,1044141)
(1044110,1044146)
(1044110,1044160)
(1044110,1044167)
(1044110,1044171)
(1044110,1044181)
(1044110,1044200)
(1044110,1044209)
(1044110,1044216)
(1044110,1044227)
(1044110,1044232)
(1044110,1044241)
(1044110,1044249)
(1044110,1044257)
(1044110,1044262)
(1044110,1044271)
(1044110,1044274)
(1044110,1044290)
(1044110,1044294)
(1044110,1044304)
(1044110,1044306)
(1044110,1044321)
(1044110,1044328)
(1044110,1044334)
(1044110,1044339)
(1044110,1044342)
(1044110,1044352)
(1044110,1044357)
(1044110,1044368)
(1044110,1044372)
(1044110,1044375)
(1044110,1044392)
(1044110,1044394)
(1044110,1044410)
(1044110,1044424)
(1044110,1044427)
(1044110,1044431)
(1044110,1044442)
(1044110,1044452)
(1044110,1044463)
(1044110,1044478)
(1044110,1044479)
(1044110,1044486)
(1044110,1044493)
(1044110,1044504)
(1044110,1044505)
(1044110,1044511)
(1044110,1044521)
(1044110,1044533)
(1044110,1044539)
(1044110,1044553)
(1044110,1044564)
(1044110,1044573)
(1044110,1044578)
(1044110,1044591)
(1044110,1044605)
(1044120,1044127)
(1044120,1044141)
(1044120,1044146)
(1044120,1044160)
(1044120,1044167)
(1044120,1044171)
(1044120,1044181)
(1044120,1044200)
(1044120,1044209)
(1044120,1044216)
(1044120,1044227)
(1044120,1044232)
(1044120,1044241)
(1044120,1044249)
(1044120,1044257)
(1044120,1044262)
(1044120,1044271)
(1044120,1044274)
(1044120,1044290)
(1044120,1044294)
(1044120,1044304)
(1044120,1044306)
(1044120,1044321)
(1044120,1044328)
(1044120,1044334)
(1044120,1044339)
(1044120,1044342)
(1044120,1044352)
(1044120,1044357)
(1044120,1044368)
(1044120,1044372)
(1044120,1044375)
(1044120,1044392)
(1044120,1044394)
(1044120,1044410)
(1044120,1044424)
(1044120,1044427)
(1044120,1044431)
(1044120,1044442)
(1044120,1044452)
(1044120,1044463)
(1044120,1044478)
(1044120,1044479)
(1044120,1044486)
(1044120,1044493)
(1044120,1044504)
(1044120,1044505)
(1044120,1044511)
(1044120,1044521)
(1044120,1044533)
(1044120,1044539)
(1044120,1044553)
(1044120,1044564)
(1044120,1044573)
(1044120,1044578)
(1044120,1044591)
(1044120,1044605)
(1044127,1044141)
(1044127,1044146)
(1044127,1044160)
(1044127,1044167)
(1044127,1044171)
(1044127,1044181)
(1044127,1044200)
(1044127,1044209)
(1044127,1044216)
(1044127,1044227)
(1044127,1044232)
(1044127,1044241)
(1044127,1044249)
(1044127,1044257)
(1044127,1044262)
(1044127,1044271)
(1044127,1044274)
(1044127,1044290)
(1044127,1044294)
(1044127,1044304)
(1044127,1044306)
(1044127,1044321)
(1044127,1044328)
(1044127,1044334)
(1044127,1044339)
(1044127,1044342)
(1044127,1044352)
(1044127,1044357)
(1044127,1044368)
(1044127,1044372)
(1044127,1044375)
(1044127,1044392)
(1044127,1044394)
(1044127,1044410)
(1044127,1044424)
(1044127,1044427)
(1044127,1044431)
(1044127,1044442)
(1044127,1044452)
(1044127,1044463)
(1044127,1044478)
(1044127,1044479)
(1044127,1044486)
(1044127,1044493)
(1044127,1044504)
(1044127,1044505)
(1044127,1044511)
(1044127,1044521)
(1044127,1044533)
(1044127,1044539)
(1044127,1044553)
(1044127,1044564)
(1044127,1044573)
(1044127,1044578)
(1044127,1044591)
(1044127,1044605)
(1044141,1044146)
(1044141,1044160)
(1044141,1044167)
(1044141,1044171)
(1044141,1044181)
(1044141,1044200)
(1044141,1044209)
(1044141,1044216)
(1044141,1044227)
(1044141,1044232)
(1044141,1044241)
(1044141,1044249)
(1044141,1044257)
(1044141,1044262)
(1044141,1044271)
(1044141,1044274)
(1044141,1044290)
(1044141,1044294)
(1044141,1044304)
(1044141,1044306)
(1044141,1044321)
(1044141,1044328)
(1044141,1044334)
(1044141,1044339)
(1044141,1044342)
(1044141,1044352)
(1044141,1044357)
(1044141,1044368)
(1044141,1044372)
(1044141,1044375)
(1044141,1044392)
(1044141,1044394)
(1044141,1044410)
(1044141,1044424)
(1044141,1044427)
(1044141,1044431)
(1044141,1044442)
(1044141,1044452)
(1044141,1044463)
(1044141,1044478)
(1044141,1044479)
(1044141,1044486)
(1044141,1044493)
(1044141,1044504)
(1044141,1044505)
(1044141,1044511)
(1044141,1044521)
(1044141,1044533)
(1044141,1044539)
(1044141,1044553)
(1044141,1044564)
(1044141,1044573)
(1044141,1044578)
(1044141,1044591)
(1044141,1044605)
(1044146,1044160)
(1044146,1044167)
(1044146,1044171)
(1044146,1044181)
(1044146,1044200)
(1044146,1044209)
(1044146,1044216)
(1044146,1044227)
(1044146,1044232)
(1044146,1044241)
(1044146,1044249)
(1044146,1044257)
(1044146,1044262)
(1044146,1044271)
(1044146,1044274)
(1044146,1044290)
(1044146,1044294)
(1044146,1044304)
(1044146,1044306)
(1044146,1044321)
(1044146,1044328)
(1044146,1044334)
(1044146,1044339)
(1044146,1044342)
(1044146,1044352)
(1044146,1044357)
(1044146,1044368)
(1044146,1044372)
(1044146,1044375)
(1044146,1044392)
(1044146,1044394)
(1044146,1044410)
(1044146,1044424)
(1044146,1044427)
(1044146,1044431)
(1044146,1044442)
(1044146,1044452)
(1044146,1044463)
(1044146,1044478)
(1044146,1044479)
(1044146,1044486)
(1044146,1044493)
(1044146,1044504)
(1044146,1044505)
(1044146,1044511)
(1044146,1044521)
(1044146,1044533)
(1044146,1044539)
(1044146,1044553)
(1044146,1044564)
(1044146,1044573)
(1044146,1044578)
(1044146,1044591)
(1044146,1044605)
(1044160,1044167)
(1044160,1044171)
(1044160,1044181)
(1044160,1044200)
(1044160,1044209)
(1044160,1044216)
(1044160,1044227)
(1044160,1044232)
(1044160,1044241)
(1044160,1044249)
(1044160,1044257)
(1044160,1044262)
(1044160,1044271)
(1044160,1044274)
(1044160,1044290)
(1044160,1044294)
(1044160,1044304)
(1044160,1044306)
(1044160,1044321)
(1044160,1044328)
(1044160,1044334)
(1044160,1044339)
(1044160,1044342)
(1044160,1044352)
(1044160,1044357)
(1044160,1044368)
(1044160,1044372)
(1044160,1044375)
(1044160,1044392)
(1044160,1044394)
(1044160,1044410)
(1044160,1044424)
(1044160,1044427)
(1044160,1044431)
(1044160,1044442)
(1044160,1044452)
(1044160,1044463)
(1044160,1044478)
(1044160,1044479)
(1044160,1044486)
(1044160,1044493)
(1044160,1044504)
(1044160,1044505)
(1044160,1044511)
(1044160,1044521)
(1044160,1044533)
(1044160,1044539)
(1044160,1044553)
(1044160,1044564)
(1044160,1044573)
(1044160,1044578)
(1044160,1044591)
(1044160,1044605)
(1044167,1044171)
(1044167,1044181)
(1044167,1044200)
(1044167,1044209)
(1044167,1044216)
(1044167,1044227)
(1044167,1044232)
(1044167,1044241)
(1044167,1044249)
(1044167,1044257)
(1044167,1044262)
(1044167,1044271)
(1044167,1044274)
(1044167,1044290)
(1044167,1044294)
(1044167,1044304)
(1044167,1044306)
(1044167,1044321)
(1044167,1044328)
(1044167,1044334)
(1044167,1044339)
(1044167,1044342)
(1044167,1044352)
(1044167,1044357)
(1044167,1044368)
(1044167,1044372)
(1044167,1044375)
(1044167,1044392)
(1044167,1044394)
(1044167,1044410)
(1044167,1044424)
(1044167,1044427)
(1044167,1044431)
(1044167,1044442)
(1044167,1044452)
(1044167,1044463)
(1044167,1044478)
(1044167,1044479)
(1044167,1044486)
(1044167,1044493)
(1044167,1044504)
(1044167,1044505)
(1044167,1044511)
(1044167,1044521)
(1044167,1044533)
(1044167,1044539)
(1044167,1044553)
(1044167,1044564)
(1044167,1044573)
(1044167,1044578)
(1044167,1044591)
(1044167,1044605)
(1044171,1044181)
(1044171,1044200)
(1044171,1044209)
(1044171,1044216)
(1044171,1044227)
(1044171,1044232)
(1044171,1044241)
(1044171,1044249)
(1044171,1044257)
(1044171,1044262)
(1044171,1044271)
(1044171,1044274)
(1044171,1044290)
(1044171,1044294)
(1044171,1044304)
(1044171,1044306)
(1044171,1044321)
(1044171,1044328)
(1044171,1044334)
(1044171,1044339)
(1044171,1044342)
(1044171,1044352)
(1044171,1044357)
(1044171,1044368)
(1044171,1044372)
(1044171,1044375)
(1044171,1044392)
(1044171,1044394)
(1044171,1044410)
(1044171,1044424)
(1044171,1044427)
(1044171,1044431)
(1044171,1044442)
(1044171,1044452)
(1044171,1044463)
(1044171,1044478)
(1044171,1044479)
(1044171,1044486)
(1044171,1044493)
(1044171,1044504)
(1044171,1044505)
(1044171,1044511)
(1044171,1044521)
(1044171,1044533)
(1044171,1044539)
(1044171,1044553)
(1044171,1044564)
(1044171,1044573)
(1044171,1044578)
(1044171,1044591)
(1044171,1044605)
(1044181,1044200)
(1044181,1044209)
(1044181,1044216)
(1044181,1044227)
(1044181,1044232)
(1044181,1044241)
(1044181,1044249)
(1044181,1044257)
(1044181,1044262)
(1044181,1044271)
(1044181,1044274)
(1044181,1044290)
(1044181,1044294)
(1044181,1044304)
(1044181,1044306)
(1044181,1044321)
(1044181,1044328)
(1044181,1044334)
(1044181,1044339)
(1044181,1044342)
(1044181,1044352)
(1044181,1044357)
(1044181,1044368)
(1044181,1044372)
(1044181,1044375)
(1044181,1044392)
(1044181,1044394)
(1044181,1044410)
(1044181,1044424)
(1044181,1044427)
(1044181,1044431)
(1044181,1044442)
(1044181,1044452)
(1044181,1044463)
(1044181,1044478)
(1044181,1044479)
(1044181,1044486)
(1044181,1044493)
(1044181,1044504)
(1044181,1044505)
(1044181,1044511)
(1044181,1044521)
(1044181,1044533)
(1044181,1044539)
(1044181,1044553)
(1044181,1044564)
(1044181,1044573)
(1044181,1044578)
(1044181,1044591)
(1044181,1044605)
(1044200,1044209)
(1044200,1044216)
(1044200,1044227)
(1044200,1044232)
(1044200,1044241)
(1044200,1044249)
(1044200,1044257)
(1044200,1044262)
(1044200,1044271)
(1044200,1044274)
(1044200,1044290)
(1044200,1044294)
(1044200,1044304)
(1044200,1044306)
(1044200,1044321)
(1044200,1044328)
(1044200,1044334)
(1044200,1044339)
(1044200,1044342)
(1044200,1044352)
(1044200,1044357)
(1044200,1044368)
(1044200,1044372)
(1044200,1044375)
(1044200,1044392)
(1044200,1044394)
(1044200,1044410)
(1044200,1044424)
(1044200,1044427)
(1044200,1044431)
(1044200,1044442)
(1044200,1044452)
(1044200,1044463)
(1044200,1044478)
(1044200,1044479)
(1044200,1044486)
(1044200,1044493)
(1044200,1044504)
(1044200,1044505)
(1044200,1044511)
(1044200,1044521)
(1044200,1044533)
(1044200,1044539)
(1044200,1044553)
(1044200,1044564)
(1044200,1044573)
(1044200,1044578)
(1044200,1044591)
(1044200,1044605)
(1044209,1044216)
(1044209,1044227)
(1044209,1044232)
(1044209,1044241)
(1044209,1044249)
(1044209,1044257)
(1044209,1044262)
(1044209,1044271)
(1044209,1044274)
(1044209,1044290)
(1044209,1044294)
(1044209,1044304)
(1044209,1044306)
(1044209,1044321)
(1044209,1044328)
(1044209,1044334)
(1044209,1044339)
(1044209,1044342)
(1044209,1044352)
(1044209,1044357)
(1044209,1044368)
(1044209,1044372)
(1044209,1044375)
(1044209,1044392)
(1044209,1044394)
(1044209,1044410)
(1044209,1044424)
(1044209,1044427)
(1044209,1044431)
(1044209,1044442)
(1044209,1044452)
(1044209,1044463)
(1044209,1044478)
(1044209,1044479)
(1044209,1044486)
(1044209,1044493)
(1044209,1044504)
(1044209,1044505)
(1044209,1044511)
(1044209,1044521)
(1044209,1044533)
(1044209,1044539)
(1044209,1044553)
(1044209,1044564)
(1044209,1044573)
(1044209,1044578)
(1044209,1044591)
(1044209,1044605)
(1044216,1044227)
(1044216,1044232)
(1044216,1044241)
(1044216,1044249)
(1044216,1044257)
(1044216,1044262)
(1044216,1044271)
(1044216,1044274)
(1044216,1044290)
(1044216,1044294)
(1044216,1044304)
(1044216,1044306)
(1044216,1044321)
(1044216,1044328)
(1044216,1044334)
(1044216,1044339)
(1044216,1044342)
(1044216,1044352)
(1044216,1044357)
(1044216,1044368)
(1044216,1044372)
(1044216,1044375)
(1044216,1044392)
(1044216,1044394)
(1044216,1044410)
(1044216,1044424)
(1044216,1044427)
(1044216,1044431)
(1044216,1044442)
(1044216,1044452)
(1044216,1044463)
(1044216,1044478)
(1044216,1044479)
(1044216,1044486)
(1044216,1044493)
(1044216,1044504)
(1044216,1044505)
(1044216,1044511)
(1044216,1044521)
(1044216,1044533)
(1044216,1044539)
(1044216,1044553)
(1044216,1044564)
(1044216,1044573)
(1044216,1044578)
(1044216,1044591)
(1044216,1044605)
(1044227,1044232)
(1044227,1044241)
(1044227,1044249)
(1044227,1044257)
(1044227,1044262)
(1044227,1044271)
(1044227,1044274)
(1044227,1044290)
(1044227,1044294)
(1044227,1044304)
(1044227,1044306)
(1044227,1044321)
(1044227,1044328)
(1044227,1044334)
(1044227,1044339)
(1044227,1044342)
(1044227,1044352)
(1044227,1044357)
(1044227,1044368)
(1044227,1044372)
(1044227,1044375)
(1044227,1044392)
(1044227,1044394)
(1044227,1044410)
(1044227,1044424)
(1044227,1044427)
(1044227,1044431)
(1044227,1044442)
(1044227,1044452)
(1044227,1044463)
(1044227,1044478)
(1044227,1044479)
(1044227,1044486)
(1044227,1044493)
(1044227,1044504)
(1044227,1044505)
(1044227,1044511)
(1044227,1044521)
(1044227,1044533)
(1044227,1044539)
(1044227,1044553)
(1044227,1044564)
(1044227,1044573)
(1044227,1044578)
(1044227,1044591)
(1044227,1044605)
(1044232,1044241)
(1044232,1044249)
(1044232,1044257)
(1044232,1044262)
(1044232,1044271)
(1044232,1044274)
(1044232,1044290)
(1044232,1044294)
(1044232,1044304)
(1044232,1044306)
(1044232,1044321)
(1044232,1044328)
(1044232,1044334)
(1044232,1044339)
(1044232,1044342)
(1044232,1044352)
(1044232,1044357)
(1044232,1044368)
(1044232,1044372)
(1044232,1044375)
(1044232,1044392)
(1044232,1044394)
(1044232,1044410)
(1044232,1044424)
(1044232,1044427)
(1044232,1044431)
(1044232,1044442)
(1044232,1044452)
(1044232,1044463)
(1044232,1044478)
(1044232,1044479)
(1044232,1044486)
(1044232,1044493)
(1044232,1044504)
(1044232,1044505)
(1044232,1044511)
(1044232,1044521)
(1044232,1044533)
(1044232,1044539)
(1044232,1044553)
(1044232,1044564)
(1044232,1044573)
(1044232,1044578)
(1044232,1044591)
(1044232,1044605)
(1044241,1044249)
(1044241,1044257)
(1044241,1044262)
(1044241,1044271)
(1044241,1044274)
(1044241,1044290)
(1044241,1044294)
(1044241,1044304)
(1044241,1044306)
(1044241,1044321)
(1044241,1044328)
(1044241,1044334)
(1044241,1044339)
(1044241,1044342)
(1044241,1044352)
(1044241,1044357)
(1044241,1044368)
(1044241,1044372)
(1044241,1044375)
(1044241,1044392)
(1044241,1044394)
(1044241,1044410)
(1044241,1044424)
(1044241,1044427)
(1044241,1044431)
(1044241,1044442)
(1044241,1044452)
(1044241,1044463)
(1044241,1044478)
(1044241,1044479)
(1044241,1044486)
(1044241,1044493)
(1044241,1044504)
(1044241,1044505)
(1044241,1044511)
(1044241,1044521)
(1044241,1044533)
(1044241,1044539)
(1044241,1044553)
(1044241,1044564)
(1044241,1044573)
(1044241,1044578)
(1044241,1044591)
(1044241,1044605)
(1044249,1044257)
(1044249,1044262)
(1044249,1044271)
(1044249,1044274)
(1044249,1044290)
(1044249,1044294)
(1044249,1044304)
(1044249,1044306)
(1044249,1044321)
(1044249,1044328)
(1044249,1044334)
(1044249,1044339)
(1044249,1044342)
(1044249,1044352)
(1044249,1044357)
(1044249,1044368)
(1044249,1044372)
(1044249,1044375)
(1044249,1044392)
(1044249,1044394)
(1044249,1044410)
(1044249,1044424)
(1044249,1044427)
(1044249,1044431)
(1044249,1044442)
(1044249,1044452)
(1044249,1044463)
(1044249,1044478)
(1044249,1044479)
(1044249,1044486)
(1044249,1044493)
(1044249,1044504)
(1044249,1044505)
(1044249,1044511)
(1044249,1044521)
(1044249,1044533)
(1044249,1044539)
(1044249,1044553)
(1044249,1044564)
(1044249,1044573)
(1044249,1044578)
(1044249,1044591)
(1044249,1044605)
(1044257,1044262)
(1044257,1044271)
(1044257,1044274)
(1044257,1044290)
(1044257,1044294)
(1044257,1044304)
(1044257,1044306)
(1044257,1044321)
(1044257,1044328)
(1044257,1044334)
(1044257,1044339)
(1044257,1044342)
(1044257,1044352)
(1044257,1044357)
(1044257,1044368)
(1044257,1044372)
(1044257,1044375)
(1044257,1044392)
(1044257,1044394)
(1044257,1044410)
(1044257,1044424)
(1044257,1044427)
(1044257,1044431)
(1044257,1044442)
(1044257,1044452)
(1044257,1044463)
(1044257,1044478)
(1044257,1044479)
(1044257,1044486)
(1044257,1044493)
(1044257,1044504)
(1044257,1044505)
(1044257,1044511)
(1044257,1044521)
(1044257,1044533)
(1044257,1044539)
(1044257,1044553)
(1044257,1044564)
(1044257,1044573)
(1044257,1044578)
(1044257,1044591)
(1044257,1044605)
(1044262,1044271)
(1044262,1044274)
(1044262,1044290)
(1044262,1044294)
(1044262,1044304)
(1044262,1044306)
(1044262,1044321)
(1044262,1044328)
(1044262,1044334)
(1044262,1044339)
(1044262,1044342)
(1044262,1044352)
(1044262,1044357)
(1044262,1044368)
(1044262,1044372)
(1044262,1044375)
(1044262,1044392)
(1044262,1044394)
(1044262,1044410)
(1044262,1044424)
(1044262,1044427)
(1044262,1044431)
(1044262,1044442)
(1044262,1044452)
(1044262,1044463)
(1044262,1044478)
(1044262,1044479)
(1044262,1044486)
(1044262,1044493)
(1044262,1044504)
(1044262,1044505)
(1044262,1044511)
(1044262,1044521)
(1044262,1044533)
(1044262,1044539)
(1044262,1044553)
(1044262,1044564)
(1044262,1044573)
(1044262,1044578)
(1044262,1044591)
(1044262,1044605)
(1044271,1044274)
(1044271,1044290)
(1044271,1044294)
(1044271,1044304)
(1044271,1044306)
(1044271,1044321)
(1044271,1044328)
(1044271,1044334)
(1044271,1044339)
(1044271,1044342)
(1044271,1044352)
(1044271,1044357)
(1044271,1044368)
(1044271,1044372)
(1044271,1044375)
(1044271,1044392)
(1044271,1044394)
(1044271,1044410)
(1044271,1044424)
(1044271,1044427)
(1044271,1044431)
(1044271,1044442)
(1044271,1044452)
(1044271,1044463)
(1044271,1044478)
(1044271,1044479)
(1044271,1044486)
(1044271,1044493)
(1044271,1044504)
(1044271,1044505)
(1044271,1044511)
(1044271,1044521)
(1044271,1044533)
(1044271,1044539)
(1044271,1044553)
(1044271,1044564)
(1044271,1044573)
(1044271,1044578)
(1044271,1044591)
(1044271,1044605)
(1044274,1044290)
(1044274,1044294)
(1044274,1044304)
(1044274,1044306)
(1044274,1044321)
(1044274,1044328)
(1044274,1044334)
(1044274,1044339)
(1044274,1044342)
(1044274,1044352)
(1044274,1044357)
(1044274,1044368)
(1044274,1044372)
(1044274,1044375)
(1044274,1044392)
(1044274,1044394)
(1044274,1044410)
(1044274,1044424)
(1044274,1044427)
(1044274,1044431)
(1044274,1044442)
(1044274,1044452)
(1044274,1044463)
(1044274,1044478)
(1044274,1044479)
(1044274,1044486)
(1044274,1044493)
(1044274,1044504)
(1044274,1044505)
(1044274,1044511)
(1044274,1044521)
(1044274,1044533)
(1044274,1044539)
(1044274,1044553)
(1044274,1044564)
(1044274,1044573)
(1044274,1044578)
(1044274,1044591)
(1044274,1044605)
(1044290,1044294)
(1044290,1044304)
(1044290,1044306)
(1044290,1044321)
(1044290,1044328)
(1044290,1044334)
(1044290,1044339)
(1044290,1044342)
(1044290,1044352)
(1044290,1044357)
(1044290,1044368)
(1044290,1044372)
(1044290,1044375)
(1044290,1044392)
(1044290,1044394)
(1044290,1044410)
(1044290,1044424)
(1044290,1044427)
(1044290,1044431)
(1044290,1044442)
(1044290,1044452)
(1044290,1044463)
(1044290,1044478)
(1044290,1044479)
(1044290,1044486)
(1044290,1044493)
(1044290,1044504)
(1044290,1044505)
(1044290,1044511)
(1044290,1044521)
(1044290,1044533)
(1044290,1044539)
(1044290,1044553)
(1044290,1044564)
(1044290,1044573)
(1044290,1044578)
(1044290,1044591)
(1044290,1044605)
(1044294,1044304)
(1044294,1044306)
(1044294,1044321)
(1044294,1044328)
(1044294,1044334)
(1044294,1044339)
(1044294,1044342)
(1044294,1044352)
(1044294,1044357)
(1044294,1044368)
(1044294,1044372)
(1044294,1044375)
(1044294,1044392)
(1044294,1044394)
(1044294,1044410)
(1044294,1044424)
(1044294,1044427)
(1044294,1044431)
(1044294,1044442)
(1044294,1044452)
(1044294,1044463)
(1044294,1044478)
(1044294,1044479)
(1044294,1044486)
(1044294,1044493)
(1044294,1044504)
(1044294,1044505)
(1044294,1044511)
(1044294,1044521)
(1044294,1044533)
(1044294,1044539)
(1044294,1044553)
(1044294,1044564)
(1044294,1044573)
(1044294,1044578)
(1044294,1044591)
(1044294,1044605)
(1044304,1044306)
(1044304,1044321)
(1044304,1044328)
(1044304,1044334)
(1044304,1044339)
(1044304,1044342)
(1044304,1044352)
(1044304,1044357)
(1044304,1044368)
(1044304,1044372)
(1044304,1044375)
(1044304,1044392)
(1044304,1044394)
(1044304,1044410)
(1044304,1044424)
(1044304,1044427)
(1044304,1044431)
(1044304,1044442)
(1044304,1044452)
(1044304,1044463)
(1044304,1044478)
(1044304,1044479)
(1044304,1044486)
(1044304,1044493)
(1044304,1044504)
(1044304,1044505)
(1044304,1044511)
(1044304,1044521)
(1044304,1044533)
(1044304,1044539)
(1044304,1044553)
(1044304,1044564)
(1044304,1044573)
(1044304,1044578)
(1044304,1044591)
(1044304,1044605)
(1044306,1044321)
(1044306,1044328)
(1044306,1044334)
(1044306,1044339)
(1044306,1044342)
(1044306,1044352)
(1044306,1044357)
(1044306,1044368)
(1044306,1044372)
(1044306,1044375)
(1044306,1044392)
(1044306,1044394)
(1044306,1044410)
(1044306,1044424)
(1044306,1044427)
(1044306,1044431)
(1044306,1044442)
(1044306,1044452)
(1044306,1044463)
(1044306,1044478)
(1044306,1044479)
(1044306,1044486)
(1044306,1044493)
(1044306,1044504)
(1044306,1044505)
(1044306,1044511)
(1044306,1044521)
(1044306,1044533)
(1044306,1044539)
(1044306,1044553)
(1044306,1044564)
(1044306,1044573)
(1044306,1044578)
(1044306,1044591)
(1044306,1044605)
(1044321,1044328)
(1044321,1044334)
(1044321,1044339)
(1044321,1044342)
(1044321,1044352)
(1044321,1044357)
(1044321,1044368)
(1044321,1044372)
(1044321,1044375)
(1044321,1044392)
(1044321,1044394)
(1044321,1044410)
(1044321,1044424)
(1044321,1044427)
(1044321,1044431)
(1044321,1044442)
(1044321,1044452)
(1044321,1044463)
(1044321,1044478)
(1044321,1044479)
(1044321,1044486)
(1044321,1044493)
(1044321,1044504)
(1044321,1044505)
(1044321,1044511)
(1044321,1044521)
(1044321,1044533)
(1044321,1044539)
(1044321,1044553)
(1044321,1044564)
(1044321,1044573)
(1044321,1044578)
(1044321,1044591)
(1044321,1044605)
(1044328,1044334)
(1044328,1044339)
(1044328,1044342)
(1044328,1044352)
(1044328,1044357)
(1044328,1044368)
(1044328,1044372)
(1044328,1044375)
(1044328,1044392)
(1044328,1044394)
(1044328,1044410)
(1044328,1044424)
(1044328,1044427)
(1044328,1044431)
(1044328,1044442)
(1044328,1044452)
(1044328,1044463)
(1044328,1044478)
(1044328,1044479)
(1044328,1044486)
(1044328,1044493)
(1044328,1044504)
(1044328,1044505)
(1044328,1044511)
(1044328,1044521)
(1044328,1044533)
(1044328,1044539)
(1044328,1044553)
(1044328,1044564)
(1044328,1044573)
(1044328,1044578)
(1044328,1044591)
(1044328,1044605)
(1044334,1044339)
(1044334,1044342)
(1044334,1044352)
(1044334,1044357)
(1044334,1044368)
(1044334,1044372)
(1044334,1044375)
(1044334,1044392)
(1044334,1044394)
(1044334,1044410)
(1044334,1044424)
(1044334,1044427)
(1044334,1044431)
(1044334,1044442)
(1044334,1044452)
(1044334,1044463)
(1044334,1044478)
(1044334,1044479)
(1044334,1044486)
(1044334,1044493)
(1044334,1044504)
(1044334,1044505)
(1044334,1044511)
(1044334,1044521)
(1044334,1044533)
(1044334,1044539)
(1044334,1044553)
(1044334,1044564)
(1044334,1044573)
(1044334,1044578)
(1044334,1044591)
(1044334,1044605)
(1044339,1044342)
(1044339,1044352)
(1044339,1044357)
(1044339,1044368)
(1044339,1044372)
(1044339,1044375)
(1044339,1044392)
(1044339,1044394)
(1044339,1044410)
(1044339,1044424)
(1044339,1044427)
(1044339,1044431)
(1044339,1044442)
(1044339,1044452)
(1044339,1044463)
(1044339,1044478)
(1044339,1044479)
(1044339,1044486)
(1044339,1044493)
(1044339,1044504)
(1044339,1044505)
(1044339,1044511)
(1044339,1044521)
(1044339,1044533)
(1044339,1044539)
(1044339,1044553)
(1044339,1044564)
(1044339,1044573)
(1044339,1044578)
(1044339,1044591)
(1044339,1044605)
(1044342,1044352)
(1044342,1044357)
(1044342,1044368)
(1044342,1044372)
(1044342,1044375)
(1044342,1044392)
(1044342,1044394)
(1044342,1044410)
(1044342,1044424)
(1044342,1044427)
(1044342,1044431)
(1044342,1044442)
(1044342,1044452)
(1044342,1044463)
(1044342,1044478)
(1044342,1044479)
(1044342,1044486)
(1044342,1044493)
(1044342,1044504)
(1044342,1044505)
(1044342,1044511)
(1044342,1044521)
(1044342,1044533)
(1044342,1044539)
(1044342,1044553)
(1044342,1044564)
(1044342,1044573)
(1044342,1044578)
(1044342,1044591)
(1044342,1044605)
(1044352,1044357)
(1044352,1044368)
(1044352,1044372)
(1044352,1044375)
(1044352,1044392)
(1044352,1044394)
(1044352,1044410)
(1044352,1044424)
(1044352,1044427)
(1044352,1044431)
(1044352,1044442)
(1044352,1044452)
(1044352,1044463)
(1044352,1044478)
(1044352,1044479)
(1044352,1044486)
(1044352,1044493)
(1044352,1044504)
(1044352,1044505)
(1044352,1044511)
(1044352,1044521)
(1044352,1044533)
(1044352,1044539)
(1044352,1044553)
(1044352,1044564)
(1044352,1044573)
(1044352,1044578)
(1044352,1044591)
(1044352,1044605)
(1044357,1044368)
(1044357,1044372)
(1044357,1044375)
(1044357,1044392)
(1044357,1044394)
(1044357,1044410)
(1044357,1044424)
(1044357,1044427)
(1044357,1044431)
(1044357,1044442)
(1044357,1044452)
(1044357,1044463)
(1044357,1044478)
(1044357,1044479)
(1044357,1044486)
(1044357,1044493)
(1044357,1044504)
(1044357,1044505)
(1044357,1044511)
(1044357,1044521)
(1044357,1044533)
(1044357,1044539)
(1044357,1044553)
(1044357,1044564)
(1044357,1044573)
(1044357,1044578)
(1044357,1044591)
(1044357,1044605)
(1044368,1044372)
(1044368,1044375)
(1044368,1044392)
(1044368,1044394)
(1044368,1044410)
(1044368,1044424)
(1044368,1044427)
(1044368,1044431)
(1044368,1044442)
(1044368,1044452)
(1044368,1044463)
(1044368,1044478)
(1044368,1044479)
(1044368,1044486)
(1044368,1044493)
(1044368,1044504)
(1044368,1044505)
(1044368,1044511)
(1044368,1044521)
(1044368,1044533)
(1044368,1044539)
(1044368,1044553)
(1044368,1044564)
(1044368,1044573)
(1044368,1044578)
(1044368,1044591)
(1044368,1044605)
(1044372,1044375)
(1044372,1044392)
(1044372,1044394)
(1044372,1044410)
(1044372,1044424)
(1044372,1044427)
(1044372,1044431)
(1044372,1044442)
(1044372,1044452)
(1044372,1044463)
(1044372,1044478)
(1044372,1044479)
(1044372,1044486)
(1044372,1044493)
(1044372,1044504)
(1044372,1044505)
(1044372,1044511)
(1044372,1044521)
(1044372,1044533)
(1044372,1044539)
(1044372,1044553)
(1044372,1044564)
(1044372,1044573)
(1044372,1044578)
(1044372,1044591)
(1044372,1044605)
(1044375,1044392)
(1044375,1044394)
(1044375,1044410)
(1044375,1044424)
(1044375,1044427)
(1044375,1044431)
(1044375,1044442)
(1044375,1044452)
(1044375,1044463)
(1044375,1044478)
(1044375,1044479)
(1044375,1044486)
(1044375,1044493)
(1044375,1044504)
(1044375,1044505)
(1044375,1044511)
(1044375,1044521)
(1044375,1044533)
(1044375,1044539)
(1044375,1044553)
(1044375,1044564)
(1044375,1044573)
(1044375,1044578)
(1044375,1044591)
(1044375,1044605)
(1044392,1044394)
(1044392,1044410)
(1044392,1044424)
(1044392,1044427)
(1044392,1044431)
(1044392,1044442)
(1044392,1044452)
(1044392,1044463)
(1044392,1044478)
(1044392,1044479)
(1044392,1044486)
(1044392,1044493)
(1044392,1044504)
(1044392,1044505)
(1044392,1044511)
(1044392,1044521)
(1044392,1044533)
(1044392,1044539)
(1044392,1044553)
(1044392,1044564)
(1044392,1044573)
(1044392,1044578)
(1044392,1044591)
(1044392,1044605)
(1044394,1044410)
(1044394,1044424)
(1044394,1044427)
(1044394,1044431)
(1044394,1044442)
(1044394,1044452)
(1044394,1044463)
(1044394,1044478)
(1044394,1044479)
(1044394,1044486)
(1044394,1044493)
(1044394,1044504)
(1044394,1044505)
(1044394,1044511)
(1044394,1044521)
(1044394,1044533)
(1044394,1044539)
(1044394,1044553)
(1044394,1044564)
(1044394,1044573)
(1044394,1044578)
(1044394,1044591)
(1044394,1044605)
(1044410,1044424)
(1044410,1044427)
(1044410,1044431)
(1044410,1044442)
(1044410,1044452)
(1044410,1044463)
(1044410,1044478)
(1044410,1044479)
(1044410,1044486)
(1044410,1044493)
(1044410,1044504)
(1044410,1044505)
(1044410,1044511)
(1044410,1044521)
(1044410,1044533)
(1044410,1044539)
(1044410,1044553)
(1044410,1044564)
(1044410,1044573)
(1044410,1044578)
(1044410,1044591)
(1044410,1044605)
(1044424,1044427)
(1044424,1044431)
(1044424,1044442)
(1044424,1044452)
(1044424,1044463)
(1044424,1044478)
(1044424,1044479)
(1044424,1044486)
(1044424,1044493)
(1044424,1044504)
(1044424,1044505)
(1044424,1044511)
(1044424,1044521)
(1044424,1044533)
(1044424,1044539)
(1044424,1044553)
(1044424,1044564)
(1044424,1044573)
(1044424,1044578)
(1044424,1044591)
(1044424,1044605)
(1044427,1044431)
(1044427,1044442)
(1044427,1044452)
(1044427,1044463)
(1044427,1044478)
(1044427,1044479)
(1044427,1044486)
(1044427,1044493)
(1044427,1044504)
(1044427,1044505)
(1044427,1044511)
(1044427,1044521)
(1044427,1044533)
(1044427,1044539)
(1044427,1044553)
(1044427,1044564)
(1044427,1044573)
(1044427,1044578)
(1044427,1044591)
(1044427,1044605)
(1044431,1044442)
(1044431,1044452)
(1044431,1044463)
(1044431,1044478)
(1044431,1044479)
(1044431,1044486)
(1044431,1044493)
(1044431,1044504)
(1044431,1044505)
(1044431,1044511)
(1044431,1044521)
(1044431,1044533)
(1044431,1044539)
(1044431,1044553)
(1044431,1044564)
(1044431,1044573)
(1044431,1044578)
(1044431,1044591)
(1044431,1044605)
(1044442,1044452)
(1044442,1044463)
(1044442,1044478)
(1044442,1044479)
(1044442,1044486)
(1044442,1044493)
(1044442,1044504)
(1044442,1044505)
(1044442,1044511)
(1044442,1044521)
(1044442,1044533)
(1044442,1044539)
(1044442,1044553)
(1044442,1044564)
(1044442,1044573)
(1044442,1044578)
(1044442,1044591)
(1044442,1044605)
(1044452,1044463)
(1044452,1044478)
(1044452,1044479)
(1044452,1044486)
(1044452,1044493)
(1044452,1044504)
(1044452,1044505)
(1044452,1044511)
(1044452,1044521)
(1044452,1044533)
(1044452,1044539)
(1044452,1044553)
(1044452,1044564)
(1044452,1044573)
(1044452,1044578)
(1044452,1044591)
(1044452,1044605)
(1044463,1044478)
(1044463,1044479)
(1044463,1044486)
(1044463,1044493)
(1044463,1044504)
(1044463,1044505)
(1044463,1044511)
(1044463,1044521)
(1044463,1044533)
(1044463,1044539)
(1044463,1044553)
(1044463,1044564)
(1044463,1044573)
(1044463,1044578)
(1044463,1044591)
(1044463,1044605)
(1044478,1044479)
(1044478,1044486)
(1044478,1044493)
(1044478,1044504)
(1044478,1044505)
(1044478,1044511)
(1044478,1044521)
(1044478,1044533)
(1044478,1044539)
(1044478,1044553)
(1044478,1044564)
(1044478,1044573)
(1044478,1044578)
(1044478,1044591)
(1044478,1044605)
(1044479,1044486)
(1044479,1044493)
(1044479,1044504)
(1044479,1044505)
(1044479,1044511)
(1044479,1044521)
(1044479,1044533)
(1044479,1044539)
(1044479,1044553)
(1044479,1044564)
(1044479,1044573)
(1044479,1044578)
(1044479,1044591)
(1044479,1044605)
(1044486,1044493)
(1044486,1044504)
(1044486,1044505)
(1044486,1044511)
(1044486,1044521)
(1044486,1044533)
(1044486,1044539)
(1044486,1044553)
(1044486,1044564)
(1044486,1044573)
(1044486,1044578)
(1044486,1044591)
(1044486,1044605)
(1044493,1044504)
(1044493,1044505)
(1044493,1044511)
(1044493,1044521)
(1044493,1044533)
(1044493,1044539)
(1044493,1044553)
(1044493,1044564)
(1044493,1044573)
(1044493,1044578)
(1044493,1044591)
(1044493,1044605)
(1044504,1044505)
(1044504,1044511)
(1044504,1044521)
(1044504,1044533)
(1044504,1044539)
(1044504,1044553)
(1044504,1044564)
(1044504,1044573)
(1044504,1044578)
(1044504,1044591)
(1044504,1044605)
(1044505,1044511)
(1044505,1044521)
(1044505,1044533)
(1044505,1044539)
(1044505,1044553)
(1044505,1044564)
(1044505,1044573)
(1044505,1044578)
(1044505,1044591)
(1044505,1044605)
(1044511,1044521)
(1044511,1044533)
(1044511,1044539)
(1044511,1044553)
(1044511,1044564)
(1044511,1044573)
(1044511,1044578)
(1044511,1044591)
(1044511,1044605)
(1044521,1044533)
(1044521,1044539)
(1044521,1044553)
(1044521,1044564)
(1044521,1044573)
(1044521,1044578)
(1044521,1044591)
(1044521,1044605)
(1044533,1044539)
(1044533,1044553)
(1044533,1044564)
(1044533,1044573)
(1044533,1044578)
(1044533,1044591)
(1044533,1044605)
(1044539,1044553)
(1044539,1044564)
(1044539,1044573)
(1044539,1044578)
(1044539,1044591)
(1044539,1044605)
(1044553,1044564)
(1044553,1044573)
(1044553,1044578)
(1044553,1044591)
(1044553,1044605)
(1044564,1044573)
(1044564,1044578)
(1044564,1044591)
(1044564,1044605)
(1044573,1044578)
(1044573,1044591)
(1044573,1044605)
(1044578,1044591)
(1044578,1044605)
(1044591,1044605)
(317642,317676)
(317642,317728)
(317642,317851)
(317642,317900)
(317642,318099)
(317642,1044800)
(317642,1044801)
(317642,1044807)
(317642,1044816)
(317642,1044821)
(317642,1044826)
(317642,1044831)
(317642,1044835)
(317642,1044842)
(317676,317728)
(317676,317851)
(317676,317900)
(317676,318099)
(317676,1044800)
(317676,1044801)
(317676,1044807)
(317676,1044816)
(317676,1044821)
(317676,1044826)
(317676,1044831)
(317676,1044835)
(317676,1044842)
(317728,317851)
(317728,317900)
(317728,318099)
(317728,1044800)
(317728,1044801)
(317728,1044807)
(317728,1044816)
(317728,1044821)
(317728,1044826)
(317728,1044831)
(317728,1044835)
(317728,1044842)
(317851,317900)
(317851,318099)
(317851,1044800)
(317851,1044801)
(317851,1044807)
(317851,1044816)
(317851,1044821)
(317851,1044826)
(317851,1044831)
(317851,1044835)
(317851,1044842)
(317900,318099)
(317900,1044800)
(317900,1044801)
(317900,1044807)
(317900,1044816)
(317900,1044821)
(317900,1044826)
(317900,1044831)
(317900,1044835)
(317900,1044842)
(318099,1044800)
(318099,1044801)
(318099,1044807)
(318099,1044816)
(318099,1044821)
(318099,1044826)
(318099,1044831)
(318099,1044835)
(318099,1044842)
(1044800,1044801)
(1044800,1044807)
(1044800,1044816)
(1044800,1044821)
(1044800,1044826)
(1044800,1044831)
(1044800,1044835)
(1044800,1044842)
(1044801,1044807)
(1044801,1044816)
(1044801,1044821)
(1044801,1044826)
(1044801,1044831)
(1044801,1044835)
(1044801,1044842)
(1044807,1044816)
(1044807,1044821)
(1044807,1044826)
(1044807,1044831)
(1044807,1044835)
(1044807,1044842)
(1044816,1044821)
(1044816,1044826)
(1044816,1044831)
(1044816,1044835)
(1044816,1044842)
(1044821,1044826)
(1044821,1044831)
(1044821,1044835)
(1044821,1044842)
(1044826,1044831)
(1044826,1044835)
(1044826,1044842)
(1044831,1044835)
(1044831,1044842)
(1044835,1044842)
(695859,787288)
(695859,787336)
(787288,787336)
(873758,1044862)
(873758,1044866)
(873758,1044869)
(1044862,1044866)
(1044862,1044869)
(1044866,1044869)
(1044612,1044617)
(1044612,1044621)
(1044612,1044624)
(1044612,1044629)
(1044612,1044632)
(1044612,1044634)
(1044612,1044635)
(1044612,1044639)
(1044612,1044642)
(1044612,1044643)
(1044612,1044647)
(1044612,1044648)
(1044612,1044650)
(1044612,1044655)
(1044612,1044657)
(1044612,1044666)
(1044612,1044667)
(1044612,1044669)
(1044612,1044672)
(1044612,1044675)
(1044612,1044678)
(1044612,1044680)
(1044612,1044686)
(1044612,1044689)
(1044612,1044694)
(1044612,1044696)
(1044612,1044701)
(1044612,1044710)
(1044612,1044714)
(1044612,1044719)
(1044612,1044723)
(1044617,1044621)
(1044617,1044624)
(1044617,1044629)
(1044617,1044632)
(1044617,1044634)
(1044617,1044635)
(1044617,1044639)
(1044617,1044642)
(1044617,1044643)
(1044617,1044647)
(1044617,1044648)
(1044617,1044650)
(1044617,1044655)
(1044617,1044657)
(1044617,1044666)
(1044617,1044667)
(1044617,1044669)
(1044617,1044672)
(1044617,1044675)
(1044617,1044678)
(1044617,1044680)
(1044617,1044686)
(1044617,1044689)
(1044617,1044694)
(1044617,1044696)
(1044617,1044701)
(1044617,1044710)
(1044617,1044714)
(1044617,1044719)
(1044617,1044723)
(1044621,1044624)
(1044621,1044629)
(1044621,1044632)
(1044621,1044634)
(1044621,1044635)
(1044621,1044639)
(1044621,1044642)
(1044621,1044643)
(1044621,1044647)
(1044621,1044648)
(1044621,1044650)
(1044621,1044655)
(1044621,1044657)
(1044621,1044666)
(1044621,1044667)
(1044621,1044669)
(1044621,1044672)
(1044621,1044675)
(1044621,1044678)
(1044621,1044680)
(1044621,1044686)
(1044621,1044689)
(1044621,1044694)
(1044621,1044696)
(1044621,1044701)
(1044621,1044710)
(1044621,1044714)
(1044621,1044719)
(1044621,1044723)
(1044624,1044629)
(1044624,1044632)
(1044624,1044634)
(1044624,1044635)
(1044624,1044639)
(1044624,1044642)
(1044624,1044643)
(1044624,1044647)
(1044624,1044648)
(1044624,1044650)
(1044624,1044655)
(1044624,1044657)
(1044624,1044666)
(1044624,1044667)
(1044624,1044669)
(1044624,1044672)
(1044624,1044675)
(1044624,1044678)
(1044624,1044680)
(1044624,1044686)
(1044624,1044689)
(1044624,1044694)
(1044624,1044696)
(1044624,1044701)
(1044624,1044710)
(1044624,1044714)
(1044624,1044719)
(1044624,1044723)
(1044629,1044632)
(1044629,1044634)
(1044629,1044635)
(1044629,1044639)
(1044629,1044642)
(1044629,1044643)
(1044629,1044647)
(1044629,1044648)
(1044629,1044650)
(1044629,1044655)
(1044629,1044657)
(1044629,1044666)
(1044629,1044667)
(1044629,1044669)
(1044629,1044672)
(1044629,1044675)
(1044629,1044678)
(1044629,1044680)
(1044629,1044686)
(1044629,1044689)
(1044629,1044694)
(1044629,1044696)
(1044629,1044701)
(1044629,1044710)
(1044629,1044714)
(1044629,1044719)
(1044629,1044723)
(1044632,1044634)
(1044632,1044635)
(1044632,1044639)
(1044632,1044642)
(1044632,1044643)
(1044632,1044647)
(1044632,1044648)
(1044632,1044650)
(1044632,1044655)
(1044632,1044657)
(1044632,1044666)
(1044632,1044667)
(1044632,1044669)
(1044632,1044672)
(1044632,1044675)
(1044632,1044678)
(1044632,1044680)
(1044632,1044686)
(1044632,1044689)
(1044632,1044694)
(1044632,1044696)
(1044632,1044701)
(1044632,1044710)
(1044632,1044714)
(1044632,1044719)
(1044632,1044723)
(1044634,1044635)
(1044634,1044639)
(1044634,1044642)
(1044634,1044643)
(1044634,1044647)
(1044634,1044648)
(1044634,1044650)
(1044634,1044655)
(1044634,1044657)
(1044634,1044666)
(1044634,1044667)
(1044634,1044669)
(1044634,1044672)
(1044634,1044675)
(1044634,1044678)
(1044634,1044680)
(1044634,1044686)
(1044634,1044689)
(1044634,1044694)
(1044634,1044696)
(1044634,1044701)
(1044634,1044710)
(1044634,1044714)
(1044634,1044719)
(1044634,1044723)
(1044635,1044639)
(1044635,1044642)
(1044635,1044643)
(1044635,1044647)
(1044635,1044648)
(1044635,1044650)
(1044635,1044655)
(1044635,1044657)
(1044635,1044666)
(1044635,1044667)
(1044635,1044669)
(1044635,1044672)
(1044635,1044675)
(1044635,1044678)
(1044635,1044680)
(1044635,1044686)
(1044635,1044689)
(1044635,1044694)
(1044635,1044696)
(1044635,1044701)
(1044635,1044710)
(1044635,1044714)
(1044635,1044719)
(1044635,1044723)
(1044639,1044642)
(1044639,1044643)
(1044639,1044647)
(1044639,1044648)
(1044639,1044650)
(1044639,1044655)
(1044639,1044657)
(1044639,1044666)
(1044639,1044667)
(1044639,1044669)
(1044639,1044672)
(1044639,1044675)
(1044639,1044678)
(1044639,1044680)
(1044639,1044686)
(1044639,1044689)
(1044639,1044694)
(1044639,1044696)
(1044639,1044701)
(1044639,1044710)
(1044639,1044714)
(1044639,1044719)
(1044639,1044723)
(1044642,1044643)
(1044642,1044647)
(1044642,1044648)
(1044642,1044650)
(1044642,1044655)
(1044642,1044657)
(1044642,1044666)
(1044642,1044667)
(1044642,1044669)
(1044642,1044672)
(1044642,1044675)
(1044642,1044678)
(1044642,1044680)
(1044642,1044686)
(1044642,1044689)
(1044642,1044694)
(1044642,1044696)
(1044642,1044701)
(1044642,1044710)
(1044642,1044714)
(1044642,1044719)
(1044642,1044723)
(1044643,1044647)
(1044643,1044648)
(1044643,1044650)
(1044643,1044655)
(1044643,1044657)
(1044643,1044666)
(1044643,1044667)
(1044643,1044669)
(1044643,1044672)
(1044643,1044675)
(1044643,1044678)
(1044643,1044680)
(1044643,1044686)
(1044643,1044689)
(1044643,1044694)
(1044643,1044696)
(1044643,1044701)
(1044643,1044710)
(1044643,1044714)
(1044643,1044719)
(1044643,1044723)
(1044647,1044648)
(1044647,1044650)
(1044647,1044655)
(1044647,1044657)
(1044647,1044666)
(1044647,1044667)
(1044647,1044669)
(1044647,1044672)
(1044647,1044675)
(1044647,1044678)
(1044647,1044680)
(1044647,1044686)
(1044647,1044689)
(1044647,1044694)
(1044647,1044696)
(1044647,1044701)
(1044647,1044710)
(1044647,1044714)
(1044647,1044719)
(1044647,1044723)
(1044648,1044650)
(1044648,1044655)
(1044648,1044657)
(1044648,1044666)
(1044648,1044667)
(1044648,1044669)
(1044648,1044672)
(1044648,1044675)
(1044648,1044678)
(1044648,1044680)
(1044648,1044686)
(1044648,1044689)
(1044648,1044694)
(1044648,1044696)
(1044648,1044701)
(1044648,1044710)
(1044648,1044714)
(1044648,1044719)
(1044648,1044723)
(1044650,1044655)
(1044650,1044657)
(1044650,1044666)
(1044650,1044667)
(1044650,1044669)
(1044650,1044672)
(1044650,1044675)
(1044650,1044678)
(1044650,1044680)
(1044650,1044686)
(1044650,1044689)
(1044650,1044694)
(1044650,1044696)
(1044650,1044701)
(1044650,1044710)
(1044650,1044714)
(1044650,1044719)
(1044650,1044723)
(1044655,1044657)
(1044655,1044666)
(1044655,1044667)
(1044655,1044669)
(1044655,1044672)
(1044655,1044675)
(1044655,1044678)
(1044655,1044680)
(1044655,1044686)
(1044655,1044689)
(1044655,1044694)
(1044655,1044696)
(1044655,1044701)
(1044655,1044710)
(1044655,1044714)
(1044655,1044719)
(1044655,1044723)
(1044657,1044666)
(1044657,1044667)
(1044657,1044669)
(1044657,1044672)
(1044657,1044675)
(1044657,1044678)
(1044657,1044680)
(1044657,1044686)
(1044657,1044689)
(1044657,1044694)
(1044657,1044696)
(1044657,1044701)
(1044657,1044710)
(1044657,1044714)
(1044657,1044719)
(1044657,1044723)
(1044666,1044667)
(1044666,1044669)
(1044666,1044672)
(1044666,1044675)
(1044666,1044678)
(1044666,1044680)
(1044666,1044686)
(1044666,1044689)
(1044666,1044694)
(1044666,1044696)
(1044666,1044701)
(1044666,1044710)
(1044666,1044714)
(1044666,1044719)
(1044666,1044723)
(1044667,1044669)
(1044667,1044672)
(1044667,1044675)
(1044667,1044678)
(1044667,1044680)
(1044667,1044686)
(1044667,1044689)
(1044667,1044694)
(1044667,1044696)
(1044667,1044701)
(1044667,1044710)
(1044667,1044714)
(1044667,1044719)
(1044667,1044723)
(1044669,1044672)
(1044669,1044675)
(1044669,1044678)
(1044669,1044680)
(1044669,1044686)
(1044669,1044689)
(1044669,1044694)
(1044669,1044696)
(1044669,1044701)
(1044669,1044710)
(1044669,1044714)
(1044669,1044719)
(1044669,1044723)
(1044672,1044675)
(1044672,1044678)
(1044672,1044680)
(1044672,1044686)
(1044672,1044689)
(1044672,1044694)
(1044672,1044696)
(1044672,1044701)
(1044672,1044710)
(1044672,1044714)
(1044672,1044719)
(1044672,1044723)
(1044675,1044678)
(1044675,1044680)
(1044675,1044686)
(1044675,1044689)
(1044675,1044694)
(1044675,1044696)
(1044675,1044701)
(1044675,1044710)
(1044675,1044714)
(1044675,1044719)
(1044675,1044723)
(1044678,1044680)
(1044678,1044686)
(1044678,1044689)
(1044678,1044694)
(1044678,1044696)
(1044678,1044701)
(1044678,1044710)
(1044678,1044714)
(1044678,1044719)
(1044678,1044723)
(1044680,1044686)
(1044680,1044689)
(1044680,1044694)
(1044680,1044696)
(1044680,1044701)
(1044680,1044710)
(1044680,1044714)
(1044680,1044719)
(1044680,1044723)
(1044686,1044689)
(1044686,1044694)
(1044686,1044696)
(1044686,1044701)
(1044686,1044710)
(1044686,1044714)
(1044686,1044719)
(1044686,1044723)
(1044689,1044694)
(1044689,1044696)
(1044689,1044701)
(1044689,1044710)
(1044689,1044714)
(1044689,1044719)
(1044689,1044723)
(1044694,1044696)
(1044694,1044701)
(1044694,1044710)
(1044694,1044714)
(1044694,1044719)
(1044694,1044723)
(1044696,1044701)
(1044696,1044710)
(1044696,1044714)
(1044696,1044719)
(1044696,1044723)
(1044701,1044710)
(1044701,1044714)
(1044701,1044719)
(1044701,1044723)
(1044710,1044714)
(1044710,1044719)
(1044710,1044723)
(1044714,1044719)
(1044714,1044723)
(1044719,1044723)
(1044733,1044734)
(1044733,1044741)
(1044733,1044744)
(1044733,1044750)
(1044734,1044741)
(1044734,1044744)
(1044734,1044750)
(1044741,1044744)
(1044741,1044750)
(1044744,1044750)
(1044754,1044759)
(1044764,1044765)
(1044764,1044775)
(1044764,1044777)
(1044764,1044780)
(1044764,1044786)
(1044764,1044793)
(1044765,1044775)
(1044765,1044777)
(1044765,1044780)
(1044765,1044786)
(1044765,1044793)
(1044775,1044777)
(1044775,1044780)
(1044775,1044786)
(1044775,1044793)
(1044777,1044780)
(1044777,1044786)
(1044777,1044793)
(1044780,1044786)
(1044780,1044793)
(1044786,1044793)
(1044878,1044884)
(1044878,1044890)
(1044878,1044900)
(1044878,1044905)
(1044878,1044914)
(1044884,1044890)
(1044884,1044900)
(1044884,1044905)
(1044884,1044914)
(1044890,1044900)
(1044890,1044905)
(1044890,1044914)
(1044900,1044905)
(1044900,1044914)
(1044905,1044914)
(1044954,1044959)
(1044954,1044963)
(1044954,1044967)
(1044959,1044963)
(1044959,1044967)
(1044963,1044967)
(1045001,1045004)
(1045001,1045008)
(1045001,1045014)
(1045001,1045023)
(1045001,1045031)
(1045004,1045008)
(1045004,1045014)
(1045004,1045023)
(1045004,1045031)
(1045008,1045014)
(1045008,1045023)
(1045008,1045031)
(1045014,1045023)
(1045014,1045031)
(1045023,1045031)
(1045046,1045054)
(1045046,1045059)
(1045054,1045059)
(1045085,1045092)
(1045107,1045127)
(1045136,1045140)
(1045136,1045147)
(1045140,1045147)
(1045157,1045161)
(1045182,1045191)
(1045182,1045197)
(1045182,1045205)
(1045182,1045214)
(1045182,1045218)
(1045191,1045197)
(1045191,1045205)
(1045191,1045214)
(1045191,1045218)
(1045197,1045205)
(1045197,1045214)
(1045197,1045218)
(1045205,1045214)
(1045205,1045218)
(1045214,1045218)
(1045260,1045268)
