(181353,181410)
(181353,181425)
(181353,181494)
(181353,181496)
(181410,181425)
(181410,181494)
(181410,181496)
(181425,181494)
(181425,181496)
(181494,181496)
(185360,185600)
(185360,965081)
(185360,965086)
(185600,965081)
(185600,965086)
(965081,965086)
(273383,964960)
(273383,964965)
(273383,964971)
(273383,964975)
(273383,964983)
(273383,964993)
(273383,965002)
(273383,965014)
(273383,965022)
(273383,965034)
(273383,965037)
(964960,964965)
(964960,964971)
(964960,964975)
(964960,964983)
(964960,964993)
(964960,965002)
(964960,965014)
(964960,965022)
(964960,965034)
(964960,965037)
(964965,964971)
(964965,964975)
(964965,964983)
(964965,964993)
(964965,965002)
(964965,965014)
(964965,965022)
(964965,965034)
(964965,965037)
(964971,964975)
(964971,964983)
(964971,964993)
(964971,965002)
(964971,965014)
(964971,965022)
(964971,965034)
(964971,965037)
(964975,964983)
(964975,964993)
(964975,965002)
(964975,965014)
(964975,965022)
(964975,965034)
(964975,965037)
(964983,964993)
(964983,965002)
(964983,965014)
(964983,965022)
(964983,965034)
(964983,965037)
(964993,965002)
(964993,965014)
(964993,965022)
(964993,965034)
(964993,965037)
(965002,965014)
(965002,965022)
(965002,965034)
(965002,965037)
(965014,965022)
(965014,965034)
(965014,965037)
(965022,965034)
(965022,965037)
(965034,965037)
(391159,965497)
(391159,965504)
(391159,965508)
(965497,965504)
(965497,965508)
(965504,965508)
(538808,538878)
(538808,539017)
(538808,687607)
(538808,964196)
(538808,964200)
(538808,964203)
(538808,964209)
(538808,964216)
(538808,964222)
(538808,964229)
(538808,964234)
(538808,964236)
(538808,964242)
(538808,964247)
(538808,964255)
(538808,964259)
(538878,539017)
(538878,687607)
(538878,964196)
(538878,964200)
(538878,964203)
(538878,964209)
(538878,964216)
(538878,964222)
(538878,964229)
(538878,964234)
(538878,964236)
(538878,964242)
(538878,964247)
(538878,964255)
(538878,964259)
(539017,687607)
(539017,964196)
(539017,964200)
(539017,964203)
(539017,964209)
(539017,964216)
(539017,964222)
(539017,964229)
(539017,964234)
(539017,964236)
(539017,964242)
(539017,964247)
(539017,964255)
(539017,964259)
(687607,964196)
(687607,964200)
(687607,964203)
(687607,964209)
(687607,964216)
(687607,964222)
(687607,964229)
(687607,964234)
(687607,964236)
(687607,964242)
(687607,964247)
(687607,964255)
(687607,964259)
(964196,964200)
(964196,964203)
(964196,964209)
(964196,964216)
(964196,964222)
(964196,964229)
(964196,964234)
(964196,964236)
(964196,964242)
(964196,964247)
(964196,964255)
(964196,964259)
(964200,964203)
(964200,964209)
(964200,964216)
(964200,964222)
(964200,964229)
(964200,964234)
(964200,964236)
(964200,964242)
(964200,964247)
(964200,964255)
(964200,964259)
(964203,964209)
(964203,964216)
(964203,964222)
(964203,964229)
(964203,964234)
(964203,964236)
(964203,964242)
(964203,964247)
(964203,964255)
(964203,964259)
(964209,964216)
(964209,964222)
(964209,964229)
(964209,964234)
(964209,964236)
(964209,964242)
(964209,964247)
(964209,964255)
(964209,964259)
(964216,964222)
(964216,964229)
(964216,964234)
(964216,964236)
(964216,964242)
(964216,964247)
(964216,964255)
(964216,964259)
(964222,964229)
(964222,964234)
(964222,964236)
(964222,964242)
(964222,964247)
(964222,964255)
(964222,964259)
(964229,964234)
(964229,964236)
(964229,964242)
(964229,964247)
(964229,964255)
(964229,964259)
(964234,964236)
(964234,964242)
(964234,964247)
(964234,964255)
(964234,964259)
(964236,964242)
(964236,964247)
(964236,964255)
(964236,964259)
(964242,964247)
(964242,964255)
(964242,964259)
(964247,964255)
(964247,964259)
(964255,964259)
(727346,964365)
(727346,964369)
(727346,964372)
(727346,964376)
(727346,964380)
(727346,964384)
(727346,964387)
(727346,964391)
(727346,964398)
(727346,964401)
(727346,964406)
(727346,964411)
(727346,964416)
(727346,964420)
(727346,964422)
(727346,964426)
(727346,964431)
(727346,964434)
(727346,964438)
(727346,964442)
(727346,964450)
(727346,964453)
(727346,964454)
(727346,964458)
(727346,964466)
(727346,964469)
(727346,964471)
(727346,964477)
(727346,964480)
(727346,964483)
(727346,964490)
(727346,964496)
(727346,964502)
(727346,964505)
(727346,964511)
(727346,964520)
(727346,964526)
(727346,964529)
(727346,964533)
(727346,964537)
(727346,964539)
(727346,964542)
(727346,964554)
(727346,964558)
(964365,964369)
(964365,964372)
(964365,964376)
(964365,964380)
(964365,964384)
(964365,964387)
(964365,964391)
(964365,964398)
(964365,964401)
(964365,964406)
(964365,964411)
(964365,964416)
(964365,964420)
(964365,964422)
(964365,964426)
(964365,964431)
(964365,964434)
(964365,964438)
(964365,964442)
(964365,964450)
(964365,964453)
(964365,964454)
(964365,964458)
(964365,964466)
(964365,964469)
(964365,964471)
(964365,964477)
(964365,964480)
(964365,964483)
(964365,964490)
(964365,964496)
(964365,964502)
(964365,964505)
(964365,964511)
(964365,964520)
(964365,964526)
(964365,964529)
(964365,964533)
(964365,964537)
(964365,964539)
(964365,964542)
(964365,964554)
(964365,964558)
(964369,964372)
(964369,964376)
(964369,964380)
(964369,964384)
(964369,964387)
(964369,964391)
(964369,964398)
(964369,964401)
(964369,964406)
(964369,964411)
(964369,964416)
(964369,964420)
(964369,964422)
(964369,964426)
(964369,964431)
(964369,964434)
(964369,964438)
(964369,964442)
(964369,964450)
(964369,964453)
(964369,964454)
(964369,964458)
(964369,964466)
(964369,964469)
(964369,964471)
(964369,964477)
(964369,964480)
(964369,964483)
(964369,964490)
(964369,964496)
(964369,964502)
(964369,964505)
(964369,964511)
(964369,964520)
(964369,964526)
(964369,964529)
(964369,964533)
(964369,964537)
(964369,964539)
(964369,964542)
(964369,964554)
(964369,964558)
(964372,964376)
(964372,964380)
(964372,964384)
(964372,964387)
(964372,964391)
(964372,964398)
(964372,964401)
(964372,964406)
(964372,964411)
(964372,964416)
(964372,964420)
(964372,964422)
(964372,964426)
(964372,964431)
(964372,964434)
(964372,964438)
(964372,964442)
(964372,964450)
(964372,964453)
(964372,964454)
(964372,964458)
(964372,964466)
(964372,964469)
(964372,964471)
(964372,964477)
(964372,964480)
(964372,964483)
(964372,964490)
(964372,964496)
(964372,964502)
(964372,964505)
(964372,964511)
(964372,964520)
(964372,964526)
(964372,964529)
(964372,964533)
(964372,964537)
(964372,964539)
(964372,964542)
(964372,964554)
(964372,964558)
(964376,964380)
(964376,964384)
(964376,964387)
(964376,964391)
(964376,964398)
(964376,964401)
(964376,964406)
(964376,964411)
(964376,964416)
(964376,964420)
(964376,964422)
(964376,964426)
(964376,964431)
(964376,964434)
(964376,964438)
(964376,964442)
(964376,964450)
(964376,964453)
(964376,964454)
(964376,964458)
(964376,964466)
(964376,964469)
(964376,964471)
(964376,964477)
(964376,964480)
(964376,964483)
(964376,964490)
(964376,964496)
(964376,964502)
(964376,964505)
(964376,964511)
(964376,964520)
(964376,964526)
(964376,964529)
(964376,964533)
(964376,964537)
(964376,964539)
(964376,964542)
(964376,964554)
(964376,964558)
(964380,964384)
(964380,964387)
(964380,964391)
(964380,964398)
(964380,964401)
(964380,964406)
(964380,964411)
(964380,964416)
(964380,964420)
(964380,964422)
(964380,964426)
(964380,964431)
(964380,964434)
(964380,964438)
(964380,964442)
(964380,964450)
(964380,964453)
(964380,964454)
(964380,964458)
(964380,964466)
(964380,964469)
(964380,964471)
(964380,964477)
(964380,964480)
(964380,964483)
(964380,964490)
(964380,964496)
(964380,964502)
(964380,964505)
(964380,964511)
(964380,964520)
(964380,964526)
(964380,964529)
(964380,964533)
(964380,964537)
(964380,964539)
(964380,964542)
(964380,964554)
(964380,964558)
(964384,964387)
(964384,964391)
(964384,964398)
(964384,964401)
(964384,964406)
(964384,964411)
(964384,964416)
(964384,964420)
(964384,964422)
(964384,964426)
(964384,964431)
(964384,964434)
(964384,964438)
(964384,964442)
(964384,964450)
(964384,964453)
(964384,964454)
(964384,964458)
(964384,964466)
(964384,964469)
(964384,964471)
(964384,964477)
(964384,964480)
(964384,964483)
(964384,964490)
(964384,964496)
(964384,964502)
(964384,964505)
(964384,964511)
(964384,964520)
(964384,964526)
(964384,964529)
(964384,964533)
(964384,964537)
(964384,964539)
(964384,964542)
(964384,964554)
(964384,964558)
(964387,964391)
(964387,964398)
(964387,964401)
(964387,964406)
(964387,964411)
(964387,964416)
(964387,964420)
(964387,964422)
(964387,964426)
(964387,964431)
(964387,964434)
(964387,964438)
(964387,964442)
(964387,964450)
(964387,964453)
(964387,964454)
(964387,964458)
(964387,964466)
(964387,964469)
(964387,964471)
(964387,964477)
(964387,964480)
(964387,964483)
(964387,964490)
(964387,964496)
(964387,964502)
(964387,964505)
(964387,964511)
(964387,964520)
(964387,964526)
(964387,964529)
(964387,964533)
(964387,964537)
(964387,964539)
(964387,964542)
(964387,964554)
(964387,964558)
(964391,964398)
(964391,964401)
(964391,964406)
(964391,964411)
(964391,964416)
(964391,964420)
(964391,964422)
(964391,964426)
(964391,964431)
(964391,964434)
(964391,964438)
(964391,964442)
(964391,964450)
(964391,964453)
(964391,964454)
(964391,964458)
(964391,964466)
(964391,964469)
(964391,964471)
(964391,964477)
(964391,964480)
(964391,964483)
(964391,964490)
(964391,964496)
(964391,964502)
(964391,964505)
(964391,964511)
(964391,964520)
(964391,964526)
(964391,964529)
(964391,964533)
(964391,964537)
(964391,964539)
(964391,964542)
(964391,964554)
(964391,964558)
(964398,964401)
(964398,964406)
(964398,964411)
(964398,964416)
(964398,964420)
(964398,964422)
(964398,964426)
(964398,964431)
(964398,964434)
(964398,964438)
(964398,964442)
(964398,964450)
(964398,964453)
(964398,964454)
(964398,964458)
(964398,964466)
(964398,964469)
(964398,964471)
(964398,964477)
(964398,964480)
(964398,964483)
(964398,964490)
(964398,964496)
(964398,964502)
(964398,964505)
(964398,964511)
(964398,964520)
(964398,964526)
(964398,964529)
(964398,964533)
(964398,964537)
(964398,964539)
(964398,964542)
(964398,964554)
(964398,964558)
(964401,964406)
(964401,964411)
(964401,964416)
(964401,964420)
(964401,964422)
(964401,964426)
(964401,964431)
(964401,964434)
(964401,964438)
(964401,964442)
(964401,964450)
(964401,964453)
(964401,964454)
(964401,964458)
(964401,964466)
(964401,964469)
(964401,964471)
(964401,964477)
(964401,964480)
(964401,964483)
(964401,964490)
(964401,964496)
(964401,964502)
(964401,964505)
(964401,964511)
(964401,964520)
(964401,964526)
(964401,964529)
(964401,964533)
(964401,964537)
(964401,964539)
(964401,964542)
(964401,964554)
(964401,964558)
(964406,964411)
(964406,964416)
(964406,964420)
(964406,964422)
(964406,964426)
(964406,964431)
(964406,964434)
(964406,964438)
(964406,964442)
(964406,964450)
(964406,964453)
(964406,964454)
(964406,964458)
(964406,964466)
(964406,964469)
(964406,964471)
(964406,964477)
(964406,964480)
(964406,964483)
(964406,964490)
(964406,964496)
(964406,964502)
(964406,964505)
(964406,964511)
(964406,964520)
(964406,964526)
(964406,964529)
(964406,964533)
(964406,964537)
(964406,964539)
(964406,964542)
(964406,964554)
(964406,964558)
(964411,964416)
(964411,964420)
(964411,964422)
(964411,964426)
(964411,964431)
(964411,964434)
(964411,964438)
(964411,964442)
(964411,964450)
(964411,964453)
(964411,964454)
(964411,964458)
(964411,964466)
(964411,964469)
(964411,964471)
(964411,964477)
(964411,964480)
(964411,964483)
(964411,964490)
(964411,964496)
(964411,964502)
(964411,964505)
(964411,964511)
(964411,964520)
(964411,964526)
(964411,964529)
(964411,964533)
(964411,964537)
(964411,964539)
(964411,964542)
(964411,964554)
(964411,964558)
(964416,964420)
(964416,964422)
(964416,964426)
(964416,964431)
(964416,964434)
(964416,964438)
(964416,964442)
(964416,964450)
(964416,964453)
(964416,964454)
(964416,964458)
(964416,964466)
(964416,964469)
(964416,964471)
(964416,964477)
(964416,964480)
(964416,964483)
(964416,964490)
(964416,964496)
(964416,964502)
(964416,964505)
(964416,964511)
(964416,964520)
(964416,964526)
(964416,964529)
(964416,964533)
(964416,964537)
(964416,964539)
(964416,964542)
(964416,964554)
(964416,964558)
(964420,964422)
(964420,964426)
(964420,964431)
(964420,964434)
(964420,964438)
(964420,964442)
(964420,964450)
(964420,964453)
(964420,964454)
(964420,964458)
(964420,964466)
(964420,964469)
(964420,964471)
(964420,964477)
(964420,964480)
(964420,964483)
(964420,964490)
(964420,964496)
(964420,964502)
(964420,964505)
(964420,964511)
(964420,964520)
(964420,964526)
(964420,964529)
(964420,964533)
(964420,964537)
(964420,964539)
(964420,964542)
(964420,964554)
(964420,964558)
(964422,964426)
(964422,964431)
(964422,964434)
(964422,964438)
(964422,964442)
(964422,964450)
(964422,964453)
(964422,964454)
(964422,964458)
(964422,964466)
(964422,964469)
(964422,964471)
(964422,964477)
(964422,964480)
(964422,964483)
(964422,964490)
(964422,964496)
(964422,964502)
(964422,964505)
(964422,964511)
(964422,964520)
(964422,964526)
(964422,964529)
(964422,964533)
(964422,964537)
(964422,964539)
(964422,964542)
(964422,964554)
(964422,964558)
(964426,964431)
(964426,964434)
(964426,964438)
(964426,964442)
(964426,964450)
(964426,964453)
(964426,964454)
(964426,964458)
(964426,964466)
(964426,964469)
(964426,964471)
(964426,964477)
(964426,964480)
(964426,964483)
(964426,964490)
(964426,964496)
(964426,964502)
(964426,964505)
(964426,964511)
(964426,964520)
(964426,964526)
(964426,964529)
(964426,964533)
(964426,964537)
(964426,964539)
(964426,964542)
(964426,964554)
(964426,964558)
(964431,964434)
(964431,964438)
(964431,964442)
(964431,964450)
(964431,964453)
(964431,964454)
(964431,964458)
(964431,964466)
(964431,964469)
(964431,964471)
(964431,964477)
(964431,964480)
(964431,964483)
(964431,964490)
(964431,964496)
(964431,964502)
(964431,964505)
(964431,964511)
(964431,964520)
(964431,964526)
(964431,964529)
(964431,964533)
(964431,964537)
(964431,964539)
(964431,964542)
(964431,964554)
(964431,964558)
(964434,964438)
(964434,964442)
(964434,964450)
(964434,964453)
(964434,964454)
(964434,964458)
(964434,964466)
(964434,964469)
(964434,964471)
(964434,964477)
(964434,964480)
(964434,964483)
(964434,964490)
(964434,964496)
(964434,964502)
(964434,964505)
(964434,964511)
(964434,964520)
(964434,964526)
(964434,964529)
(964434,964533)
(964434,964537)
(964434,964539)
(964434,964542)
(964434,964554)
(964434,964558)
(964438,964442)
(964438,964450)
(964438,964453)
(964438,964454)
(964438,964458)
(964438,964466)
(964438,964469)
(964438,964471)
(964438,964477)
(964438,964480)
(964438,964483)
(964438,964490)
(964438,964496)
(964438,964502)
(964438,964505)
(964438,964511)
(964438,964520)
(964438,964526)
(964438,964529)
(964438,964533)
(964438,964537)
(964438,964539)
(964438,964542)
(964438,964554)
(964438,964558)
(964442,964450)
(964442,964453)
(964442,964454)
(964442,964458)
(964442,964466)
(964442,964469)
(964442,964471)
(964442,964477)
(964442,964480)
(964442,964483)
(964442,964490)
(964442,964496)
(964442,964502)
(964442,964505)
(964442,964511)
(964442,964520)
(964442,964526)
(964442,964529)
(964442,964533)
(964442,964537)
(964442,964539)
(964442,964542)
(964442,964554)
(964442,964558)
(964450,964453)
(964450,964454)
(964450,964458)
(964450,964466)
(964450,964469)
(964450,964471)
(964450,964477)
(964450,964480)
(964450,964483)
(964450,964490)
(964450,964496)
(964450,964502)
(964450,964505)
(964450,964511)
(964450,964520)
(964450,964526)
(964450,964529)
(964450,964533)
(964450,964537)
(964450,964539)
(964450,964542)
(964450,964554)
(964450,964558)
(964453,964454)
(964453,964458)
(964453,964466)
(964453,964469)
(964453,964471)
(964453,964477)
(964453,964480)
(964453,964483)
(964453,964490)
(964453,964496)
(964453,964502)
(964453,964505)
(964453,964511)
(964453,964520)
(964453,964526)
(964453,964529)
(964453,964533)
(964453,964537)
(964453,964539)
(964453,964542)
(964453,964554)
(964453,964558)
(964454,964458)
(964454,964466)
(964454,964469)
(964454,964471)
(964454,964477)
(964454,964480)
(964454,964483)
(964454,964490)
(964454,964496)
(964454,964502)
(964454,964505)
(964454,964511)
(964454,964520)
(964454,964526)
(964454,964529)
(964454,964533)
(964454,964537)
(964454,964539)
(964454,964542)
(964454,964554)
(964454,964558)
(964458,964466)
(964458,964469)
(964458,964471)
(964458,964477)
(964458,964480)
(964458,964483)
(964458,964490)
(964458,964496)
(964458,964502)
(964458,964505)
(964458,964511)
(964458,964520)
(964458,964526)
(964458,964529)
(964458,964533)
(964458,964537)
(964458,964539)
(964458,964542)
(964458,964554)
(964458,964558)
(964466,964469)
(964466,964471)
(964466,964477)
(964466,964480)
(964466,964483)
(964466,964490)
(964466,964496)
(964466,964502)
(964466,964505)
(964466,964511)
(964466,964520)
(964466,964526)
(964466,964529)
(964466,964533)
(964466,964537)
(964466,964539)
(964466,964542)
(964466,964554)
(964466,964558)
(964469,964471)
(964469,964477)
(964469,964480)
(964469,964483)
(964469,964490)
(964469,964496)
(964469,964502)
(964469,964505)
(964469,964511)
(964469,964520)
(964469,964526)
(964469,964529)
(964469,964533)
(964469,964537)
(964469,964539)
(964469,964542)
(964469,964554)
(964469,964558)
(964471,964477)
(964471,964480)
(964471,964483)
(964471,964490)
(964471,964496)
(964471,964502)
(964471,964505)
(964471,964511)
(964471,964520)
(964471,964526)
(964471,964529)
(964471,964533)
(964471,964537)
(964471,964539)
(964471,964542)
(964471,964554)
(964471,964558)
(964477,964480)
(964477,964483)
(964477,964490)
(964477,964496)
(964477,964502)
(964477,964505)
(964477,964511)
(964477,964520)
(964477,964526)
(964477,964529)
(964477,964533)
(964477,964537)
(964477,964539)
(964477,964542)
(964477,964554)
(964477,964558)
(964480,964483)
(964480,964490)
(964480,964496)
(964480,964502)
(964480,964505)
(964480,964511)
(964480,964520)
(964480,964526)
(964480,964529)
(964480,964533)
(964480,964537)
(964480,964539)
(964480,964542)
(964480,964554)
(964480,964558)
(964483,964490)
(964483,964496)
(964483,964502)
(964483,964505)
(964483,964511)
(964483,964520)
(964483,964526)
(964483,964529)
(964483,964533)
(964483,964537)
(964483,964539)
(964483,964542)
(964483,964554)
(964483,964558)
(964490,964496)
(964490,964502)
(964490,964505)
(964490,964511)
(964490,964520)
(964490,964526)
(964490,964529)
(964490,964533)
(964490,964537)
(964490,964539)
(964490,964542)
(964490,964554)
(964490,964558)
(964496,964502)
(964496,964505)
(964496,964511)
(964496,964520)
(964496,964526)
(964496,964529)
(964496,964533)
(964496,964537)
(964496,964539)
(964496,964542)
(964496,964554)
(964496,964558)
(964502,964505)
(964502,964511)
(964502,964520)
(964502,964526)
(964502,964529)
(964502,964533)
(964502,964537)
(964502,964539)
(964502,964542)
(964502,964554)
(964502,964558)
(964505,964511)
(964505,964520)
(964505,964526)
(964505,964529)
(964505,964533)
(964505,964537)
(964505,964539)
(964505,964542)
(964505,964554)
(964505,964558)
(964511,964520)
(964511,964526)
(964511,964529)
(964511,964533)
(964511,964537)
(964511,964539)
(964511,964542)
(964511,964554)
(964511,964558)
(964520,964526)
(964520,964529)
(964520,964533)
(964520,964537)
(964520,964539)
(964520,964542)
(964520,964554)
(964520,964558)
(964526,964529)
(964526,964533)
(964526,964537)
(964526,964539)
(964526,964542)
(964526,964554)
(964526,964558)
(964529,964533)
(964529,964537)
(964529,964539)
(964529,964542)
(964529,964554)
(964529,964558)
(964533,964537)
(964533,964539)
(964533,964542)
(964533,964554)
(964533,964558)
(964537,964539)
(964537,964542)
(964537,964554)
(964537,964558)
(964539,964542)
(964539,964554)
(964539,964558)
(964542,964554)
(964542,964558)
(964554,964558)
(808237,808243)
(808237,808249)
(808243,808249)
(886967,965431)
(886967,965437)
(886967,965449)
(965431,965437)
(965431,965449)
(965437,965449)
(901509,965327)
(901509,965336)
(901509,965338)
(965327,965336)
(965327,965338)
(965336,965338)
(964267,964271)
(964267,964278)
(964267,964283)
(964267,964288)
(964267,964292)
(964267,964293)
(964267,964298)
(964267,964305)
(964267,964308)
(964271,964278)
(964271,964283)
(964271,964288)
(964271,964292)
(964271,964293)
(964271,964298)
(964271,964305)
(964271,964308)
(964278,964283)
(964278,964288)
(964278,964292)
(964278,964293)
(964278,964298)
(964278,964305)
(964278,964308)
(964283,964288)
(964283,964292)
(964283,964293)
(964283,964298)
(964283,964305)
(964283,964308)
(964288,964292)
(964288,964293)
(964288,964298)
(964288,964305)
(964288,964308)
(964292,964293)
(964292,964298)
(964292,964305)
(964292,964308)
(964293,964298)
(964293,964305)
(964293,964308)
(964298,964305)
(964298,964308)
(964305,964308)
(964314,964317)
(964314,964319)
(964314,964326)
(964314,964328)
(964314,964332)
(964314,964336)
(964314,964338)
(964314,964341)
(964314,964345)
(964314,964351)
(964314,964354)
(964314,964361)
(964317,964319)
(964317,964326)
(964317,964328)
(964317,964332)
(964317,964336)
(964317,964338)
(964317,964341)
(964317,964345)
(964317,964351)
(964317,964354)
(964317,964361)
(964319,964326)
(964319,964328)
(964319,964332)
(964319,964336)
(964319,964338)
(964319,964341)
(964319,964345)
(964319,964351)
(964319,964354)
(964319,964361)
(964326,964328)
(964326,964332)
(964326,964336)
(964326,964338)
(964326,964341)
(964326,964345)
(964326,964351)
(964326,964354)
(964326,964361)
(964328,964332)
(964328,964336)
(964328,964338)
(964328,964341)
(964328,964345)
(964328,964351)
(964328,964354)
(964328,964361)
(964332,964336)
(964332,964338)
(964332,964341)
(964332,964345)
(964332,964351)
(964332,964354)
(964332,964361)
(964336,964338)
(964336,964341)
(964336,964345)
(964336,964351)
(964336,964354)
(964336,964361)
(964338,964341)
(964338,964345)
(964338,964351)
(964338,964354)
(964338,964361)
(964341,964345)
(964341,964351)
(964341,964354)
(964341,964361)
(964345,964351)
(964345,964354)
(964345,964361)
(964351,964354)
(964351,964361)
(964354,964361)
(964566,964569)
(964566,964572)
(964566,964576)
(964566,964578)
(964566,964580)
(964566,964582)
(964566,964585)
(964566,964586)
(964566,964588)
(964566,964592)
(964566,964595)
(964566,964599)
(964569,964572)
(964569,964576)
(964569,964578)
(964569,964580)
(964569,964582)
(964569,964585)
(964569,964586)
(964569,964588)
(964569,964592)
(964569,964595)
(964569,964599)
(964572,964576)
(964572,964578)
(964572,964580)
(964572,964582)
(964572,964585)
(964572,964586)
(964572,964588)
(964572,964592)
(964572,964595)
(964572,964599)
(964576,964578)
(964576,964580)
(964576,964582)
(964576,964585)
(964576,964586)
(964576,964588)
(964576,964592)
(964576,964595)
(964576,964599)
(964578,964580)
(964578,964582)
(964578,964585)
(964578,964586)
(964578,964588)
(964578,964592)
(964578,964595)
(964578,964599)
(964580,964582)
(964580,964585)
(964580,964586)
(964580,964588)
(964580,964592)
(964580,964595)
(964580,964599)
(964582,964585)
(964582,964586)
(964582,964588)
(964582,964592)
(964582,964595)
(964582,964599)
(964585,964586)
(964585,964588)
(964585,964592)
(964585,964595)
(964585,964599)
(964586,964588)
(964586,964592)
(964586,964595)
(964586,964599)
(964588,964592)
(964588,964595)
(964588,964599)
(964592,964595)
(964592,964599)
(964595,964599)
(964608,964621)
(964608,964631)
(964608,964641)
(964608,964648)
(964608,964654)
(964608,964671)
(964608,964675)
(964608,964683)
(964608,964688)
(964608,964699)
(964608,964709)
(964608,964715)
(964608,964729)
(964621,964631)
(964621,964641)
(964621,964648)
(964621,964654)
(964621,964671)
(964621,964675)
(964621,964683)
(964621,964688)
(964621,964699)
(964621,964709)
(964621,964715)
(964621,964729)
(964631,964641)
(964631,964648)
(964631,964654)
(964631,964671)
(964631,964675)
(964631,964683)
(964631,964688)
(964631,964699)
(964631,964709)
(964631,964715)
(964631,964729)
(964641,964648)
(964641,964654)
(964641,964671)
(964641,964675)
(964641,964683)
(964641,964688)
(964641,964699)
(964641,964709)
(964641,964715)
(964641,964729)
(964648,964654)
(964648,964671)
(964648,964675)
(964648,964683)
(964648,964688)
(964648,964699)
(964648,964709)
(964648,964715)
(964648,964729)
(964654,964671)
(964654,964675)
(964654,964683)
(964654,964688)
(964654,964699)
(964654,964709)
(964654,964715)
(964654,964729)
(964671,964675)
(964671,964683)
(964671,964688)
(964671,964699)
(964671,964709)
(964671,964715)
(964671,964729)
(964675,964683)
(964675,964688)
(964675,964699)
(964675,964709)
(964675,964715)
(964675,964729)
(964683,964688)
(964683,964699)
(964683,964709)
(964683,964715)
(964683,964729)
(964688,964699)
(964688,964709)
(964688,964715)
(964688,964729)
(964699,964709)
(964699,964715)
(964699,964729)
(964709,964715)
(964709,964729)
(964715,964729)
(964730,964735)
(964745,964750)
(964745,964762)
(964745,964770)
(964745,964776)
(964745,964777)
(964750,964762)
(964750,964770)
(964750,964776)
(964750,964777)
(964762,964770)
(964762,964776)
(964762,964777)
(964770,964776)
(964770,964777)
(964776,964777)
(964785,964794)
(964785,964798)
(964785,964805)
(964785,964813)
(964785,964822)
(964785,964829)
(964785,964840)
(964785,964847)
(964785,964850)
(964785,964860)
(964785,964866)
(964785,964880)
(964785,964894)
(964785,964904)
(964794,964798)
(964794,964805)
(964794,964813)
(964794,964822)
(964794,964829)
(964794,964840)
(964794,964847)
(964794,964850)
(964794,964860)
(964794,964866)
(964794,964880)
(964794,964894)
(964794,964904)
(964798,964805)
(964798,964813)
(964798,964822)
(964798,964829)
(964798,964840)
(964798,964847)
(964798,964850)
(964798,964860)
(964798,964866)
(964798,964880)
(964798,964894)
(964798,964904)
(964805,964813)
(964805,964822)
(964805,964829)
(964805,964840)
(964805,964847)
(964805,964850)
(964805,964860)
(964805,964866)
(964805,964880)
(964805,964894)
(964805,964904)
(964813,964822)
(964813,964829)
(964813,964840)
(964813,964847)
(964813,964850)
(964813,964860)
(964813,964866)
(964813,964880)
(964813,964894)
(964813,964904)
(964822,964829)
(964822,964840)
(964822,964847)
(964822,964850)
(964822,964860)
(964822,964866)
(964822,964880)
(964822,964894)
(964822,964904)
(964829,964840)
(964829,964847)
(964829,964850)
(964829,964860)
(964829,964866)
(964829,964880)
(964829,964894)
(964829,964904)
(964840,964847)
(964840,964850)
(964840,964860)
(964840,964866)
(964840,964880)
(964840,964894)
(964840,964904)
(964847,964850)
(964847,964860)
(964847,964866)
(964847,964880)
(964847,964894)
(964847,964904)
(964850,964860)
(964850,964866)
(964850,964880)
(964850,964894)
(964850,964904)
(964860,964866)
(964860,964880)
(964860,964894)
(964860,964904)
(964866,964880)
(964866,964894)
(964866,964904)
(964880,964894)
(964880,964904)
(964894,964904)
(964915,964917)
(964924,964928)
(964924,964934)
(964924,964938)
(964924,964943)
(964924,964950)
(964924,964956)
(964928,964934)
(964928,964938)
(964928,964943)
(964928,964950)
(964928,964956)
(964934,964938)
(964934,964943)
(964934,964950)
(964934,964956)
(964938,964943)
(964938,964950)
(964938,964956)
(964943,964950)
(964943,964956)
(964950,964956)
(965047,965049)
(965047,965053)
(965047,965060)
(965049,965053)
(965049,965060)
(965053,965060)
(965089,965093)
(965109,965114)
(965109,965116)
(965114,965116)
(965122,965124)
(965122,965133)
(965122,965139)
(965124,965133)
(965124,965139)
(965133,965139)
(965147,965154)
(965158,965160)
(965158,965165)
(965158,965169)
(965158,965175)
(965158,965183)
(965158,965187)
(965158,965190)
(965158,965199)
(965158,965203)
(965158,965210)
(965160,965165)
(965160,965169)
(965160,965175)
(965160,965183)
(965160,965187)
(965160,965190)
(965160,965199)
(965160,965203)
(965160,965210)
(965165,965169)
(965165,965175)
(965165,965183)
(965165,965187)
(965165,965190)
(965165,965199)
(965165,965203)
(965165,965210)
(965169,965175)
(965169,965183)
(965169,965187)
(965169,965190)
(965169,965199)
(965169,965203)
(965169,965210)
(965175,965183)
(965175,965187)
(965175,965190)
(965175,965199)
(965175,965203)
(965175,965210)
(965183,965187)
(965183,965190)
(965183,965199)
(965183,965203)
(965183,965210)
(965187,965190)
(965187,965199)
(965187,965203)
(965187,965210)
(965190,965199)
(965190,965203)
(965190,965210)
(965199,965203)
(965199,965210)
(965203,965210)
(965214,965222)
(965231,965242)
(965248,965251)
(965248,965256)
(965251,965256)
(965262,965267)
(965262,965273)
(965262,965282)
(965262,965289)
(965267,965273)
(965267,965282)
(965267,965289)
(965273,965282)
(965273,965289)
(965282,965289)
(965300,965301)
(965300,965305)
(965301,965305)
(965346,965357)
(965346,965362)
(965357,965362)
(965369,965375)
(965369,965386)
(965369,965389)
(965375,965386)
(965375,965389)
(965386,965389)
(965408,965415)
(965457,965464)
(965470,965477)
(965488,965495)
