(490256,490282)
(490256,490582)
(490256,490590)
(490282,490582)
(490282,490590)
(490582,490590)
(654717,1024899)
(654717,1024909)
(1024899,1024909)
(862226,1024060)
(862226,1024066)
(862226,1024069)
(862226,1024076)
(862226,1024080)
(862226,1024083)
(862226,1024089)
(862226,1024101)
(862226,1024103)
(862226,1024107)
(862226,1024116)
(862226,1024118)
(862226,1024123)
(862226,1024127)
(862226,1024133)
(862226,1024138)
(862226,1024145)
(862226,1024147)
(862226,1024152)
(862226,1024153)
(862226,1024159)
(862226,1024161)
(862226,1024163)
(862226,1024173)
(862226,1024177)
(862226,1024179)
(862226,1024182)
(862226,1024188)
(862226,1024193)
(862226,1024199)
(862226,1024205)
(862226,1024210)
(862226,1024215)
(862226,1024221)
(862226,1024226)
(862226,1024229)
(862226,1024236)
(862226,1024241)
(862226,1024247)
(862226,1024250)
(862226,1024260)
(862226,1024267)
(862226,1024272)
(862226,1024274)
(862226,1024286)
(862226,1024292)
(862226,1024296)
(862226,1024300)
(862226,1024304)
(862226,1024306)
(862226,1024312)
(862226,1024316)
(862226,1024324)
(862226,1024328)
(862226,1024331)
(862226,1024337)
(862226,1024343)
(862226,1024347)
(862226,1024358)
(862226,1024362)
(862226,1024367)
(862226,1024371)
(862226,1024378)
(862226,1024383)
(862226,1024384)
(862226,1024393)
(862226,1024396)
(862226,1024403)
(862226,1024413)
(862226,1024420)
(862226,1024425)
(862226,1024432)
(862226,1024433)
(862226,1024440)
(862226,1024442)
(862226,1024449)
(862226,1024455)
(862226,1024461)
(862226,1024471)
(862226,1024477)
(862226,1024484)
(862226,1024491)
(1024060,1024066)
(1024060,1024069)
(1024060,1024076)
(1024060,1024080)
(1024060,1024083)
(1024060,1024089)
(1024060,1024101)
(1024060,1024103)
(1024060,1024107)
(1024060,1024116)
(1024060,1024118)
(1024060,1024123)
(1024060,1024127)
(1024060,1024133)
(1024060,1024138)
(1024060,1024145)
(1024060,1024147)
(1024060,1024152)
(1024060,1024153)
(1024060,1024159)
(1024060,1024161)
(1024060,1024163)
(1024060,1024173)
(1024060,1024177)
(1024060,1024179)
(1024060,1024182)
(1024060,1024188)
(1024060,1024193)
(1024060,1024199)
(1024060,1024205)
(1024060,1024210)
(1024060,1024215)
(1024060,1024221)
(1024060,1024226)
(1024060,1024229)
(1024060,1024236)
(1024060,1024241)
(1024060,1024247)
(1024060,1024250)
(1024060,1024260)
(1024060,1024267)
(1024060,1024272)
(1024060,1024274)
(1024060,1024286)
(1024060,1024292)
(1024060,1024296)
(1024060,1024300)
(1024060,1024304)
(1024060,1024306)
(1024060,1024312)
(1024060,1024316)
(1024060,1024324)
(1024060,1024328)
(1024060,1024331)
(1024060,1024337)
(1024060,1024343)
(1024060,1024347)
(1024060,1024358)
(1024060,1024362)
(1024060,1024367)
(1024060,1024371)
(1024060,1024378)
(1024060,1024383)
(1024060,1024384)
(1024060,1024393)
(1024060,1024396)
(1024060,1024403)
(1024060,1024413)
(1024060,1024420)
(1024060,1024425)
(1024060,1024432)
(1024060,1024433)
(1024060,1024440)
(1024060,1024442)
(1024060,1024449)
(1024060,1024455)
(1024060,1024461)
(1024060,1024471)
(1024060,1024477)
(1024060,1024484)
(1024060,1024491)
(1024066,1024069)
(1024066,1024076)
(1024066,1024080)
(1024066,1024083)
(1024066,1024089)
(1024066,1024101)
(1024066,1024103)
(1024066,1024107)
(1024066,1024116)
(1024066,1024118)
(1024066,1024123)
(1024066,1024127)
(1024066,1024133)
(1024066,1024138)
(1024066,1024145)
(1024066,1024147)
(1024066,1024152)
(1024066,1024153)
(1024066,1024159)
(1024066,1024161)
(1024066,1024163)
(1024066,1024173)
(1024066,1024177)
(1024066,1024179)
(1024066,1024182)
(1024066,1024188)
(1024066,1024193)
(1024066,1024199)
(1024066,1024205)
(1024066,1024210)
(1024066,1024215)
(1024066,1024221)
(1024066,1024226)
(1024066,1024229)
(1024066,1024236)
(1024066,1024241)
(1024066,1024247)
(1024066,1024250)
(1024066,1024260)
(1024066,1024267)
(1024066,1024272)
(1024066,1024274)
(1024066,1024286)
(1024066,1024292)
(1024066,1024296)
(1024066,1024300)
(1024066,1024304)
(1024066,1024306)
(1024066,1024312)
(1024066,1024316)
(1024066,1024324)
(1024066,1024328)
(1024066,1024331)
(1024066,1024337)
(1024066,1024343)
(1024066,1024347)
(1024066,1024358)
(1024066,1024362)
(1024066,1024367)
(1024066,1024371)
(1024066,1024378)
(1024066,1024383)
(1024066,1024384)
(1024066,1024393)
(1024066,1024396)
(1024066,1024403)
(1024066,1024413)
(1024066,1024420)
(1024066,1024425)
(1024066,1024432)
(1024066,1024433)
(1024066,1024440)
(1024066,1024442)
(1024066,1024449)
(1024066,1024455)
(1024066,1024461)
(1024066,1024471)
(1024066,1024477)
(1024066,1024484)
(1024066,1024491)
(1024069,1024076)
(1024069,1024080)
(1024069,1024083)
(1024069,1024089)
(1024069,1024101)
(1024069,1024103)
(1024069,1024107)
(1024069,1024116)
(1024069,1024118)
(1024069,1024123)
(1024069,1024127)
(1024069,1024133)
(1024069,1024138)
(1024069,1024145)
(1024069,1024147)
(1024069,1024152)
(1024069,1024153)
(1024069,1024159)
(1024069,1024161)
(1024069,1024163)
(1024069,1024173)
(1024069,1024177)
(1024069,1024179)
(1024069,1024182)
(1024069,1024188)
(1024069,1024193)
(1024069,1024199)
(1024069,1024205)
(1024069,1024210)
(1024069,1024215)
(1024069,1024221)
(1024069,1024226)
(1024069,1024229)
(1024069,1024236)
(1024069,1024241)
(1024069,1024247)
(1024069,1024250)
(1024069,1024260)
(1024069,1024267)
(1024069,1024272)
(1024069,1024274)
(1024069,1024286)
(1024069,1024292)
(1024069,1024296)
(1024069,1024300)
(1024069,1024304)
(1024069,1024306)
(1024069,1024312)
(1024069,1024316)
(1024069,1024324)
(1024069,1024328)
(1024069,1024331)
(1024069,1024337)
(1024069,1024343)
(1024069,1024347)
(1024069,1024358)
(1024069,1024362)
(1024069,1024367)
(1024069,1024371)
(1024069,1024378)
(1024069,1024383)
(1024069,1024384)
(1024069,1024393)
(1024069,1024396)
(1024069,1024403)
(1024069,1024413)
(1024069,1024420)
(1024069,1024425)
(1024069,1024432)
(1024069,1024433)
(1024069,1024440)
(1024069,1024442)
(1024069,1024449)
(1024069,1024455)
(1024069,1024461)
(1024069,1024471)
(1024069,1024477)
(1024069,1024484)
(1024069,1024491)
(1024076,1024080)
(1024076,1024083)
(1024076,1024089)
(1024076,1024101)
(1024076,1024103)
(1024076,1024107)
(1024076,1024116)
(1024076,1024118)
(1024076,1024123)
(1024076,1024127)
(1024076,1024133)
(1024076,1024138)
(1024076,1024145)
(1024076,1024147)
(1024076,1024152)
(1024076,1024153)
(1024076,1024159)
(1024076,1024161)
(1024076,1024163)
(1024076,1024173)
(1024076,1024177)
(1024076,1024179)
(1024076,1024182)
(1024076,1024188)
(1024076,1024193)
(1024076,1024199)
(1024076,1024205)
(1024076,1024210)
(1024076,1024215)
(1024076,1024221)
(1024076,1024226)
(1024076,1024229)
(1024076,1024236)
(1024076,1024241)
(1024076,1024247)
(1024076,1024250)
(1024076,1024260)
(1024076,1024267)
(1024076,1024272)
(1024076,1024274)
(1024076,1024286)
(1024076,1024292)
(1024076,1024296)
(1024076,1024300)
(1024076,1024304)
(1024076,1024306)
(1024076,1024312)
(1024076,1024316)
(1024076,1024324)
(1024076,1024328)
(1024076,1024331)
(1024076,1024337)
(1024076,1024343)
(1024076,1024347)
(1024076,1024358)
(1024076,1024362)
(1024076,1024367)
(1024076,1024371)
(1024076,1024378)
(1024076,1024383)
(1024076,1024384)
(1024076,1024393)
(1024076,1024396)
(1024076,1024403)
(1024076,1024413)
(1024076,1024420)
(1024076,1024425)
(1024076,1024432)
(1024076,1024433)
(1024076,1024440)
(1024076,1024442)
(1024076,1024449)
(1024076,1024455)
(1024076,1024461)
(1024076,1024471)
(1024076,1024477)
(1024076,1024484)
(1024076,1024491)
(1024080,1024083)
(1024080,1024089)
(1024080,1024101)
(1024080,1024103)
(1024080,1024107)
(1024080,1024116)
(1024080,1024118)
(1024080,1024123)
(1024080,1024127)
(1024080,1024133)
(1024080,1024138)
(1024080,1024145)
(1024080,1024147)
(1024080,1024152)
(1024080,1024153)
(1024080,1024159)
(1024080,1024161)
(1024080,1024163)
(1024080,1024173)
(1024080,1024177)
(1024080,1024179)
(1024080,1024182)
(1024080,1024188)
(1024080,1024193)
(1024080,1024199)
(1024080,1024205)
(1024080,1024210)
(1024080,1024215)
(1024080,1024221)
(1024080,1024226)
(1024080,1024229)
(1024080,1024236)
(1024080,1024241)
(1024080,1024247)
(1024080,1024250)
(1024080,1024260)
(1024080,1024267)
(1024080,1024272)
(1024080,1024274)
(1024080,1024286)
(1024080,1024292)
(1024080,1024296)
(1024080,1024300)
(1024080,1024304)
(1024080,1024306)
(1024080,1024312)
(1024080,1024316)
(1024080,1024324)
(1024080,1024328)
(1024080,1024331)
(1024080,1024337)
(1024080,1024343)
(1024080,1024347)
(1024080,1024358)
(1024080,1024362)
(1024080,1024367)
(1024080,1024371)
(1024080,1024378)
(1024080,1024383)
(1024080,1024384)
(1024080,1024393)
(1024080,1024396)
(1024080,1024403)
(1024080,1024413)
(1024080,1024420)
(1024080,1024425)
(1024080,1024432)
(1024080,1024433)
(1024080,1024440)
(1024080,1024442)
(1024080,1024449)
(1024080,1024455)
(1024080,1024461)
(1024080,1024471)
(1024080,1024477)
(1024080,1024484)
(1024080,1024491)
(1024083,1024089)
(1024083,1024101)
(1024083,1024103)
(1024083,1024107)
(1024083,1024116)
(1024083,1024118)
(1024083,1024123)
(1024083,1024127)
(1024083,1024133)
(1024083,1024138)
(1024083,1024145)
(1024083,1024147)
(1024083,1024152)
(1024083,1024153)
(1024083,1024159)
(1024083,1024161)
(1024083,1024163)
(1024083,1024173)
(1024083,1024177)
(1024083,1024179)
(1024083,1024182)
(1024083,1024188)
(1024083,1024193)
(1024083,1024199)
(1024083,1024205)
(1024083,1024210)
(1024083,1024215)
(1024083,1024221)
(1024083,1024226)
(1024083,1024229)
(1024083,1024236)
(1024083,1024241)
(1024083,1024247)
(1024083,1024250)
(1024083,1024260)
(1024083,1024267)
(1024083,1024272)
(1024083,1024274)
(1024083,1024286)
(1024083,1024292)
(1024083,1024296)
(1024083,1024300)
(1024083,1024304)
(1024083,1024306)
(1024083,1024312)
(1024083,1024316)
(1024083,1024324)
(1024083,1024328)
(1024083,1024331)
(1024083,1024337)
(1024083,1024343)
(1024083,1024347)
(1024083,1024358)
(1024083,1024362)
(1024083,1024367)
(1024083,1024371)
(1024083,1024378)
(1024083,1024383)
(1024083,1024384)
(1024083,1024393)
(1024083,1024396)
(1024083,1024403)
(1024083,1024413)
(1024083,1024420)
(1024083,1024425)
(1024083,1024432)
(1024083,1024433)
(1024083,1024440)
(1024083,1024442)
(1024083,1024449)
(1024083,1024455)
(1024083,1024461)
(1024083,1024471)
(1024083,1024477)
(1024083,1024484)
(1024083,1024491)
(1024089,1024101)
(1024089,1024103)
(1024089,1024107)
(1024089,1024116)
(1024089,1024118)
(1024089,1024123)
(1024089,1024127)
(1024089,1024133)
(1024089,1024138)
(1024089,1024145)
(1024089,1024147)
(1024089,1024152)
(1024089,1024153)
(1024089,1024159)
(1024089,1024161)
(1024089,1024163)
(1024089,1024173)
(1024089,1024177)
(1024089,1024179)
(1024089,1024182)
(1024089,1024188)
(1024089,1024193)
(1024089,1024199)
(1024089,1024205)
(1024089,1024210)
(1024089,1024215)
(1024089,1024221)
(1024089,1024226)
(1024089,1024229)
(1024089,1024236)
(1024089,1024241)
(1024089,1024247)
(1024089,1024250)
(1024089,1024260)
(1024089,1024267)
(1024089,1024272)
(1024089,1024274)
(1024089,1024286)
(1024089,1024292)
(1024089,1024296)
(1024089,1024300)
(1024089,1024304)
(1024089,1024306)
(1024089,1024312)
(1024089,1024316)
(1024089,1024324)
(1024089,1024328)
(1024089,1024331)
(1024089,1024337)
(1024089,1024343)
(1024089,1024347)
(1024089,1024358)
(1024089,1024362)
(1024089,1024367)
(1024089,1024371)
(1024089,1024378)
(1024089,1024383)
(1024089,1024384)
(1024089,1024393)
(1024089,1024396)
(1024089,1024403)
(1024089,1024413)
(1024089,1024420)
(1024089,1024425)
(1024089,1024432)
(1024089,1024433)
(1024089,1024440)
(1024089,1024442)
(1024089,1024449)
(1024089,1024455)
(1024089,1024461)
(1024089,1024471)
(1024089,1024477)
(1024089,1024484)
(1024089,1024491)
(1024101,1024103)
(1024101,1024107)
(1024101,1024116)
(1024101,1024118)
(1024101,1024123)
(1024101,1024127)
(1024101,1024133)
(1024101,1024138)
(1024101,1024145)
(1024101,1024147)
(1024101,1024152)
(1024101,1024153)
(1024101,1024159)
(1024101,1024161)
(1024101,1024163)
(1024101,1024173)
(1024101,1024177)
(1024101,1024179)
(1024101,1024182)
(1024101,1024188)
(1024101,1024193)
(1024101,1024199)
(1024101,1024205)
(1024101,1024210)
(1024101,1024215)
(1024101,1024221)
(1024101,1024226)
(1024101,1024229)
(1024101,1024236)
(1024101,1024241)
(1024101,1024247)
(1024101,1024250)
(1024101,1024260)
(1024101,1024267)
(1024101,1024272)
(1024101,1024274)
(1024101,1024286)
(1024101,1024292)
(1024101,1024296)
(1024101,1024300)
(1024101,1024304)
(1024101,1024306)
(1024101,1024312)
(1024101,1024316)
(1024101,1024324)
(1024101,1024328)
(1024101,1024331)
(1024101,1024337)
(1024101,1024343)
(1024101,1024347)
(1024101,1024358)
(1024101,1024362)
(1024101,1024367)
(1024101,1024371)
(1024101,1024378)
(1024101,1024383)
(1024101,1024384)
(1024101,1024393)
(1024101,1024396)
(1024101,1024403)
(1024101,1024413)
(1024101,1024420)
(1024101,1024425)
(1024101,1024432)
(1024101,1024433)
(1024101,1024440)
(1024101,1024442)
(1024101,1024449)
(1024101,1024455)
(1024101,1024461)
(1024101,1024471)
(1024101,1024477)
(1024101,1024484)
(1024101,1024491)
(1024103,1024107)
(1024103,1024116)
(1024103,1024118)
(1024103,1024123)
(1024103,1024127)
(1024103,1024133)
(1024103,1024138)
(1024103,1024145)
(1024103,1024147)
(1024103,1024152)
(1024103,1024153)
(1024103,1024159)
(1024103,1024161)
(1024103,1024163)
(1024103,1024173)
(1024103,1024177)
(1024103,1024179)
(1024103,1024182)
(1024103,1024188)
(1024103,1024193)
(1024103,1024199)
(1024103,1024205)
(1024103,1024210)
(1024103,1024215)
(1024103,1024221)
(1024103,1024226)
(1024103,1024229)
(1024103,1024236)
(1024103,1024241)
(1024103,1024247)
(1024103,1024250)
(1024103,1024260)
(1024103,1024267)
(1024103,1024272)
(1024103,1024274)
(1024103,1024286)
(1024103,1024292)
(1024103,1024296)
(1024103,1024300)
(1024103,1024304)
(1024103,1024306)
(1024103,1024312)
(1024103,1024316)
(1024103,1024324)
(1024103,1024328)
(1024103,1024331)
(1024103,1024337)
(1024103,1024343)
(1024103,1024347)
(1024103,1024358)
(1024103,1024362)
(1024103,1024367)
(1024103,1024371)
(1024103,1024378)
(1024103,1024383)
(1024103,1024384)
(1024103,1024393)
(1024103,1024396)
(1024103,1024403)
(1024103,1024413)
(1024103,1024420)
(1024103,1024425)
(1024103,1024432)
(1024103,1024433)
(1024103,1024440)
(1024103,1024442)
(1024103,1024449)
(1024103,1024455)
(1024103,1024461)
(1024103,1024471)
(1024103,1024477)
(1024103,1024484)
(1024103,1024491)
(1024107,1024116)
(1024107,1024118)
(1024107,1024123)
(1024107,1024127)
(1024107,1024133)
(1024107,1024138)
(1024107,1024145)
(1024107,1024147)
(1024107,1024152)
(1024107,1024153)
(1024107,1024159)
(1024107,1024161)
(1024107,1024163)
(1024107,1024173)
(1024107,1024177)
(1024107,1024179)
(1024107,1024182)
(1024107,1024188)
(1024107,1024193)
(1024107,1024199)
(1024107,1024205)
(1024107,1024210)
(1024107,1024215)
(1024107,1024221)
(1024107,1024226)
(1024107,1024229)
(1024107,1024236)
(1024107,1024241)
(1024107,1024247)
(1024107,1024250)
(1024107,1024260)
(1024107,1024267)
(1024107,1024272)
(1024107,1024274)
(1024107,1024286)
(1024107,1024292)
(1024107,1024296)
(1024107,1024300)
(1024107,1024304)
(1024107,1024306)
(1024107,1024312)
(1024107,1024316)
(1024107,1024324)
(1024107,1024328)
(1024107,1024331)
(1024107,1024337)
(1024107,1024343)
(1024107,1024347)
(1024107,1024358)
(1024107,1024362)
(1024107,1024367)
(1024107,1024371)
(1024107,1024378)
(1024107,1024383)
(1024107,1024384)
(1024107,1024393)
(1024107,1024396)
(1024107,1024403)
(1024107,1024413)
(1024107,1024420)
(1024107,1024425)
(1024107,1024432)
(1024107,1024433)
(1024107,1024440)
(1024107,1024442)
(1024107,1024449)
(1024107,1024455)
(1024107,1024461)
(1024107,1024471)
(1024107,1024477)
(1024107,1024484)
(1024107,1024491)
(1024116,1024118)
(1024116,1024123)
(1024116,1024127)
(1024116,1024133)
(1024116,1024138)
(1024116,1024145)
(1024116,1024147)
(1024116,1024152)
(1024116,1024153)
(1024116,1024159)
(1024116,1024161)
(1024116,1024163)
(1024116,1024173)
(1024116,1024177)
(1024116,1024179)
(1024116,1024182)
(1024116,1024188)
(1024116,1024193)
(1024116,1024199)
(1024116,1024205)
(1024116,1024210)
(1024116,1024215)
(1024116,1024221)
(1024116,1024226)
(1024116,1024229)
(1024116,1024236)
(1024116,1024241)
(1024116,1024247)
(1024116,1024250)
(1024116,1024260)
(1024116,1024267)
(1024116,1024272)
(1024116,1024274)
(1024116,1024286)
(1024116,1024292)
(1024116,1024296)
(1024116,1024300)
(1024116,1024304)
(1024116,1024306)
(1024116,1024312)
(1024116,1024316)
(1024116,1024324)
(1024116,1024328)
(1024116,1024331)
(1024116,1024337)
(1024116,1024343)
(1024116,1024347)
(1024116,1024358)
(1024116,1024362)
(1024116,1024367)
(1024116,1024371)
(1024116,1024378)
(1024116,1024383)
(1024116,1024384)
(1024116,1024393)
(1024116,1024396)
(1024116,1024403)
(1024116,1024413)
(1024116,1024420)
(1024116,1024425)
(1024116,1024432)
(1024116,1024433)
(1024116,1024440)
(1024116,1024442)
(1024116,1024449)
(1024116,1024455)
(1024116,1024461)
(1024116,1024471)
(1024116,1024477)
(1024116,1024484)
(1024116,1024491)
(1024118,1024123)
(1024118,1024127)
(1024118,1024133)
(1024118,1024138)
(1024118,1024145)
(1024118,1024147)
(1024118,1024152)
(1024118,1024153)
(1024118,1024159)
(1024118,1024161)
(1024118,1024163)
(1024118,1024173)
(1024118,1024177)
(1024118,1024179)
(1024118,1024182)
(1024118,1024188)
(1024118,1024193)
(1024118,1024199)
(1024118,1024205)
(1024118,1024210)
(1024118,1024215)
(1024118,1024221)
(1024118,1024226)
(1024118,1024229)
(1024118,1024236)
(1024118,1024241)
(1024118,1024247)
(1024118,1024250)
(1024118,1024260)
(1024118,1024267)
(1024118,1024272)
(1024118,1024274)
(1024118,1024286)
(1024118,1024292)
(1024118,1024296)
(1024118,1024300)
(1024118,1024304)
(1024118,1024306)
(1024118,1024312)
(1024118,1024316)
(1024118,1024324)
(1024118,1024328)
(1024118,1024331)
(1024118,1024337)
(1024118,1024343)
(1024118,1024347)
(1024118,1024358)
(1024118,1024362)
(1024118,1024367)
(1024118,1024371)
(1024118,1024378)
(1024118,1024383)
(1024118,1024384)
(1024118,1024393)
(1024118,1024396)
(1024118,1024403)
(1024118,1024413)
(1024118,1024420)
(1024118,1024425)
(1024118,1024432)
(1024118,1024433)
(1024118,1024440)
(1024118,1024442)
(1024118,1024449)
(1024118,1024455)
(1024118,1024461)
(1024118,1024471)
(1024118,1024477)
(1024118,1024484)
(1024118,1024491)
(1024123,1024127)
(1024123,1024133)
(1024123,1024138)
(1024123,1024145)
(1024123,1024147)
(1024123,1024152)
(1024123,1024153)
(1024123,1024159)
(1024123,1024161)
(1024123,1024163)
(1024123,1024173)
(1024123,1024177)
(1024123,1024179)
(1024123,1024182)
(1024123,1024188)
(1024123,1024193)
(1024123,1024199)
(1024123,1024205)
(1024123,1024210)
(1024123,1024215)
(1024123,1024221)
(1024123,1024226)
(1024123,1024229)
(1024123,1024236)
(1024123,1024241)
(1024123,1024247)
(1024123,1024250)
(1024123,1024260)
(1024123,1024267)
(1024123,1024272)
(1024123,1024274)
(1024123,1024286)
(1024123,1024292)
(1024123,1024296)
(1024123,1024300)
(1024123,1024304)
(1024123,1024306)
(1024123,1024312)
(1024123,1024316)
(1024123,1024324)
(1024123,1024328)
(1024123,1024331)
(1024123,1024337)
(1024123,1024343)
(1024123,1024347)
(1024123,1024358)
(1024123,1024362)
(1024123,1024367)
(1024123,1024371)
(1024123,1024378)
(1024123,1024383)
(1024123,1024384)
(1024123,1024393)
(1024123,1024396)
(1024123,1024403)
(1024123,1024413)
(1024123,1024420)
(1024123,1024425)
(1024123,1024432)
(1024123,1024433)
(1024123,1024440)
(1024123,1024442)
(1024123,1024449)
(1024123,1024455)
(1024123,1024461)
(1024123,1024471)
(1024123,1024477)
(1024123,1024484)
(1024123,1024491)
(1024127,1024133)
(1024127,1024138)
(1024127,1024145)
(1024127,1024147)
(1024127,1024152)
(1024127,1024153)
(1024127,1024159)
(1024127,1024161)
(1024127,1024163)
(1024127,1024173)
(1024127,1024177)
(1024127,1024179)
(1024127,1024182)
(1024127,1024188)
(1024127,1024193)
(1024127,1024199)
(1024127,1024205)
(1024127,1024210)
(1024127,1024215)
(1024127,1024221)
(1024127,1024226)
(1024127,1024229)
(1024127,1024236)
(1024127,1024241)
(1024127,1024247)
(1024127,1024250)
(1024127,1024260)
(1024127,1024267)
(1024127,1024272)
(1024127,1024274)
(1024127,1024286)
(1024127,1024292)
(1024127,1024296)
(1024127,1024300)
(1024127,1024304)
(1024127,1024306)
(1024127,1024312)
(1024127,1024316)
(1024127,1024324)
(1024127,1024328)
(1024127,1024331)
(1024127,1024337)
(1024127,1024343)
(1024127,1024347)
(1024127,1024358)
(1024127,1024362)
(1024127,1024367)
(1024127,1024371)
(1024127,1024378)
(1024127,1024383)
(1024127,1024384)
(1024127,1024393)
(1024127,1024396)
(1024127,1024403)
(1024127,1024413)
(1024127,1024420)
(1024127,1024425)
(1024127,1024432)
(1024127,1024433)
(1024127,1024440)
(1024127,1024442)
(1024127,1024449)
(1024127,1024455)
(1024127,1024461)
(1024127,1024471)
(1024127,1024477)
(1024127,1024484)
(1024127,1024491)
(1024133,1024138)
(1024133,1024145)
(1024133,1024147)
(1024133,1024152)
(1024133,1024153)
(1024133,1024159)
(1024133,1024161)
(1024133,1024163)
(1024133,1024173)
(1024133,1024177)
(1024133,1024179)
(1024133,1024182)
(1024133,1024188)
(1024133,1024193)
(1024133,1024199)
(1024133,1024205)
(1024133,1024210)
(1024133,1024215)
(1024133,1024221)
(1024133,1024226)
(1024133,1024229)
(1024133,1024236)
(1024133,1024241)
(1024133,1024247)
(1024133,1024250)
(1024133,1024260)
(1024133,1024267)
(1024133,1024272)
(1024133,1024274)
(1024133,1024286)
(1024133,1024292)
(1024133,1024296)
(1024133,1024300)
(1024133,1024304)
(1024133,1024306)
(1024133,1024312)
(1024133,1024316)
(1024133,1024324)
(1024133,1024328)
(1024133,1024331)
(1024133,1024337)
(1024133,1024343)
(1024133,1024347)
(1024133,1024358)
(1024133,1024362)
(1024133,1024367)
(1024133,1024371)
(1024133,1024378)
(1024133,1024383)
(1024133,1024384)
(1024133,1024393)
(1024133,1024396)
(1024133,1024403)
(1024133,1024413)
(1024133,1024420)
(1024133,1024425)
(1024133,1024432)
(1024133,1024433)
(1024133,1024440)
(1024133,1024442)
(1024133,1024449)
(1024133,1024455)
(1024133,1024461)
(1024133,1024471)
(1024133,1024477)
(1024133,1024484)
(1024133,1024491)
(1024138,1024145)
(1024138,1024147)
(1024138,1024152)
(1024138,1024153)
(1024138,1024159)
(1024138,1024161)
(1024138,1024163)
(1024138,1024173)
(1024138,1024177)
(1024138,1024179)
(1024138,1024182)
(1024138,1024188)
(1024138,1024193)
(1024138,1024199)
(1024138,1024205)
(1024138,1024210)
(1024138,1024215)
(1024138,1024221)
(1024138,1024226)
(1024138,1024229)
(1024138,1024236)
(1024138,1024241)
(1024138,1024247)
(1024138,1024250)
(1024138,1024260)
(1024138,1024267)
(1024138,1024272)
(1024138,1024274)
(1024138,1024286)
(1024138,1024292)
(1024138,1024296)
(1024138,1024300)
(1024138,1024304)
(1024138,1024306)
(1024138,1024312)
(1024138,1024316)
(1024138,1024324)
(1024138,1024328)
(1024138,1024331)
(1024138,1024337)
(1024138,1024343)
(1024138,1024347)
(1024138,1024358)
(1024138,1024362)
(1024138,1024367)
(1024138,1024371)
(1024138,1024378)
(1024138,1024383)
(1024138,1024384)
(1024138,1024393)
(1024138,1024396)
(1024138,1024403)
(1024138,1024413)
(1024138,1024420)
(1024138,1024425)
(1024138,1024432)
(1024138,1024433)
(1024138,1024440)
(1024138,1024442)
(1024138,1024449)
(1024138,1024455)
(1024138,1024461)
(1024138,1024471)
(1024138,1024477)
(1024138,1024484)
(1024138,1024491)
(1024145,1024147)
(1024145,1024152)
(1024145,1024153)
(1024145,1024159)
(1024145,1024161)
(1024145,1024163)
(1024145,1024173)
(1024145,1024177)
(1024145,1024179)
(1024145,1024182)
(1024145,1024188)
(1024145,1024193)
(1024145,1024199)
(1024145,1024205)
(1024145,1024210)
(1024145,1024215)
(1024145,1024221)
(1024145,1024226)
(1024145,1024229)
(1024145,1024236)
(1024145,1024241)
(1024145,1024247)
(1024145,1024250)
(1024145,1024260)
(1024145,1024267)
(1024145,1024272)
(1024145,1024274)
(1024145,1024286)
(1024145,1024292)
(1024145,1024296)
(1024145,1024300)
(1024145,1024304)
(1024145,1024306)
(1024145,1024312)
(1024145,1024316)
(1024145,1024324)
(1024145,1024328)
(1024145,1024331)
(1024145,1024337)
(1024145,1024343)
(1024145,1024347)
(1024145,1024358)
(1024145,1024362)
(1024145,1024367)
(1024145,1024371)
(1024145,1024378)
(1024145,1024383)
(1024145,1024384)
(1024145,1024393)
(1024145,1024396)
(1024145,1024403)
(1024145,1024413)
(1024145,1024420)
(1024145,1024425)
(1024145,1024432)
(1024145,1024433)
(1024145,1024440)
(1024145,1024442)
(1024145,1024449)
(1024145,1024455)
(1024145,1024461)
(1024145,1024471)
(1024145,1024477)
(1024145,1024484)
(1024145,1024491)
(1024147,1024152)
(1024147,1024153)
(1024147,1024159)
(1024147,1024161)
(1024147,1024163)
(1024147,1024173)
(1024147,1024177)
(1024147,1024179)
(1024147,1024182)
(1024147,1024188)
(1024147,1024193)
(1024147,1024199)
(1024147,1024205)
(1024147,1024210)
(1024147,1024215)
(1024147,1024221)
(1024147,1024226)
(1024147,1024229)
(1024147,1024236)
(1024147,1024241)
(1024147,1024247)
(1024147,1024250)
(1024147,1024260)
(1024147,1024267)
(1024147,1024272)
(1024147,1024274)
(1024147,1024286)
(1024147,1024292)
(1024147,1024296)
(1024147,1024300)
(1024147,1024304)
(1024147,1024306)
(1024147,1024312)
(1024147,1024316)
(1024147,1024324)
(1024147,1024328)
(1024147,1024331)
(1024147,1024337)
(1024147,1024343)
(1024147,1024347)
(1024147,1024358)
(1024147,1024362)
(1024147,1024367)
(1024147,1024371)
(1024147,1024378)
(1024147,1024383)
(1024147,1024384)
(1024147,1024393)
(1024147,1024396)
(1024147,1024403)
(1024147,1024413)
(1024147,1024420)
(1024147,1024425)
(1024147,1024432)
(1024147,1024433)
(1024147,1024440)
(1024147,1024442)
(1024147,1024449)
(1024147,1024455)
(1024147,1024461)
(1024147,1024471)
(1024147,1024477)
(1024147,1024484)
(1024147,1024491)
(1024152,1024153)
(1024152,1024159)
(1024152,1024161)
(1024152,1024163)
(1024152,1024173)
(1024152,1024177)
(1024152,1024179)
(1024152,1024182)
(1024152,1024188)
(1024152,1024193)
(1024152,1024199)
(1024152,1024205)
(1024152,1024210)
(1024152,1024215)
(1024152,1024221)
(1024152,1024226)
(1024152,1024229)
(1024152,1024236)
(1024152,1024241)
(1024152,1024247)
(1024152,1024250)
(1024152,1024260)
(1024152,1024267)
(1024152,1024272)
(1024152,1024274)
(1024152,1024286)
(1024152,1024292)
(1024152,1024296)
(1024152,1024300)
(1024152,1024304)
(1024152,1024306)
(1024152,1024312)
(1024152,1024316)
(1024152,1024324)
(1024152,1024328)
(1024152,1024331)
(1024152,1024337)
(1024152,1024343)
(1024152,1024347)
(1024152,1024358)
(1024152,1024362)
(1024152,1024367)
(1024152,1024371)
(1024152,1024378)
(1024152,1024383)
(1024152,1024384)
(1024152,1024393)
(1024152,1024396)
(1024152,1024403)
(1024152,1024413)
(1024152,1024420)
(1024152,1024425)
(1024152,1024432)
(1024152,1024433)
(1024152,1024440)
(1024152,1024442)
(1024152,1024449)
(1024152,1024455)
(1024152,1024461)
(1024152,1024471)
(1024152,1024477)
(1024152,1024484)
(1024152,1024491)
(1024153,1024159)
(1024153,1024161)
(1024153,1024163)
(1024153,1024173)
(1024153,1024177)
(1024153,1024179)
(1024153,1024182)
(1024153,1024188)
(1024153,1024193)
(1024153,1024199)
(1024153,1024205)
(1024153,1024210)
(1024153,1024215)
(1024153,1024221)
(1024153,1024226)
(1024153,1024229)
(1024153,1024236)
(1024153,1024241)
(1024153,1024247)
(1024153,1024250)
(1024153,1024260)
(1024153,1024267)
(1024153,1024272)
(1024153,1024274)
(1024153,1024286)
(1024153,1024292)
(1024153,1024296)
(1024153,1024300)
(1024153,1024304)
(1024153,1024306)
(1024153,1024312)
(1024153,1024316)
(1024153,1024324)
(1024153,1024328)
(1024153,1024331)
(1024153,1024337)
(1024153,1024343)
(1024153,1024347)
(1024153,1024358)
(1024153,1024362)
(1024153,1024367)
(1024153,1024371)
(1024153,1024378)
(1024153,1024383)
(1024153,1024384)
(1024153,1024393)
(1024153,1024396)
(1024153,1024403)
(1024153,1024413)
(1024153,1024420)
(1024153,1024425)
(1024153,1024432)
(1024153,1024433)
(1024153,1024440)
(1024153,1024442)
(1024153,1024449)
(1024153,1024455)
(1024153,1024461)
(1024153,1024471)
(1024153,1024477)
(1024153,1024484)
(1024153,1024491)
(1024159,1024161)
(1024159,1024163)
(1024159,1024173)
(1024159,1024177)
(1024159,1024179)
(1024159,1024182)
(1024159,1024188)
(1024159,1024193)
(1024159,1024199)
(1024159,1024205)
(1024159,1024210)
(1024159,1024215)
(1024159,1024221)
(1024159,1024226)
(1024159,1024229)
(1024159,1024236)
(1024159,1024241)
(1024159,1024247)
(1024159,1024250)
(1024159,1024260)
(1024159,1024267)
(1024159,1024272)
(1024159,1024274)
(1024159,1024286)
(1024159,1024292)
(1024159,1024296)
(1024159,1024300)
(1024159,1024304)
(1024159,1024306)
(1024159,1024312)
(1024159,1024316)
(1024159,1024324)
(1024159,1024328)
(1024159,1024331)
(1024159,1024337)
(1024159,1024343)
(1024159,1024347)
(1024159,1024358)
(1024159,1024362)
(1024159,1024367)
(1024159,1024371)
(1024159,1024378)
(1024159,1024383)
(1024159,1024384)
(1024159,1024393)
(1024159,1024396)
(1024159,1024403)
(1024159,1024413)
(1024159,1024420)
(1024159,1024425)
(1024159,1024432)
(1024159,1024433)
(1024159,1024440)
(1024159,1024442)
(1024159,1024449)
(1024159,1024455)
(1024159,1024461)
(1024159,1024471)
(1024159,1024477)
(1024159,1024484)
(1024159,1024491)
(1024161,1024163)
(1024161,1024173)
(1024161,1024177)
(1024161,1024179)
(1024161,1024182)
(1024161,1024188)
(1024161,1024193)
(1024161,1024199)
(1024161,1024205)
(1024161,1024210)
(1024161,1024215)
(1024161,1024221)
(1024161,1024226)
(1024161,1024229)
(1024161,1024236)
(1024161,1024241)
(1024161,1024247)
(1024161,1024250)
(1024161,1024260)
(1024161,1024267)
(1024161,1024272)
(1024161,1024274)
(1024161,1024286)
(1024161,1024292)
(1024161,1024296)
(1024161,1024300)
(1024161,1024304)
(1024161,1024306)
(1024161,1024312)
(1024161,1024316)
(1024161,1024324)
(1024161,1024328)
(1024161,1024331)
(1024161,1024337)
(1024161,1024343)
(1024161,1024347)
(1024161,1024358)
(1024161,1024362)
(1024161,1024367)
(1024161,1024371)
(1024161,1024378)
(1024161,1024383)
(1024161,1024384)
(1024161,1024393)
(1024161,1024396)
(1024161,1024403)
(1024161,1024413)
(1024161,1024420)
(1024161,1024425)
(1024161,1024432)
(1024161,1024433)
(1024161,1024440)
(1024161,1024442)
(1024161,1024449)
(1024161,1024455)
(1024161,1024461)
(1024161,1024471)
(1024161,1024477)
(1024161,1024484)
(1024161,1024491)
(1024163,1024173)
(1024163,1024177)
(1024163,1024179)
(1024163,1024182)
(1024163,1024188)
(1024163,1024193)
(1024163,1024199)
(1024163,1024205)
(1024163,1024210)
(1024163,1024215)
(1024163,1024221)
(1024163,1024226)
(1024163,1024229)
(1024163,1024236)
(1024163,1024241)
(1024163,1024247)
(1024163,1024250)
(1024163,1024260)
(1024163,1024267)
(1024163,1024272)
(1024163,1024274)
(1024163,1024286)
(1024163,1024292)
(1024163,1024296)
(1024163,1024300)
(1024163,1024304)
(1024163,1024306)
(1024163,1024312)
(1024163,1024316)
(1024163,1024324)
(1024163,1024328)
(1024163,1024331)
(1024163,1024337)
(1024163,1024343)
(1024163,1024347)
(1024163,1024358)
(1024163,1024362)
(1024163,1024367)
(1024163,1024371)
(1024163,1024378)
(1024163,1024383)
(1024163,1024384)
(1024163,1024393)
(1024163,1024396)
(1024163,1024403)
(1024163,1024413)
(1024163,1024420)
(1024163,1024425)
(1024163,1024432)
(1024163,1024433)
(1024163,1024440)
(1024163,1024442)
(1024163,1024449)
(1024163,1024455)
(1024163,1024461)
(1024163,1024471)
(1024163,1024477)
(1024163,1024484)
(1024163,1024491)
(1024173,1024177)
(1024173,1024179)
(1024173,1024182)
(1024173,1024188)
(1024173,1024193)
(1024173,1024199)
(1024173,1024205)
(1024173,1024210)
(1024173,1024215)
(1024173,1024221)
(1024173,1024226)
(1024173,1024229)
(1024173,1024236)
(1024173,1024241)
(1024173,1024247)
(1024173,1024250)
(1024173,1024260)
(1024173,1024267)
(1024173,1024272)
(1024173,1024274)
(1024173,1024286)
(1024173,1024292)
(1024173,1024296)
(1024173,1024300)
(1024173,1024304)
(1024173,1024306)
(1024173,1024312)
(1024173,1024316)
(1024173,1024324)
(1024173,1024328)
(1024173,1024331)
(1024173,1024337)
(1024173,1024343)
(1024173,1024347)
(1024173,1024358)
(1024173,1024362)
(1024173,1024367)
(1024173,1024371)
(1024173,1024378)
(1024173,1024383)
(1024173,1024384)
(1024173,1024393)
(1024173,1024396)
(1024173,1024403)
(1024173,1024413)
(1024173,1024420)
(1024173,1024425)
(1024173,1024432)
(1024173,1024433)
(1024173,1024440)
(1024173,1024442)
(1024173,1024449)
(1024173,1024455)
(1024173,1024461)
(1024173,1024471)
(1024173,1024477)
(1024173,1024484)
(1024173,1024491)
(1024177,1024179)
(1024177,1024182)
(1024177,1024188)
(1024177,1024193)
(1024177,1024199)
(1024177,1024205)
(1024177,1024210)
(1024177,1024215)
(1024177,1024221)
(1024177,1024226)
(1024177,1024229)
(1024177,1024236)
(1024177,1024241)
(1024177,1024247)
(1024177,1024250)
(1024177,1024260)
(1024177,1024267)
(1024177,1024272)
(1024177,1024274)
(1024177,1024286)
(1024177,1024292)
(1024177,1024296)
(1024177,1024300)
(1024177,1024304)
(1024177,1024306)
(1024177,1024312)
(1024177,1024316)
(1024177,1024324)
(1024177,1024328)
(1024177,1024331)
(1024177,1024337)
(1024177,1024343)
(1024177,1024347)
(1024177,1024358)
(1024177,1024362)
(1024177,1024367)
(1024177,1024371)
(1024177,1024378)
(1024177,1024383)
(1024177,1024384)
(1024177,1024393)
(1024177,1024396)
(1024177,1024403)
(1024177,1024413)
(1024177,1024420)
(1024177,1024425)
(1024177,1024432)
(1024177,1024433)
(1024177,1024440)
(1024177,1024442)
(1024177,1024449)
(1024177,1024455)
(1024177,1024461)
(1024177,1024471)
(1024177,1024477)
(1024177,1024484)
(1024177,1024491)
(1024179,1024182)
(1024179,1024188)
(1024179,1024193)
(1024179,1024199)
(1024179,1024205)
(1024179,1024210)
(1024179,1024215)
(1024179,1024221)
(1024179,1024226)
(1024179,1024229)
(1024179,1024236)
(1024179,1024241)
(1024179,1024247)
(1024179,1024250)
(1024179,1024260)
(1024179,1024267)
(1024179,1024272)
(1024179,1024274)
(1024179,1024286)
(1024179,1024292)
(1024179,1024296)
(1024179,1024300)
(1024179,1024304)
(1024179,1024306)
(1024179,1024312)
(1024179,1024316)
(1024179,1024324)
(1024179,1024328)
(1024179,1024331)
(1024179,1024337)
(1024179,1024343)
(1024179,1024347)
(1024179,1024358)
(1024179,1024362)
(1024179,1024367)
(1024179,1024371)
(1024179,1024378)
(1024179,1024383)
(1024179,1024384)
(1024179,1024393)
(1024179,1024396)
(1024179,1024403)
(1024179,1024413)
(1024179,1024420)
(1024179,1024425)
(1024179,1024432)
(1024179,1024433)
(1024179,1024440)
(1024179,1024442)
(1024179,1024449)
(1024179,1024455)
(1024179,1024461)
(1024179,1024471)
(1024179,1024477)
(1024179,1024484)
(1024179,1024491)
(1024182,1024188)
(1024182,1024193)
(1024182,1024199)
(1024182,1024205)
(1024182,1024210)
(1024182,1024215)
(1024182,1024221)
(1024182,1024226)
(1024182,1024229)
(1024182,1024236)
(1024182,1024241)
(1024182,1024247)
(1024182,1024250)
(1024182,1024260)
(1024182,1024267)
(1024182,1024272)
(1024182,1024274)
(1024182,1024286)
(1024182,1024292)
(1024182,1024296)
(1024182,1024300)
(1024182,1024304)
(1024182,1024306)
(1024182,1024312)
(1024182,1024316)
(1024182,1024324)
(1024182,1024328)
(1024182,1024331)
(1024182,1024337)
(1024182,1024343)
(1024182,1024347)
(1024182,1024358)
(1024182,1024362)
(1024182,1024367)
(1024182,1024371)
(1024182,1024378)
(1024182,1024383)
(1024182,1024384)
(1024182,1024393)
(1024182,1024396)
(1024182,1024403)
(1024182,1024413)
(1024182,1024420)
(1024182,1024425)
(1024182,1024432)
(1024182,1024433)
(1024182,1024440)
(1024182,1024442)
(1024182,1024449)
(1024182,1024455)
(1024182,1024461)
(1024182,1024471)
(1024182,1024477)
(1024182,1024484)
(1024182,1024491)
(1024188,1024193)
(1024188,1024199)
(1024188,1024205)
(1024188,1024210)
(1024188,1024215)
(1024188,1024221)
(1024188,1024226)
(1024188,1024229)
(1024188,1024236)
(1024188,1024241)
(1024188,1024247)
(1024188,1024250)
(1024188,1024260)
(1024188,1024267)
(1024188,1024272)
(1024188,1024274)
(1024188,1024286)
(1024188,1024292)
(1024188,1024296)
(1024188,1024300)
(1024188,1024304)
(1024188,1024306)
(1024188,1024312)
(1024188,1024316)
(1024188,1024324)
(1024188,1024328)
(1024188,1024331)
(1024188,1024337)
(1024188,1024343)
(1024188,1024347)
(1024188,1024358)
(1024188,1024362)
(1024188,1024367)
(1024188,1024371)
(1024188,1024378)
(1024188,1024383)
(1024188,1024384)
(1024188,1024393)
(1024188,1024396)
(1024188,1024403)
(1024188,1024413)
(1024188,1024420)
(1024188,1024425)
(1024188,1024432)
(1024188,1024433)
(1024188,1024440)
(1024188,1024442)
(1024188,1024449)
(1024188,1024455)
(1024188,1024461)
(1024188,1024471)
(1024188,1024477)
(1024188,1024484)
(1024188,1024491)
(1024193,1024199)
(1024193,1024205)
(1024193,1024210)
(1024193,1024215)
(1024193,1024221)
(1024193,1024226)
(1024193,1024229)
(1024193,1024236)
(1024193,1024241)
(1024193,1024247)
(1024193,1024250)
(1024193,1024260)
(1024193,1024267)
(1024193,1024272)
(1024193,1024274)
(1024193,1024286)
(1024193,1024292)
(1024193,1024296)
(1024193,1024300)
(1024193,1024304)
(1024193,1024306)
(1024193,1024312)
(1024193,1024316)
(1024193,1024324)
(1024193,1024328)
(1024193,1024331)
(1024193,1024337)
(1024193,1024343)
(1024193,1024347)
(1024193,1024358)
(1024193,1024362)
(1024193,1024367)
(1024193,1024371)
(1024193,1024378)
(1024193,1024383)
(1024193,1024384)
(1024193,1024393)
(1024193,1024396)
(1024193,1024403)
(1024193,1024413)
(1024193,1024420)
(1024193,1024425)
(1024193,1024432)
(1024193,1024433)
(1024193,1024440)
(1024193,1024442)
(1024193,1024449)
(1024193,1024455)
(1024193,1024461)
(1024193,1024471)
(1024193,1024477)
(1024193,1024484)
(1024193,1024491)
(1024199,1024205)
(1024199,1024210)
(1024199,1024215)
(1024199,1024221)
(1024199,1024226)
(1024199,1024229)
(1024199,1024236)
(1024199,1024241)
(1024199,1024247)
(1024199,1024250)
(1024199,1024260)
(1024199,1024267)
(1024199,1024272)
(1024199,1024274)
(1024199,1024286)
(1024199,1024292)
(1024199,1024296)
(1024199,1024300)
(1024199,1024304)
(1024199,1024306)
(1024199,1024312)
(1024199,1024316)
(1024199,1024324)
(1024199,1024328)
(1024199,1024331)
(1024199,1024337)
(1024199,1024343)
(1024199,1024347)
(1024199,1024358)
(1024199,1024362)
(1024199,1024367)
(1024199,1024371)
(1024199,1024378)
(1024199,1024383)
(1024199,1024384)
(1024199,1024393)
(1024199,1024396)
(1024199,1024403)
(1024199,1024413)
(1024199,1024420)
(1024199,1024425)
(1024199,1024432)
(1024199,1024433)
(1024199,1024440)
(1024199,1024442)
(1024199,1024449)
(1024199,1024455)
(1024199,1024461)
(1024199,1024471)
(1024199,1024477)
(1024199,1024484)
(1024199,1024491)
(1024205,1024210)
(1024205,1024215)
(1024205,1024221)
(1024205,1024226)
(1024205,1024229)
(1024205,1024236)
(1024205,1024241)
(1024205,1024247)
(1024205,1024250)
(1024205,1024260)
(1024205,1024267)
(1024205,1024272)
(1024205,1024274)
(1024205,1024286)
(1024205,1024292)
(1024205,1024296)
(1024205,1024300)
(1024205,1024304)
(1024205,1024306)
(1024205,1024312)
(1024205,1024316)
(1024205,1024324)
(1024205,1024328)
(1024205,1024331)
(1024205,1024337)
(1024205,1024343)
(1024205,1024347)
(1024205,1024358)
(1024205,1024362)
(1024205,1024367)
(1024205,1024371)
(1024205,1024378)
(1024205,1024383)
(1024205,1024384)
(1024205,1024393)
(1024205,1024396)
(1024205,1024403)
(1024205,1024413)
(1024205,1024420)
(1024205,1024425)
(1024205,1024432)
(1024205,1024433)
(1024205,1024440)
(1024205,1024442)
(1024205,1024449)
(1024205,1024455)
(1024205,1024461)
(1024205,1024471)
(1024205,1024477)
(1024205,1024484)
(1024205,1024491)
(1024210,1024215)
(1024210,1024221)
(1024210,1024226)
(1024210,1024229)
(1024210,1024236)
(1024210,1024241)
(1024210,1024247)
(1024210,1024250)
(1024210,1024260)
(1024210,1024267)
(1024210,1024272)
(1024210,1024274)
(1024210,1024286)
(1024210,1024292)
(1024210,1024296)
(1024210,1024300)
(1024210,1024304)
(1024210,1024306)
(1024210,1024312)
(1024210,1024316)
(1024210,1024324)
(1024210,1024328)
(1024210,1024331)
(1024210,1024337)
(1024210,1024343)
(1024210,1024347)
(1024210,1024358)
(1024210,1024362)
(1024210,1024367)
(1024210,1024371)
(1024210,1024378)
(1024210,1024383)
(1024210,1024384)
(1024210,1024393)
(1024210,1024396)
(1024210,1024403)
(1024210,1024413)
(1024210,1024420)
(1024210,1024425)
(1024210,1024432)
(1024210,1024433)
(1024210,1024440)
(1024210,1024442)
(1024210,1024449)
(1024210,1024455)
(1024210,1024461)
(1024210,1024471)
(1024210,1024477)
(1024210,1024484)
(1024210,1024491)
(1024215,1024221)
(1024215,1024226)
(1024215,1024229)
(1024215,1024236)
(1024215,1024241)
(1024215,1024247)
(1024215,1024250)
(1024215,1024260)
(1024215,1024267)
(1024215,1024272)
(1024215,1024274)
(1024215,1024286)
(1024215,1024292)
(1024215,1024296)
(1024215,1024300)
(1024215,1024304)
(1024215,1024306)
(1024215,1024312)
(1024215,1024316)
(1024215,1024324)
(1024215,1024328)
(1024215,1024331)
(1024215,1024337)
(1024215,1024343)
(1024215,1024347)
(1024215,1024358)
(1024215,1024362)
(1024215,1024367)
(1024215,1024371)
(1024215,1024378)
(1024215,1024383)
(1024215,1024384)
(1024215,1024393)
(1024215,1024396)
(1024215,1024403)
(1024215,1024413)
(1024215,1024420)
(1024215,1024425)
(1024215,1024432)
(1024215,1024433)
(1024215,1024440)
(1024215,1024442)
(1024215,1024449)
(1024215,1024455)
(1024215,1024461)
(1024215,1024471)
(1024215,1024477)
(1024215,1024484)
(1024215,1024491)
(1024221,1024226)
(1024221,1024229)
(1024221,1024236)
(1024221,1024241)
(1024221,1024247)
(1024221,1024250)
(1024221,1024260)
(1024221,1024267)
(1024221,1024272)
(1024221,1024274)
(1024221,1024286)
(1024221,1024292)
(1024221,1024296)
(1024221,1024300)
(1024221,1024304)
(1024221,1024306)
(1024221,1024312)
(1024221,1024316)
(1024221,1024324)
(1024221,1024328)
(1024221,1024331)
(1024221,1024337)
(1024221,1024343)
(1024221,1024347)
(1024221,1024358)
(1024221,1024362)
(1024221,1024367)
(1024221,1024371)
(1024221,1024378)
(1024221,1024383)
(1024221,1024384)
(1024221,1024393)
(1024221,1024396)
(1024221,1024403)
(1024221,1024413)
(1024221,1024420)
(1024221,1024425)
(1024221,1024432)
(1024221,1024433)
(1024221,1024440)
(1024221,1024442)
(1024221,1024449)
(1024221,1024455)
(1024221,1024461)
(1024221,1024471)
(1024221,1024477)
(1024221,1024484)
(1024221,1024491)
(1024226,1024229)
(1024226,1024236)
(1024226,1024241)
(1024226,1024247)
(1024226,1024250)
(1024226,1024260)
(1024226,1024267)
(1024226,1024272)
(1024226,1024274)
(1024226,1024286)
(1024226,1024292)
(1024226,1024296)
(1024226,1024300)
(1024226,1024304)
(1024226,1024306)
(1024226,1024312)
(1024226,1024316)
(1024226,1024324)
(1024226,1024328)
(1024226,1024331)
(1024226,1024337)
(1024226,1024343)
(1024226,1024347)
(1024226,1024358)
(1024226,1024362)
(1024226,1024367)
(1024226,1024371)
(1024226,1024378)
(1024226,1024383)
(1024226,1024384)
(1024226,1024393)
(1024226,1024396)
(1024226,1024403)
(1024226,1024413)
(1024226,1024420)
(1024226,1024425)
(1024226,1024432)
(1024226,1024433)
(1024226,1024440)
(1024226,1024442)
(1024226,1024449)
(1024226,1024455)
(1024226,1024461)
(1024226,1024471)
(1024226,1024477)
(1024226,1024484)
(1024226,1024491)
(1024229,1024236)
(1024229,1024241)
(1024229,1024247)
(1024229,1024250)
(1024229,1024260)
(1024229,1024267)
(1024229,1024272)
(1024229,1024274)
(1024229,1024286)
(1024229,1024292)
(1024229,1024296)
(1024229,1024300)
(1024229,1024304)
(1024229,1024306)
(1024229,1024312)
(1024229,1024316)
(1024229,1024324)
(1024229,1024328)
(1024229,1024331)
(1024229,1024337)
(1024229,1024343)
(1024229,1024347)
(1024229,1024358)
(1024229,1024362)
(1024229,1024367)
(1024229,1024371)
(1024229,1024378)
(1024229,1024383)
(1024229,1024384)
(1024229,1024393)
(1024229,1024396)
(1024229,1024403)
(1024229,1024413)
(1024229,1024420)
(1024229,1024425)
(1024229,1024432)
(1024229,1024433)
(1024229,1024440)
(1024229,1024442)
(1024229,1024449)
(1024229,1024455)
(1024229,1024461)
(1024229,1024471)
(1024229,1024477)
(1024229,1024484)
(1024229,1024491)
(1024236,1024241)
(1024236,1024247)
(1024236,1024250)
(1024236,1024260)
(1024236,1024267)
(1024236,1024272)
(1024236,1024274)
(1024236,1024286)
(1024236,1024292)
(1024236,1024296)
(1024236,1024300)
(1024236,1024304)
(1024236,1024306)
(1024236,1024312)
(1024236,1024316)
(1024236,1024324)
(1024236,1024328)
(1024236,1024331)
(1024236,1024337)
(1024236,1024343)
(1024236,1024347)
(1024236,1024358)
(1024236,1024362)
(1024236,1024367)
(1024236,1024371)
(1024236,1024378)
(1024236,1024383)
(1024236,1024384)
(1024236,1024393)
(1024236,1024396)
(1024236,1024403)
(1024236,1024413)
(1024236,1024420)
(1024236,1024425)
(1024236,1024432)
(1024236,1024433)
(1024236,1024440)
(1024236,1024442)
(1024236,1024449)
(1024236,1024455)
(1024236,1024461)
(1024236,1024471)
(1024236,1024477)
(1024236,1024484)
(1024236,1024491)
(1024241,1024247)
(1024241,1024250)
(1024241,1024260)
(1024241,1024267)
(1024241,1024272)
(1024241,1024274)
(1024241,1024286)
(1024241,1024292)
(1024241,1024296)
(1024241,1024300)
(1024241,1024304)
(1024241,1024306)
(1024241,1024312)
(1024241,1024316)
(1024241,1024324)
(1024241,1024328)
(1024241,1024331)
(1024241,1024337)
(1024241,1024343)
(1024241,1024347)
(1024241,1024358)
(1024241,1024362)
(1024241,1024367)
(1024241,1024371)
(1024241,1024378)
(1024241,1024383)
(1024241,1024384)
(1024241,1024393)
(1024241,1024396)
(1024241,1024403)
(1024241,1024413)
(1024241,1024420)
(1024241,1024425)
(1024241,1024432)
(1024241,1024433)
(1024241,1024440)
(1024241,1024442)
(1024241,1024449)
(1024241,1024455)
(1024241,1024461)
(1024241,1024471)
(1024241,1024477)
(1024241,1024484)
(1024241,1024491)
(1024247,1024250)
(1024247,1024260)
(1024247,1024267)
(1024247,1024272)
(1024247,1024274)
(1024247,1024286)
(1024247,1024292)
(1024247,1024296)
(1024247,1024300)
(1024247,1024304)
(1024247,1024306)
(1024247,1024312)
(1024247,1024316)
(1024247,1024324)
(1024247,1024328)
(1024247,1024331)
(1024247,1024337)
(1024247,1024343)
(1024247,1024347)
(1024247,1024358)
(1024247,1024362)
(1024247,1024367)
(1024247,1024371)
(1024247,1024378)
(1024247,1024383)
(1024247,1024384)
(1024247,1024393)
(1024247,1024396)
(1024247,1024403)
(1024247,1024413)
(1024247,1024420)
(1024247,1024425)
(1024247,1024432)
(1024247,1024433)
(1024247,1024440)
(1024247,1024442)
(1024247,1024449)
(1024247,1024455)
(1024247,1024461)
(1024247,1024471)
(1024247,1024477)
(1024247,1024484)
(1024247,1024491)
(1024250,1024260)
(1024250,1024267)
(1024250,1024272)
(1024250,1024274)
(1024250,1024286)
(1024250,1024292)
(1024250,1024296)
(1024250,1024300)
(1024250,1024304)
(1024250,1024306)
(1024250,1024312)
(1024250,1024316)
(1024250,1024324)
(1024250,1024328)
(1024250,1024331)
(1024250,1024337)
(1024250,1024343)
(1024250,1024347)
(1024250,1024358)
(1024250,1024362)
(1024250,1024367)
(1024250,1024371)
(1024250,1024378)
(1024250,1024383)
(1024250,1024384)
(1024250,1024393)
(1024250,1024396)
(1024250,1024403)
(1024250,1024413)
(1024250,1024420)
(1024250,1024425)
(1024250,1024432)
(1024250,1024433)
(1024250,1024440)
(1024250,1024442)
(1024250,1024449)
(1024250,1024455)
(1024250,1024461)
(1024250,1024471)
(1024250,1024477)
(1024250,1024484)
(1024250,1024491)
(1024260,1024267)
(1024260,1024272)
(1024260,1024274)
(1024260,1024286)
(1024260,1024292)
(1024260,1024296)
(1024260,1024300)
(1024260,1024304)
(1024260,1024306)
(1024260,1024312)
(1024260,1024316)
(1024260,1024324)
(1024260,1024328)
(1024260,1024331)
(1024260,1024337)
(1024260,1024343)
(1024260,1024347)
(1024260,1024358)
(1024260,1024362)
(1024260,1024367)
(1024260,1024371)
(1024260,1024378)
(1024260,1024383)
(1024260,1024384)
(1024260,1024393)
(1024260,1024396)
(1024260,1024403)
(1024260,1024413)
(1024260,1024420)
(1024260,1024425)
(1024260,1024432)
(1024260,1024433)
(1024260,1024440)
(1024260,1024442)
(1024260,1024449)
(1024260,1024455)
(1024260,1024461)
(1024260,1024471)
(1024260,1024477)
(1024260,1024484)
(1024260,1024491)
(1024267,1024272)
(1024267,1024274)
(1024267,1024286)
(1024267,1024292)
(1024267,1024296)
(1024267,1024300)
(1024267,1024304)
(1024267,1024306)
(1024267,1024312)
(1024267,1024316)
(1024267,1024324)
(1024267,1024328)
(1024267,1024331)
(1024267,1024337)
(1024267,1024343)
(1024267,1024347)
(1024267,1024358)
(1024267,1024362)
(1024267,1024367)
(1024267,1024371)
(1024267,1024378)
(1024267,1024383)
(1024267,1024384)
(1024267,1024393)
(1024267,1024396)
(1024267,1024403)
(1024267,1024413)
(1024267,1024420)
(1024267,1024425)
(1024267,1024432)
(1024267,1024433)
(1024267,1024440)
(1024267,1024442)
(1024267,1024449)
(1024267,1024455)
(1024267,1024461)
(1024267,1024471)
(1024267,1024477)
(1024267,1024484)
(1024267,1024491)
(1024272,1024274)
(1024272,1024286)
(1024272,1024292)
(1024272,1024296)
(1024272,1024300)
(1024272,1024304)
(1024272,1024306)
(1024272,1024312)
(1024272,1024316)
(1024272,1024324)
(1024272,1024328)
(1024272,1024331)
(1024272,1024337)
(1024272,1024343)
(1024272,1024347)
(1024272,1024358)
(1024272,1024362)
(1024272,1024367)
(1024272,1024371)
(1024272,1024378)
(1024272,1024383)
(1024272,1024384)
(1024272,1024393)
(1024272,1024396)
(1024272,1024403)
(1024272,1024413)
(1024272,1024420)
(1024272,1024425)
(1024272,1024432)
(1024272,1024433)
(1024272,1024440)
(1024272,1024442)
(1024272,1024449)
(1024272,1024455)
(1024272,1024461)
(1024272,1024471)
(1024272,1024477)
(1024272,1024484)
(1024272,1024491)
(1024274,1024286)
(1024274,1024292)
(1024274,1024296)
(1024274,1024300)
(1024274,1024304)
(1024274,1024306)
(1024274,1024312)
(1024274,1024316)
(1024274,1024324)
(1024274,1024328)
(1024274,1024331)
(1024274,1024337)
(1024274,1024343)
(1024274,1024347)
(1024274,1024358)
(1024274,1024362)
(1024274,1024367)
(1024274,1024371)
(1024274,1024378)
(1024274,1024383)
(1024274,1024384)
(1024274,1024393)
(1024274,1024396)
(1024274,1024403)
(1024274,1024413)
(1024274,1024420)
(1024274,1024425)
(1024274,1024432)
(1024274,1024433)
(1024274,1024440)
(1024274,1024442)
(1024274,1024449)
(1024274,1024455)
(1024274,1024461)
(1024274,1024471)
(1024274,1024477)
(1024274,1024484)
(1024274,1024491)
(1024286,1024292)
(1024286,1024296)
(1024286,1024300)
(1024286,1024304)
(1024286,1024306)
(1024286,1024312)
(1024286,1024316)
(1024286,1024324)
(1024286,1024328)
(1024286,1024331)
(1024286,1024337)
(1024286,1024343)
(1024286,1024347)
(1024286,1024358)
(1024286,1024362)
(1024286,1024367)
(1024286,1024371)
(1024286,1024378)
(1024286,1024383)
(1024286,1024384)
(1024286,1024393)
(1024286,1024396)
(1024286,1024403)
(1024286,1024413)
(1024286,1024420)
(1024286,1024425)
(1024286,1024432)
(1024286,1024433)
(1024286,1024440)
(1024286,1024442)
(1024286,1024449)
(1024286,1024455)
(1024286,1024461)
(1024286,1024471)
(1024286,1024477)
(1024286,1024484)
(1024286,1024491)
(1024292,1024296)
(1024292,1024300)
(1024292,1024304)
(1024292,1024306)
(1024292,1024312)
(1024292,1024316)
(1024292,1024324)
(1024292,1024328)
(1024292,1024331)
(1024292,1024337)
(1024292,1024343)
(1024292,1024347)
(1024292,1024358)
(1024292,1024362)
(1024292,1024367)
(1024292,1024371)
(1024292,1024378)
(1024292,1024383)
(1024292,1024384)
(1024292,1024393)
(1024292,1024396)
(1024292,1024403)
(1024292,1024413)
(1024292,1024420)
(1024292,1024425)
(1024292,1024432)
(1024292,1024433)
(1024292,1024440)
(1024292,1024442)
(1024292,1024449)
(1024292,1024455)
(1024292,1024461)
(1024292,1024471)
(1024292,1024477)
(1024292,1024484)
(1024292,1024491)
(1024296,1024300)
(1024296,1024304)
(1024296,1024306)
(1024296,1024312)
(1024296,1024316)
(1024296,1024324)
(1024296,1024328)
(1024296,1024331)
(1024296,1024337)
(1024296,1024343)
(1024296,1024347)
(1024296,1024358)
(1024296,1024362)
(1024296,1024367)
(1024296,1024371)
(1024296,1024378)
(1024296,1024383)
(1024296,1024384)
(1024296,1024393)
(1024296,1024396)
(1024296,1024403)
(1024296,1024413)
(1024296,1024420)
(1024296,1024425)
(1024296,1024432)
(1024296,1024433)
(1024296,1024440)
(1024296,1024442)
(1024296,1024449)
(1024296,1024455)
(1024296,1024461)
(1024296,1024471)
(1024296,1024477)
(1024296,1024484)
(1024296,1024491)
(1024300,1024304)
(1024300,1024306)
(1024300,1024312)
(1024300,1024316)
(1024300,1024324)
(1024300,1024328)
(1024300,1024331)
(1024300,1024337)
(1024300,1024343)
(1024300,1024347)
(1024300,1024358)
(1024300,1024362)
(1024300,1024367)
(1024300,1024371)
(1024300,1024378)
(1024300,1024383)
(1024300,1024384)
(1024300,1024393)
(1024300,1024396)
(1024300,1024403)
(1024300,1024413)
(1024300,1024420)
(1024300,1024425)
(1024300,1024432)
(1024300,1024433)
(1024300,1024440)
(1024300,1024442)
(1024300,1024449)
(1024300,1024455)
(1024300,1024461)
(1024300,1024471)
(1024300,1024477)
(1024300,1024484)
(1024300,1024491)
(1024304,1024306)
(1024304,1024312)
(1024304,1024316)
(1024304,1024324)
(1024304,1024328)
(1024304,1024331)
(1024304,1024337)
(1024304,1024343)
(1024304,1024347)
(1024304,1024358)
(1024304,1024362)
(1024304,1024367)
(1024304,1024371)
(1024304,1024378)
(1024304,1024383)
(1024304,1024384)
(1024304,1024393)
(1024304,1024396)
(1024304,1024403)
(1024304,1024413)
(1024304,1024420)
(1024304,1024425)
(1024304,1024432)
(1024304,1024433)
(1024304,1024440)
(1024304,1024442)
(1024304,1024449)
(1024304,1024455)
(1024304,1024461)
(1024304,1024471)
(1024304,1024477)
(1024304,1024484)
(1024304,1024491)
(1024306,1024312)
(1024306,1024316)
(1024306,1024324)
(1024306,1024328)
(1024306,1024331)
(1024306,1024337)
(1024306,1024343)
(1024306,1024347)
(1024306,1024358)
(1024306,1024362)
(1024306,1024367)
(1024306,1024371)
(1024306,1024378)
(1024306,1024383)
(1024306,1024384)
(1024306,1024393)
(1024306,1024396)
(1024306,1024403)
(1024306,1024413)
(1024306,1024420)
(1024306,1024425)
(1024306,1024432)
(1024306,1024433)
(1024306,1024440)
(1024306,1024442)
(1024306,1024449)
(1024306,1024455)
(1024306,1024461)
(1024306,1024471)
(1024306,1024477)
(1024306,1024484)
(1024306,1024491)
(1024312,1024316)
(1024312,1024324)
(1024312,1024328)
(1024312,1024331)
(1024312,1024337)
(1024312,1024343)
(1024312,1024347)
(1024312,1024358)
(1024312,1024362)
(1024312,1024367)
(1024312,1024371)
(1024312,1024378)
(1024312,1024383)
(1024312,1024384)
(1024312,1024393)
(1024312,1024396)
(1024312,1024403)
(1024312,1024413)
(1024312,1024420)
(1024312,1024425)
(1024312,1024432)
(1024312,1024433)
(1024312,1024440)
(1024312,1024442)
(1024312,1024449)
(1024312,1024455)
(1024312,1024461)
(1024312,1024471)
(1024312,1024477)
(1024312,1024484)
(1024312,1024491)
(1024316,1024324)
(1024316,1024328)
(1024316,1024331)
(1024316,1024337)
(1024316,1024343)
(1024316,1024347)
(1024316,1024358)
(1024316,1024362)
(1024316,1024367)
(1024316,1024371)
(1024316,1024378)
(1024316,1024383)
(1024316,1024384)
(1024316,1024393)
(1024316,1024396)
(1024316,1024403)
(1024316,1024413)
(1024316,1024420)
(1024316,1024425)
(1024316,1024432)
(1024316,1024433)
(1024316,1024440)
(1024316,1024442)
(1024316,1024449)
(1024316,1024455)
(1024316,1024461)
(1024316,1024471)
(1024316,1024477)
(1024316,1024484)
(1024316,1024491)
(1024324,1024328)
(1024324,1024331)
(1024324,1024337)
(1024324,1024343)
(1024324,1024347)
(1024324,1024358)
(1024324,1024362)
(1024324,1024367)
(1024324,1024371)
(1024324,1024378)
(1024324,1024383)
(1024324,1024384)
(1024324,1024393)
(1024324,1024396)
(1024324,1024403)
(1024324,1024413)
(1024324,1024420)
(1024324,1024425)
(1024324,1024432)
(1024324,1024433)
(1024324,1024440)
(1024324,1024442)
(1024324,1024449)
(1024324,1024455)
(1024324,1024461)
(1024324,1024471)
(1024324,1024477)
(1024324,1024484)
(1024324,1024491)
(1024328,1024331)
(1024328,1024337)
(1024328,1024343)
(1024328,1024347)
(1024328,1024358)
(1024328,1024362)
(1024328,1024367)
(1024328,1024371)
(1024328,1024378)
(1024328,1024383)
(1024328,1024384)
(1024328,1024393)
(1024328,1024396)
(1024328,1024403)
(1024328,1024413)
(1024328,1024420)
(1024328,1024425)
(1024328,1024432)
(1024328,1024433)
(1024328,1024440)
(1024328,1024442)
(1024328,1024449)
(1024328,1024455)
(1024328,1024461)
(1024328,1024471)
(1024328,1024477)
(1024328,1024484)
(1024328,1024491)
(1024331,1024337)
(1024331,1024343)
(1024331,1024347)
(1024331,1024358)
(1024331,1024362)
(1024331,1024367)
(1024331,1024371)
(1024331,1024378)
(1024331,1024383)
(1024331,1024384)
(1024331,1024393)
(1024331,1024396)
(1024331,1024403)
(1024331,1024413)
(1024331,1024420)
(1024331,1024425)
(1024331,1024432)
(1024331,1024433)
(1024331,1024440)
(1024331,1024442)
(1024331,1024449)
(1024331,1024455)
(1024331,1024461)
(1024331,1024471)
(1024331,1024477)
(1024331,1024484)
(1024331,1024491)
(1024337,1024343)
(1024337,1024347)
(1024337,1024358)
(1024337,1024362)
(1024337,1024367)
(1024337,1024371)
(1024337,1024378)
(1024337,1024383)
(1024337,1024384)
(1024337,1024393)
(1024337,1024396)
(1024337,1024403)
(1024337,1024413)
(1024337,1024420)
(1024337,1024425)
(1024337,1024432)
(1024337,1024433)
(1024337,1024440)
(1024337,1024442)
(1024337,1024449)
(1024337,1024455)
(1024337,1024461)
(1024337,1024471)
(1024337,1024477)
(1024337,1024484)
(1024337,1024491)
(1024343,1024347)
(1024343,1024358)
(1024343,1024362)
(1024343,1024367)
(1024343,1024371)
(1024343,1024378)
(1024343,1024383)
(1024343,1024384)
(1024343,1024393)
(1024343,1024396)
(1024343,1024403)
(1024343,1024413)
(1024343,1024420)
(1024343,1024425)
(1024343,1024432)
(1024343,1024433)
(1024343,1024440)
(1024343,1024442)
(1024343,1024449)
(1024343,1024455)
(1024343,1024461)
(1024343,1024471)
(1024343,1024477)
(1024343,1024484)
(1024343,1024491)
(1024347,1024358)
(1024347,1024362)
(1024347,1024367)
(1024347,1024371)
(1024347,1024378)
(1024347,1024383)
(1024347,1024384)
(1024347,1024393)
(1024347,1024396)
(1024347,1024403)
(1024347,1024413)
(1024347,1024420)
(1024347,1024425)
(1024347,1024432)
(1024347,1024433)
(1024347,1024440)
(1024347,1024442)
(1024347,1024449)
(1024347,1024455)
(1024347,1024461)
(1024347,1024471)
(1024347,1024477)
(1024347,1024484)
(1024347,1024491)
(1024358,1024362)
(1024358,1024367)
(1024358,1024371)
(1024358,1024378)
(1024358,1024383)
(1024358,1024384)
(1024358,1024393)
(1024358,1024396)
(1024358,1024403)
(1024358,1024413)
(1024358,1024420)
(1024358,1024425)
(1024358,1024432)
(1024358,1024433)
(1024358,1024440)
(1024358,1024442)
(1024358,1024449)
(1024358,1024455)
(1024358,1024461)
(1024358,1024471)
(1024358,1024477)
(1024358,1024484)
(1024358,1024491)
(1024362,1024367)
(1024362,1024371)
(1024362,1024378)
(1024362,1024383)
(1024362,1024384)
(1024362,1024393)
(1024362,1024396)
(1024362,1024403)
(1024362,1024413)
(1024362,1024420)
(1024362,1024425)
(1024362,1024432)
(1024362,1024433)
(1024362,1024440)
(1024362,1024442)
(1024362,1024449)
(1024362,1024455)
(1024362,1024461)
(1024362,1024471)
(1024362,1024477)
(1024362,1024484)
(1024362,1024491)
(1024367,1024371)
(1024367,1024378)
(1024367,1024383)
(1024367,1024384)
(1024367,1024393)
(1024367,1024396)
(1024367,1024403)
(1024367,1024413)
(1024367,1024420)
(1024367,1024425)
(1024367,1024432)
(1024367,1024433)
(1024367,1024440)
(1024367,1024442)
(1024367,1024449)
(1024367,1024455)
(1024367,1024461)
(1024367,1024471)
(1024367,1024477)
(1024367,1024484)
(1024367,1024491)
(1024371,1024378)
(1024371,1024383)
(1024371,1024384)
(1024371,1024393)
(1024371,1024396)
(1024371,1024403)
(1024371,1024413)
(1024371,1024420)
(1024371,1024425)
(1024371,1024432)
(1024371,1024433)
(1024371,1024440)
(1024371,1024442)
(1024371,1024449)
(1024371,1024455)
(1024371,1024461)
(1024371,1024471)
(1024371,1024477)
(1024371,1024484)
(1024371,1024491)
(1024378,1024383)
(1024378,1024384)
(1024378,1024393)
(1024378,1024396)
(1024378,1024403)
(1024378,1024413)
(1024378,1024420)
(1024378,1024425)
(1024378,1024432)
(1024378,1024433)
(1024378,1024440)
(1024378,1024442)
(1024378,1024449)
(1024378,1024455)
(1024378,1024461)
(1024378,1024471)
(1024378,1024477)
(1024378,1024484)
(1024378,1024491)
(1024383,1024384)
(1024383,1024393)
(1024383,1024396)
(1024383,1024403)
(1024383,1024413)
(1024383,1024420)
(1024383,1024425)
(1024383,1024432)
(1024383,1024433)
(1024383,1024440)
(1024383,1024442)
(1024383,1024449)
(1024383,1024455)
(1024383,1024461)
(1024383,1024471)
(1024383,1024477)
(1024383,1024484)
(1024383,1024491)
(1024384,1024393)
(1024384,1024396)
(1024384,1024403)
(1024384,1024413)
(1024384,1024420)
(1024384,1024425)
(1024384,1024432)
(1024384,1024433)
(1024384,1024440)
(1024384,1024442)
(1024384,1024449)
(1024384,1024455)
(1024384,1024461)
(1024384,1024471)
(1024384,1024477)
(1024384,1024484)
(1024384,1024491)
(1024393,1024396)
(1024393,1024403)
(1024393,1024413)
(1024393,1024420)
(1024393,1024425)
(1024393,1024432)
(1024393,1024433)
(1024393,1024440)
(1024393,1024442)
(1024393,1024449)
(1024393,1024455)
(1024393,1024461)
(1024393,1024471)
(1024393,1024477)
(1024393,1024484)
(1024393,1024491)
(1024396,1024403)
(1024396,1024413)
(1024396,1024420)
(1024396,1024425)
(1024396,1024432)
(1024396,1024433)
(1024396,1024440)
(1024396,1024442)
(1024396,1024449)
(1024396,1024455)
(1024396,1024461)
(1024396,1024471)
(1024396,1024477)
(1024396,1024484)
(1024396,1024491)
(1024403,1024413)
(1024403,1024420)
(1024403,1024425)
(1024403,1024432)
(1024403,1024433)
(1024403,1024440)
(1024403,1024442)
(1024403,1024449)
(1024403,1024455)
(1024403,1024461)
(1024403,1024471)
(1024403,1024477)
(1024403,1024484)
(1024403,1024491)
(1024413,1024420)
(1024413,1024425)
(1024413,1024432)
(1024413,1024433)
(1024413,1024440)
(1024413,1024442)
(1024413,1024449)
(1024413,1024455)
(1024413,1024461)
(1024413,1024471)
(1024413,1024477)
(1024413,1024484)
(1024413,1024491)
(1024420,1024425)
(1024420,1024432)
(1024420,1024433)
(1024420,1024440)
(1024420,1024442)
(1024420,1024449)
(1024420,1024455)
(1024420,1024461)
(1024420,1024471)
(1024420,1024477)
(1024420,1024484)
(1024420,1024491)
(1024425,1024432)
(1024425,1024433)
(1024425,1024440)
(1024425,1024442)
(1024425,1024449)
(1024425,1024455)
(1024425,1024461)
(1024425,1024471)
(1024425,1024477)
(1024425,1024484)
(1024425,1024491)
(1024432,1024433)
(1024432,1024440)
(1024432,1024442)
(1024432,1024449)
(1024432,1024455)
(1024432,1024461)
(1024432,1024471)
(1024432,1024477)
(1024432,1024484)
(1024432,1024491)
(1024433,1024440)
(1024433,1024442)
(1024433,1024449)
(1024433,1024455)
(1024433,1024461)
(1024433,1024471)
(1024433,1024477)
(1024433,1024484)
(1024433,1024491)
(1024440,1024442)
(1024440,1024449)
(1024440,1024455)
(1024440,1024461)
(1024440,1024471)
(1024440,1024477)
(1024440,1024484)
(1024440,1024491)
(1024442,1024449)
(1024442,1024455)
(1024442,1024461)
(1024442,1024471)
(1024442,1024477)
(1024442,1024484)
(1024442,1024491)
(1024449,1024455)
(1024449,1024461)
(1024449,1024471)
(1024449,1024477)
(1024449,1024484)
(1024449,1024491)
(1024455,1024461)
(1024455,1024471)
(1024455,1024477)
(1024455,1024484)
(1024455,1024491)
(1024461,1024471)
(1024461,1024477)
(1024461,1024484)
(1024461,1024491)
(1024471,1024477)
(1024471,1024484)
(1024471,1024491)
(1024477,1024484)
(1024477,1024491)
(1024484,1024491)
(1023882,1023886)
(1023882,1023888)
(1023882,1023895)
(1023882,1023902)
(1023882,1023907)
(1023882,1023911)
(1023882,1023916)
(1023886,1023888)
(1023886,1023895)
(1023886,1023902)
(1023886,1023907)
(1023886,1023911)
(1023886,1023916)
(1023888,1023895)
(1023888,1023902)
(1023888,1023907)
(1023888,1023911)
(1023888,1023916)
(1023895,1023902)
(1023895,1023907)
(1023895,1023911)
(1023895,1023916)
(1023902,1023907)
(1023902,1023911)
(1023902,1023916)
(1023907,1023911)
(1023907,1023916)
(1023911,1023916)
(1023929,1023933)
(1023935,1023938)
(1023935,1023941)
(1023935,1023944)
(1023935,1023950)
(1023935,1023955)
(1023938,1023941)
(1023938,1023944)
(1023938,1023950)
(1023938,1023955)
(1023941,1023944)
(1023941,1023950)
(1023941,1023955)
(1023944,1023950)
(1023944,1023955)
(1023950,1023955)
(1023956,1023958)
(1023956,1023960)
(1023956,1023963)
(1023956,1023967)
(1023956,1023971)
(1023956,1023976)
(1023956,1023981)
(1023956,1023987)
(1023956,1023993)
(1023956,1023999)
(1023956,1024005)
(1023958,1023960)
(1023958,1023963)
(1023958,1023967)
(1023958,1023971)
(1023958,1023976)
(1023958,1023981)
(1023958,1023987)
(1023958,1023993)
(1023958,1023999)
(1023958,1024005)
(1023960,1023963)
(1023960,1023967)
(1023960,1023971)
(1023960,1023976)
(1023960,1023981)
(1023960,1023987)
(1023960,1023993)
(1023960,1023999)
(1023960,1024005)
(1023963,1023967)
(1023963,1023971)
(1023963,1023976)
(1023963,1023981)
(1023963,1023987)
(1023963,1023993)
(1023963,1023999)
(1023963,1024005)
(1023967,1023971)
(1023967,1023976)
(1023967,1023981)
(1023967,1023987)
(1023967,1023993)
(1023967,1023999)
(1023967,1024005)
(1023971,1023976)
(1023971,1023981)
(1023971,1023987)
(1023971,1023993)
(1023971,1023999)
(1023971,1024005)
(1023976,1023981)
(1023976,1023987)
(1023976,1023993)
(1023976,1023999)
(1023976,1024005)
(1023981,1023987)
(1023981,1023993)
(1023981,1023999)
(1023981,1024005)
(1023987,1023993)
(1023987,1023999)
(1023987,1024005)
(1023993,1023999)
(1023993,1024005)
(1023999,1024005)
(1024011,1024013)
(1024022,1024025)
(1024022,1024028)
(1024022,1024033)
(1024025,1024028)
(1024025,1024033)
(1024028,1024033)
(1024036,1024038)
(1024036,1024043)
(1024036,1024046)
(1024036,1024049)
(1024036,1024052)
(1024036,1024057)
(1024038,1024043)
(1024038,1024046)
(1024038,1024049)
(1024038,1024052)
(1024038,1024057)
(1024043,1024046)
(1024043,1024049)
(1024043,1024052)
(1024043,1024057)
(1024046,1024049)
(1024046,1024052)
(1024046,1024057)
(1024049,1024052)
(1024049,1024057)
(1024052,1024057)
(1024505,1024509)
(1024505,1024514)
(1024509,1024514)
(1024520,1024525)
(1024529,1024535)
(1024529,1024543)
(1024529,1024551)
(1024529,1024558)
(1024529,1024564)
(1024529,1024568)
(1024529,1024574)
(1024529,1024577)
(1024529,1024584)
(1024529,1024589)
(1024529,1024592)
(1024535,1024543)
(1024535,1024551)
(1024535,1024558)
(1024535,1024564)
(1024535,1024568)
(1024535,1024574)
(1024535,1024577)
(1024535,1024584)
(1024535,1024589)
(1024535,1024592)
(1024543,1024551)
(1024543,1024558)
(1024543,1024564)
(1024543,1024568)
(1024543,1024574)
(1024543,1024577)
(1024543,1024584)
(1024543,1024589)
(1024543,1024592)
(1024551,1024558)
(1024551,1024564)
(1024551,1024568)
(1024551,1024574)
(1024551,1024577)
(1024551,1024584)
(1024551,1024589)
(1024551,1024592)
(1024558,1024564)
(1024558,1024568)
(1024558,1024574)
(1024558,1024577)
(1024558,1024584)
(1024558,1024589)
(1024558,1024592)
(1024564,1024568)
(1024564,1024574)
(1024564,1024577)
(1024564,1024584)
(1024564,1024589)
(1024564,1024592)
(1024568,1024574)
(1024568,1024577)
(1024568,1024584)
(1024568,1024589)
(1024568,1024592)
(1024574,1024577)
(1024574,1024584)
(1024574,1024589)
(1024574,1024592)
(1024577,1024584)
(1024577,1024589)
(1024577,1024592)
(1024584,1024589)
(1024584,1024592)
(1024589,1024592)
(1024609,1024617)
(1024609,1024626)
(1024609,1024632)
(1024609,1024637)
(1024609,1024644)
(1024617,1024626)
(1024617,1024632)
(1024617,1024637)
(1024617,1024644)
(1024626,1024632)
(1024626,1024637)
(1024626,1024644)
(1024632,1024637)
(1024632,1024644)
(1024637,1024644)
(1024651,1024660)
(1024651,1024661)
(1024651,1024668)
(1024651,1024674)
(1024651,1024681)
(1024651,1024688)
(1024651,1024694)
(1024651,1024706)
(1024651,1024714)
(1024651,1024719)
(1024651,1024725)
(1024651,1024730)
(1024651,1024736)
(1024660,1024661)
(1024660,1024668)
(1024660,1024674)
(1024660,1024681)
(1024660,1024688)
(1024660,1024694)
(1024660,1024706)
(1024660,1024714)
(1024660,1024719)
(1024660,1024725)
(1024660,1024730)
(1024660,1024736)
(1024661,1024668)
(1024661,1024674)
(1024661,1024681)
(1024661,1024688)
(1024661,1024694)
(1024661,1024706)
(1024661,1024714)
(1024661,1024719)
(1024661,1024725)
(1024661,1024730)
(1024661,1024736)
(1024668,1024674)
(1024668,1024681)
(1024668,1024688)
(1024668,1024694)
(1024668,1024706)
(1024668,1024714)
(1024668,1024719)
(1024668,1024725)
(1024668,1024730)
(1024668,1024736)
(1024674,1024681)
(1024674,1024688)
(1024674,1024694)
(1024674,1024706)
(1024674,1024714)
(1024674,1024719)
(1024674,1024725)
(1024674,1024730)
(1024674,1024736)
(1024681,1024688)
(1024681,1024694)
(1024681,1024706)
(1024681,1024714)
(1024681,1024719)
(1024681,1024725)
(1024681,1024730)
(1024681,1024736)
(1024688,1024694)
(1024688,1024706)
(1024688,1024714)
(1024688,1024719)
(1024688,1024725)
(1024688,1024730)
(1024688,1024736)
(1024694,1024706)
(1024694,1024714)
(1024694,1024719)
(1024694,1024725)
(1024694,1024730)
(1024694,1024736)
(1024706,1024714)
(1024706,1024719)
(1024706,1024725)
(1024706,1024730)
(1024706,1024736)
(1024714,1024719)
(1024714,1024725)
(1024714,1024730)
(1024714,1024736)
(1024719,1024725)
(1024719,1024730)
(1024719,1024736)
(1024725,1024730)
(1024725,1024736)
(1024730,1024736)
(1024765,1024774)
(1024765,1024778)
(1024765,1024786)
(1024765,1024795)
(1024765,1024800)
(1024774,1024778)
(1024774,1024786)
(1024774,1024795)
(1024774,1024800)
(1024778,1024786)
(1024778,1024795)
(1024778,1024800)
(1024786,1024795)
(1024786,1024800)
(1024795,1024800)
(1024803,1024813)
(1024822,1024828)
(1024822,1024830)
(1024822,1024833)
(1024822,1024839)
(1024822,1024844)
(1024828,1024830)
(1024828,1024833)
(1024828,1024839)
(1024828,1024844)
(1024830,1024833)
(1024830,1024839)
(1024830,1024844)
(1024833,1024839)
(1024833,1024844)
(1024839,1024844)
(1024873,1024877)
(1024894,1024898)
(1024926,1024928)
(1024926,1024935)
(1024926,1024939)
(1024926,1024945)
(1024926,1024951)
(1024926,1024957)
(1024926,1024965)
(1024926,1024971)
(1024926,1024979)
(1024926,1024983)
(1024926,1024990)
(1024926,1024998)
(1024926,1025006)
(1024926,1025013)
(1024926,1025020)
(1024928,1024935)
(1024928,1024939)
(1024928,1024945)
(1024928,1024951)
(1024928,1024957)
(1024928,1024965)
(1024928,1024971)
(1024928,1024979)
(1024928,1024983)
(1024928,1024990)
(1024928,1024998)
(1024928,1025006)
(1024928,1025013)
(1024928,1025020)
(1024935,1024939)
(1024935,1024945)
(1024935,1024951)
(1024935,1024957)
(1024935,1024965)
(1024935,1024971)
(1024935,1024979)
(1024935,1024983)
(1024935,1024990)
(1024935,1024998)
(1024935,1025006)
(1024935,1025013)
(1024935,1025020)
(1024939,1024945)
(1024939,1024951)
(1024939,1024957)
(1024939,1024965)
(1024939,1024971)
(1024939,1024979)
(1024939,1024983)
(1024939,1024990)
(1024939,1024998)
(1024939,1025006)
(1024939,1025013)
(1024939,1025020)
(1024945,1024951)
(1024945,1024957)
(1024945,1024965)
(1024945,1024971)
(1024945,1024979)
(1024945,1024983)
(1024945,1024990)
(1024945,1024998)
(1024945,1025006)
(1024945,1025013)
(1024945,1025020)
(1024951,1024957)
(1024951,1024965)
(1024951,1024971)
(1024951,1024979)
(1024951,1024983)
(1024951,1024990)
(1024951,1024998)
(1024951,1025006)
(1024951,1025013)
(1024951,1025020)
(1024957,1024965)
(1024957,1024971)
(1024957,1024979)
(1024957,1024983)
(1024957,1024990)
(1024957,1024998)
(1024957,1025006)
(1024957,1025013)
(1024957,1025020)
(1024965,1024971)
(1024965,1024979)
(1024965,1024983)
(1024965,1024990)
(1024965,1024998)
(1024965,1025006)
(1024965,1025013)
(1024965,1025020)
(1024971,1024979)
(1024971,1024983)
(1024971,1024990)
(1024971,1024998)
(1024971,1025006)
(1024971,1025013)
(1024971,1025020)
(1024979,1024983)
(1024979,1024990)
(1024979,1024998)
(1024979,1025006)
(1024979,1025013)
(1024979,1025020)
(1024983,1024990)
(1024983,1024998)
(1024983,1025006)
(1024983,1025013)
(1024983,1025020)
(1024990,1024998)
(1024990,1025006)
(1024990,1025013)
(1024990,1025020)
(1024998,1025006)
(1024998,1025013)
(1024998,1025020)
(1025006,1025013)
(1025006,1025020)
(1025013,1025020)
(1025035,1025036)
(1025039,1025051)
(1025039,1025058)
(1025051,1025058)
(1025063,1025070)
(1025063,1025080)
(1025063,1025091)
(1025070,1025080)
(1025070,1025091)
(1025080,1025091)
(1025097,1025103)
(1025105,1025111)
(1025105,1025114)
(1025105,1025121)
(1025105,1025126)
(1025111,1025114)
(1025111,1025121)
(1025111,1025126)
(1025114,1025121)
(1025114,1025126)
(1025121,1025126)
(1025137,1025138)
(1025137,1025150)
(1025137,1025156)
(1025137,1025160)
(1025137,1025167)
(1025137,1025174)
(1025137,1025176)
(1025137,1025186)
(1025137,1025195)
(1025137,1025196)
(1025137,1025211)
(1025137,1025217)
(1025137,1025224)
(1025138,1025150)
(1025138,1025156)
(1025138,1025160)
(1025138,1025167)
(1025138,1025174)
(1025138,1025176)
(1025138,1025186)
(1025138,1025195)
(1025138,1025196)
(1025138,1025211)
(1025138,1025217)
(1025138,1025224)
(1025150,1025156)
(1025150,1025160)
(1025150,1025167)
(1025150,1025174)
(1025150,1025176)
(1025150,1025186)
(1025150,1025195)
(1025150,1025196)
(1025150,1025211)
(1025150,1025217)
(1025150,1025224)
(1025156,1025160)
(1025156,1025167)
(1025156,1025174)
(1025156,1025176)
(1025156,1025186)
(1025156,1025195)
(1025156,1025196)
(1025156,1025211)
(1025156,1025217)
(1025156,1025224)
(1025160,1025167)
(1025160,1025174)
(1025160,1025176)
(1025160,1025186)
(1025160,1025195)
(1025160,1025196)
(1025160,1025211)
(1025160,1025217)
(1025160,1025224)
(1025167,1025174)
(1025167,1025176)
(1025167,1025186)
(1025167,1025195)
(1025167,1025196)
(1025167,1025211)
(1025167,1025217)
(1025167,1025224)
(1025174,1025176)
(1025174,1025186)
(1025174,1025195)
(1025174,1025196)
(1025174,1025211)
(1025174,1025217)
(1025174,1025224)
(1025176,1025186)
(1025176,1025195)
(1025176,1025196)
(1025176,1025211)
(1025176,1025217)
(1025176,1025224)
(1025186,1025195)
(1025186,1025196)
(1025186,1025211)
(1025186,1025217)
(1025186,1025224)
(1025195,1025196)
(1025195,1025211)
(1025195,1025217)
(1025195,1025224)
(1025196,1025211)
(1025196,1025217)
(1025196,1025224)
(1025211,1025217)
(1025211,1025224)
(1025217,1025224)
(1025232,1025237)
(1025232,1025241)
(1025232,1025242)
(1025232,1025247)
(1025232,1025253)
(1025232,1025266)
(1025232,1025270)
(1025232,1025282)
(1025232,1025293)
(1025232,1025300)
(1025232,1025308)
(1025232,1025309)
(1025232,1025323)
(1025232,1025327)
(1025232,1025338)
(1025232,1025346)
(1025232,1025350)
(1025232,1025353)
(1025232,1025364)
(1025232,1025367)
(1025232,1025376)
(1025232,1025384)
(1025232,1025391)
(1025232,1025393)
(1025232,1025396)
(1025232,1025401)
(1025232,1025404)
(1025232,1025408)
(1025232,1025410)
(1025237,1025241)
(1025237,1025242)
(1025237,1025247)
(1025237,1025253)
(1025237,1025266)
(1025237,1025270)
(1025237,1025282)
(1025237,1025293)
(1025237,1025300)
(1025237,1025308)
(1025237,1025309)
(1025237,1025323)
(1025237,1025327)
(1025237,1025338)
(1025237,1025346)
(1025237,1025350)
(1025237,1025353)
(1025237,1025364)
(1025237,1025367)
(1025237,1025376)
(1025237,1025384)
(1025237,1025391)
(1025237,1025393)
(1025237,1025396)
(1025237,1025401)
(1025237,1025404)
(1025237,1025408)
(1025237,1025410)
(1025241,1025242)
(1025241,1025247)
(1025241,1025253)
(1025241,1025266)
(1025241,1025270)
(1025241,1025282)
(1025241,1025293)
(1025241,1025300)
(1025241,1025308)
(1025241,1025309)
(1025241,1025323)
(1025241,1025327)
(1025241,1025338)
(1025241,1025346)
(1025241,1025350)
(1025241,1025353)
(1025241,1025364)
(1025241,1025367)
(1025241,1025376)
(1025241,1025384)
(1025241,1025391)
(1025241,1025393)
(1025241,1025396)
(1025241,1025401)
(1025241,1025404)
(1025241,1025408)
(1025241,1025410)
(1025242,1025247)
(1025242,1025253)
(1025242,1025266)
(1025242,1025270)
(1025242,1025282)
(1025242,1025293)
(1025242,1025300)
(1025242,1025308)
(1025242,1025309)
(1025242,1025323)
(1025242,1025327)
(1025242,1025338)
(1025242,1025346)
(1025242,1025350)
(1025242,1025353)
(1025242,1025364)
(1025242,1025367)
(1025242,1025376)
(1025242,1025384)
(1025242,1025391)
(1025242,1025393)
(1025242,1025396)
(1025242,1025401)
(1025242,1025404)
(1025242,1025408)
(1025242,1025410)
(1025247,1025253)
(1025247,1025266)
(1025247,1025270)
(1025247,1025282)
(1025247,1025293)
(1025247,1025300)
(1025247,1025308)
(1025247,1025309)
(1025247,1025323)
(1025247,1025327)
(1025247,1025338)
(1025247,1025346)
(1025247,1025350)
(1025247,1025353)
(1025247,1025364)
(1025247,1025367)
(1025247,1025376)
(1025247,1025384)
(1025247,1025391)
(1025247,1025393)
(1025247,1025396)
(1025247,1025401)
(1025247,1025404)
(1025247,1025408)
(1025247,1025410)
(1025253,1025266)
(1025253,1025270)
(1025253,1025282)
(1025253,1025293)
(1025253,1025300)
(1025253,1025308)
(1025253,1025309)
(1025253,1025323)
(1025253,1025327)
(1025253,1025338)
(1025253,1025346)
(1025253,1025350)
(1025253,1025353)
(1025253,1025364)
(1025253,1025367)
(1025253,1025376)
(1025253,1025384)
(1025253,1025391)
(1025253,1025393)
(1025253,1025396)
(1025253,1025401)
(1025253,1025404)
(1025253,1025408)
(1025253,1025410)
(1025266,1025270)
(1025266,1025282)
(1025266,1025293)
(1025266,1025300)
(1025266,1025308)
(1025266,1025309)
(1025266,1025323)
(1025266,1025327)
(1025266,1025338)
(1025266,1025346)
(1025266,1025350)
(1025266,1025353)
(1025266,1025364)
(1025266,1025367)
(1025266,1025376)
(1025266,1025384)
(1025266,1025391)
(1025266,1025393)
(1025266,1025396)
(1025266,1025401)
(1025266,1025404)
(1025266,1025408)
(1025266,1025410)
(1025270,1025282)
(1025270,1025293)
(1025270,1025300)
(1025270,1025308)
(1025270,1025309)
(1025270,1025323)
(1025270,1025327)
(1025270,1025338)
(1025270,1025346)
(1025270,1025350)
(1025270,1025353)
(1025270,1025364)
(1025270,1025367)
(1025270,1025376)
(1025270,1025384)
(1025270,1025391)
(1025270,1025393)
(1025270,1025396)
(1025270,1025401)
(1025270,1025404)
(1025270,1025408)
(1025270,1025410)
(1025282,1025293)
(1025282,1025300)
(1025282,1025308)
(1025282,1025309)
(1025282,1025323)
(1025282,1025327)
(1025282,1025338)
(1025282,1025346)
(1025282,1025350)
(1025282,1025353)
(1025282,1025364)
(1025282,1025367)
(1025282,1025376)
(1025282,1025384)
(1025282,1025391)
(1025282,1025393)
(1025282,1025396)
(1025282,1025401)
(1025282,1025404)
(1025282,1025408)
(1025282,1025410)
(1025293,1025300)
(1025293,1025308)
(1025293,1025309)
(1025293,1025323)
(1025293,1025327)
(1025293,1025338)
(1025293,1025346)
(1025293,1025350)
(1025293,1025353)
(1025293,1025364)
(1025293,1025367)
(1025293,1025376)
(1025293,1025384)
(1025293,1025391)
(1025293,1025393)
(1025293,1025396)
(1025293,1025401)
(1025293,1025404)
(1025293,1025408)
(1025293,1025410)
(1025300,1025308)
(1025300,1025309)
(1025300,1025323)
(1025300,1025327)
(1025300,1025338)
(1025300,1025346)
(1025300,1025350)
(1025300,1025353)
(1025300,1025364)
(1025300,1025367)
(1025300,1025376)
(1025300,1025384)
(1025300,1025391)
(1025300,1025393)
(1025300,1025396)
(1025300,1025401)
(1025300,1025404)
(1025300,1025408)
(1025300,1025410)
(1025308,1025309)
(1025308,1025323)
(1025308,1025327)
(1025308,1025338)
(1025308,1025346)
(1025308,1025350)
(1025308,1025353)
(1025308,1025364)
(1025308,1025367)
(1025308,1025376)
(1025308,1025384)
(1025308,1025391)
(1025308,1025393)
(1025308,1025396)
(1025308,1025401)
(1025308,1025404)
(1025308,1025408)
(1025308,1025410)
(1025309,1025323)
(1025309,1025327)
(1025309,1025338)
(1025309,1025346)
(1025309,1025350)
(1025309,1025353)
(1025309,1025364)
(1025309,1025367)
(1025309,1025376)
(1025309,1025384)
(1025309,1025391)
(1025309,1025393)
(1025309,1025396)
(1025309,1025401)
(1025309,1025404)
(1025309,1025408)
(1025309,1025410)
(1025323,1025327)
(1025323,1025338)
(1025323,1025346)
(1025323,1025350)
(1025323,1025353)
(1025323,1025364)
(1025323,1025367)
(1025323,1025376)
(1025323,1025384)
(1025323,1025391)
(1025323,1025393)
(1025323,1025396)
(1025323,1025401)
(1025323,1025404)
(1025323,1025408)
(1025323,1025410)
(1025327,1025338)
(1025327,1025346)
(1025327,1025350)
(1025327,1025353)
(1025327,1025364)
(1025327,1025367)
(1025327,1025376)
(1025327,1025384)
(1025327,1025391)
(1025327,1025393)
(1025327,1025396)
(1025327,1025401)
(1025327,1025404)
(1025327,1025408)
(1025327,1025410)
(1025338,1025346)
(1025338,1025350)
(1025338,1025353)
(1025338,1025364)
(1025338,1025367)
(1025338,1025376)
(1025338,1025384)
(1025338,1025391)
(1025338,1025393)
(1025338,1025396)
(1025338,1025401)
(1025338,1025404)
(1025338,1025408)
(1025338,1025410)
(1025346,1025350)
(1025346,1025353)
(1025346,1025364)
(1025346,1025367)
(1025346,1025376)
(1025346,1025384)
(1025346,1025391)
(1025346,1025393)
(1025346,1025396)
(1025346,1025401)
(1025346,1025404)
(1025346,1025408)
(1025346,1025410)
(1025350,1025353)
(1025350,1025364)
(1025350,1025367)
(1025350,1025376)
(1025350,1025384)
(1025350,1025391)
(1025350,1025393)
(1025350,1025396)
(1025350,1025401)
(1025350,1025404)
(1025350,1025408)
(1025350,1025410)
(1025353,1025364)
(1025353,1025367)
(1025353,1025376)
(1025353,1025384)
(1025353,1025391)
(1025353,1025393)
(1025353,1025396)
(1025353,1025401)
(1025353,1025404)
(1025353,1025408)
(1025353,1025410)
(1025364,1025367)
(1025364,1025376)
(1025364,1025384)
(1025364,1025391)
(1025364,1025393)
(1025364,1025396)
(1025364,1025401)
(1025364,1025404)
(1025364,1025408)
(1025364,1025410)
(1025367,1025376)
(1025367,1025384)
(1025367,1025391)
(1025367,1025393)
(1025367,1025396)
(1025367,1025401)
(1025367,1025404)
(1025367,1025408)
(1025367,1025410)
(1025376,1025384)
(1025376,1025391)
(1025376,1025393)
(1025376,1025396)
(1025376,1025401)
(1025376,1025404)
(1025376,1025408)
(1025376,1025410)
(1025384,1025391)
(1025384,1025393)
(1025384,1025396)
(1025384,1025401)
(1025384,1025404)
(1025384,1025408)
(1025384,1025410)
(1025391,1025393)
(1025391,1025396)
(1025391,1025401)
(1025391,1025404)
(1025391,1025408)
(1025391,1025410)
(1025393,1025396)
(1025393,1025401)
(1025393,1025404)
(1025393,1025408)
(1025393,1025410)
(1025396,1025401)
(1025396,1025404)
(1025396,1025408)
(1025396,1025410)
(1025401,1025404)
(1025401,1025408)
(1025401,1025410)
(1025404,1025408)
(1025404,1025410)
(1025408,1025410)
(1025414,1025418)
(1025414,1025424)
(1025414,1025431)
(1025414,1025437)
(1025418,1025424)
(1025418,1025431)
(1025418,1025437)
(1025424,1025431)
(1025424,1025437)
(1025431,1025437)
(1025450,1025454)
(1025450,1025460)
(1025450,1025468)
(1025450,1025473)
(1025450,1025475)
(1025454,1025460)
(1025454,1025468)
(1025454,1025473)
(1025454,1025475)
(1025460,1025468)
(1025460,1025473)
(1025460,1025475)
(1025468,1025473)
(1025468,1025475)
(1025473,1025475)
(1025492,1025495)
(1025502,1025508)
(1025502,1025522)
(1025508,1025522)
(1025525,1025532)
(1025525,1025537)
(1025532,1025537)
(1025548,1025550)
(1025548,1025552)
(1025548,1025554)
(1025550,1025552)
(1025550,1025554)
(1025552,1025554)
(1025574,1025583)
(1025592,1025597)
(1025614,1025627)
(1025630,1025643)
(1025630,1025647)
(1025630,1025649)
(1025630,1025651)
(1025643,1025647)
(1025643,1025649)
(1025643,1025651)
(1025647,1025649)
(1025647,1025651)
(1025649,1025651)
(1025725,1025731)
(1025737,1025742)
(1025754,1025760)
(1025774,1025785)
(1025774,1025793)
(1025785,1025793)
