(769911,1083134)
(391452,1082019)
(391452,1082032)
(391452,1082036)
(391452,1082043)
(391452,1082048)
(391452,1082055)
(391452,1082064)
(391452,1082074)
(1082019,1082032)
(1082019,1082036)
(1082019,1082043)
(1082019,1082048)
(1082019,1082055)
(1082019,1082064)
(1082019,1082074)
(1082032,1082036)
(1082032,1082043)
(1082032,1082048)
(1082032,1082055)
(1082032,1082064)
(1082032,1082074)
(1082036,1082043)
(1082036,1082048)
(1082036,1082055)
(1082036,1082064)
(1082036,1082074)
(1082043,1082048)
(1082043,1082055)
(1082043,1082064)
(1082043,1082074)
(1082048,1082055)
(1082048,1082064)
(1082048,1082074)
(1082055,1082064)
(1082055,1082074)
(1082064,1082074)
(1082077,1082078)
(1082077,1082079)
(1082077,1082084)
(1082077,1082089)
(1082077,1082090)
(1082077,1082105)
(1082077,1082120)
(1082077,1082122)
(1082077,1082138)
(1082077,1082161)
(1082077,1082170)
(1082077,1082198)
(1082077,1082199)
(1082077,1082202)
(1082077,1082204)
(1082077,1082239)
(1082077,1082257)
(1082077,1082278)
(1082077,1082297)
(1082077,1082318)
(1082077,1082328)
(1082077,1082330)
(1082077,1082331)
(1082077,1082342)
(1082077,1082363)
(1082077,1082379)
(1082077,1082392)
(1082077,1082402)
(1082077,1082414)
(1082077,1082426)
(1082077,1082432)
(1082077,1082433)
(1082077,1082441)
(1082077,1082459)
(1082077,1082473)
(1082077,1082475)
(1082077,1082483)
(1082077,1082498)
(1082077,1082502)
(1082077,1082515)
(1082077,1082538)
(1082077,1082550)
(1082077,1082551)
(1082077,1082578)
(1082077,1082603)
(1082077,1082620)
(1082077,1082653)
(1082078,1082079)
(1082078,1082084)
(1082078,1082089)
(1082078,1082090)
(1082078,1082105)
(1082078,1082120)
(1082078,1082122)
(1082078,1082138)
(1082078,1082161)
(1082078,1082170)
(1082078,1082198)
(1082078,1082199)
(1082078,1082202)
(1082078,1082204)
(1082078,1082239)
(1082078,1082257)
(1082078,1082278)
(1082078,1082297)
(1082078,1082318)
(1082078,1082328)
(1082078,1082330)
(1082078,1082331)
(1082078,1082342)
(1082078,1082363)
(1082078,1082379)
(1082078,1082392)
(1082078,1082402)
(1082078,1082414)
(1082078,1082426)
(1082078,1082432)
(1082078,1082433)
(1082078,1082441)
(1082078,1082459)
(1082078,1082473)
(1082078,1082475)
(1082078,1082483)
(1082078,1082498)
(1082078,1082502)
(1082078,1082515)
(1082078,1082538)
(1082078,1082550)
(1082078,1082551)
(1082078,1082578)
(1082078,1082603)
(1082078,1082620)
(1082078,1082653)
(1082079,1082084)
(1082079,1082089)
(1082079,1082090)
(1082079,1082105)
(1082079,1082120)
(1082079,1082122)
(1082079,1082138)
(1082079,1082161)
(1082079,1082170)
(1082079,1082198)
(1082079,1082199)
(1082079,1082202)
(1082079,1082204)
(1082079,1082239)
(1082079,1082257)
(1082079,1082278)
(1082079,1082297)
(1082079,1082318)
(1082079,1082328)
(1082079,1082330)
(1082079,1082331)
(1082079,1082342)
(1082079,1082363)
(1082079,1082379)
(1082079,1082392)
(1082079,1082402)
(1082079,1082414)
(1082079,1082426)
(1082079,1082432)
(1082079,1082433)
(1082079,1082441)
(1082079,1082459)
(1082079,1082473)
(1082079,1082475)
(1082079,1082483)
(1082079,1082498)
(1082079,1082502)
(1082079,1082515)
(1082079,1082538)
(1082079,1082550)
(1082079,1082551)
(1082079,1082578)
(1082079,1082603)
(1082079,1082620)
(1082079,1082653)
(1082084,1082089)
(1082084,1082090)
(1082084,1082105)
(1082084,1082120)
(1082084,1082122)
(1082084,1082138)
(1082084,1082161)
(1082084,1082170)
(1082084,1082198)
(1082084,1082199)
(1082084,1082202)
(1082084,1082204)
(1082084,1082239)
(1082084,1082257)
(1082084,1082278)
(1082084,1082297)
(1082084,1082318)
(1082084,1082328)
(1082084,1082330)
(1082084,1082331)
(1082084,1082342)
(1082084,1082363)
(1082084,1082379)
(1082084,1082392)
(1082084,1082402)
(1082084,1082414)
(1082084,1082426)
(1082084,1082432)
(1082084,1082433)
(1082084,1082441)
(1082084,1082459)
(1082084,1082473)
(1082084,1082475)
(1082084,1082483)
(1082084,1082498)
(1082084,1082502)
(1082084,1082515)
(1082084,1082538)
(1082084,1082550)
(1082084,1082551)
(1082084,1082578)
(1082084,1082603)
(1082084,1082620)
(1082084,1082653)
(1082089,1082090)
(1082089,1082105)
(1082089,1082120)
(1082089,1082122)
(1082089,1082138)
(1082089,1082161)
(1082089,1082170)
(1082089,1082198)
(1082089,1082199)
(1082089,1082202)
(1082089,1082204)
(1082089,1082239)
(1082089,1082257)
(1082089,1082278)
(1082089,1082297)
(1082089,1082318)
(1082089,1082328)
(1082089,1082330)
(1082089,1082331)
(1082089,1082342)
(1082089,1082363)
(1082089,1082379)
(1082089,1082392)
(1082089,1082402)
(1082089,1082414)
(1082089,1082426)
(1082089,1082432)
(1082089,1082433)
(1082089,1082441)
(1082089,1082459)
(1082089,1082473)
(1082089,1082475)
(1082089,1082483)
(1082089,1082498)
(1082089,1082502)
(1082089,1082515)
(1082089,1082538)
(1082089,1082550)
(1082089,1082551)
(1082089,1082578)
(1082089,1082603)
(1082089,1082620)
(1082089,1082653)
(1082090,1082105)
(1082090,1082120)
(1082090,1082122)
(1082090,1082138)
(1082090,1082161)
(1082090,1082170)
(1082090,1082198)
(1082090,1082199)
(1082090,1082202)
(1082090,1082204)
(1082090,1082239)
(1082090,1082257)
(1082090,1082278)
(1082090,1082297)
(1082090,1082318)
(1082090,1082328)
(1082090,1082330)
(1082090,1082331)
(1082090,1082342)
(1082090,1082363)
(1082090,1082379)
(1082090,1082392)
(1082090,1082402)
(1082090,1082414)
(1082090,1082426)
(1082090,1082432)
(1082090,1082433)
(1082090,1082441)
(1082090,1082459)
(1082090,1082473)
(1082090,1082475)
(1082090,1082483)
(1082090,1082498)
(1082090,1082502)
(1082090,1082515)
(1082090,1082538)
(1082090,1082550)
(1082090,1082551)
(1082090,1082578)
(1082090,1082603)
(1082090,1082620)
(1082090,1082653)
(1082105,1082120)
(1082105,1082122)
(1082105,1082138)
(1082105,1082161)
(1082105,1082170)
(1082105,1082198)
(1082105,1082199)
(1082105,1082202)
(1082105,1082204)
(1082105,1082239)
(1082105,1082257)
(1082105,1082278)
(1082105,1082297)
(1082105,1082318)
(1082105,1082328)
(1082105,1082330)
(1082105,1082331)
(1082105,1082342)
(1082105,1082363)
(1082105,1082379)
(1082105,1082392)
(1082105,1082402)
(1082105,1082414)
(1082105,1082426)
(1082105,1082432)
(1082105,1082433)
(1082105,1082441)
(1082105,1082459)
(1082105,1082473)
(1082105,1082475)
(1082105,1082483)
(1082105,1082498)
(1082105,1082502)
(1082105,1082515)
(1082105,1082538)
(1082105,1082550)
(1082105,1082551)
(1082105,1082578)
(1082105,1082603)
(1082105,1082620)
(1082105,1082653)
(1082120,1082122)
(1082120,1082138)
(1082120,1082161)
(1082120,1082170)
(1082120,1082198)
(1082120,1082199)
(1082120,1082202)
(1082120,1082204)
(1082120,1082239)
(1082120,1082257)
(1082120,1082278)
(1082120,1082297)
(1082120,1082318)
(1082120,1082328)
(1082120,1082330)
(1082120,1082331)
(1082120,1082342)
(1082120,1082363)
(1082120,1082379)
(1082120,1082392)
(1082120,1082402)
(1082120,1082414)
(1082120,1082426)
(1082120,1082432)
(1082120,1082433)
(1082120,1082441)
(1082120,1082459)
(1082120,1082473)
(1082120,1082475)
(1082120,1082483)
(1082120,1082498)
(1082120,1082502)
(1082120,1082515)
(1082120,1082538)
(1082120,1082550)
(1082120,1082551)
(1082120,1082578)
(1082120,1082603)
(1082120,1082620)
(1082120,1082653)
(1082122,1082138)
(1082122,1082161)
(1082122,1082170)
(1082122,1082198)
(1082122,1082199)
(1082122,1082202)
(1082122,1082204)
(1082122,1082239)
(1082122,1082257)
(1082122,1082278)
(1082122,1082297)
(1082122,1082318)
(1082122,1082328)
(1082122,1082330)
(1082122,1082331)
(1082122,1082342)
(1082122,1082363)
(1082122,1082379)
(1082122,1082392)
(1082122,1082402)
(1082122,1082414)
(1082122,1082426)
(1082122,1082432)
(1082122,1082433)
(1082122,1082441)
(1082122,1082459)
(1082122,1082473)
(1082122,1082475)
(1082122,1082483)
(1082122,1082498)
(1082122,1082502)
(1082122,1082515)
(1082122,1082538)
(1082122,1082550)
(1082122,1082551)
(1082122,1082578)
(1082122,1082603)
(1082122,1082620)
(1082122,1082653)
(1082138,1082161)
(1082138,1082170)
(1082138,1082198)
(1082138,1082199)
(1082138,1082202)
(1082138,1082204)
(1082138,1082239)
(1082138,1082257)
(1082138,1082278)
(1082138,1082297)
(1082138,1082318)
(1082138,1082328)
(1082138,1082330)
(1082138,1082331)
(1082138,1082342)
(1082138,1082363)
(1082138,1082379)
(1082138,1082392)
(1082138,1082402)
(1082138,1082414)
(1082138,1082426)
(1082138,1082432)
(1082138,1082433)
(1082138,1082441)
(1082138,1082459)
(1082138,1082473)
(1082138,1082475)
(1082138,1082483)
(1082138,1082498)
(1082138,1082502)
(1082138,1082515)
(1082138,1082538)
(1082138,1082550)
(1082138,1082551)
(1082138,1082578)
(1082138,1082603)
(1082138,1082620)
(1082138,1082653)
(1082161,1082170)
(1082161,1082198)
(1082161,1082199)
(1082161,1082202)
(1082161,1082204)
(1082161,1082239)
(1082161,1082257)
(1082161,1082278)
(1082161,1082297)
(1082161,1082318)
(1082161,1082328)
(1082161,1082330)
(1082161,1082331)
(1082161,1082342)
(1082161,1082363)
(1082161,1082379)
(1082161,1082392)
(1082161,1082402)
(1082161,1082414)
(1082161,1082426)
(1082161,1082432)
(1082161,1082433)
(1082161,1082441)
(1082161,1082459)
(1082161,1082473)
(1082161,1082475)
(1082161,1082483)
(1082161,1082498)
(1082161,1082502)
(1082161,1082515)
(1082161,1082538)
(1082161,1082550)
(1082161,1082551)
(1082161,1082578)
(1082161,1082603)
(1082161,1082620)
(1082161,1082653)
(1082170,1082198)
(1082170,1082199)
(1082170,1082202)
(1082170,1082204)
(1082170,1082239)
(1082170,1082257)
(1082170,1082278)
(1082170,1082297)
(1082170,1082318)
(1082170,1082328)
(1082170,1082330)
(1082170,1082331)
(1082170,1082342)
(1082170,1082363)
(1082170,1082379)
(1082170,1082392)
(1082170,1082402)
(1082170,1082414)
(1082170,1082426)
(1082170,1082432)
(1082170,1082433)
(1082170,1082441)
(1082170,1082459)
(1082170,1082473)
(1082170,1082475)
(1082170,1082483)
(1082170,1082498)
(1082170,1082502)
(1082170,1082515)
(1082170,1082538)
(1082170,1082550)
(1082170,1082551)
(1082170,1082578)
(1082170,1082603)
(1082170,1082620)
(1082170,1082653)
(1082198,1082199)
(1082198,1082202)
(1082198,1082204)
(1082198,1082239)
(1082198,1082257)
(1082198,1082278)
(1082198,1082297)
(1082198,1082318)
(1082198,1082328)
(1082198,1082330)
(1082198,1082331)
(1082198,1082342)
(1082198,1082363)
(1082198,1082379)
(1082198,1082392)
(1082198,1082402)
(1082198,1082414)
(1082198,1082426)
(1082198,1082432)
(1082198,1082433)
(1082198,1082441)
(1082198,1082459)
(1082198,1082473)
(1082198,1082475)
(1082198,1082483)
(1082198,1082498)
(1082198,1082502)
(1082198,1082515)
(1082198,1082538)
(1082198,1082550)
(1082198,1082551)
(1082198,1082578)
(1082198,1082603)
(1082198,1082620)
(1082198,1082653)
(1082199,1082202)
(1082199,1082204)
(1082199,1082239)
(1082199,1082257)
(1082199,1082278)
(1082199,1082297)
(1082199,1082318)
(1082199,1082328)
(1082199,1082330)
(1082199,1082331)
(1082199,1082342)
(1082199,1082363)
(1082199,1082379)
(1082199,1082392)
(1082199,1082402)
(1082199,1082414)
(1082199,1082426)
(1082199,1082432)
(1082199,1082433)
(1082199,1082441)
(1082199,1082459)
(1082199,1082473)
(1082199,1082475)
(1082199,1082483)
(1082199,1082498)
(1082199,1082502)
(1082199,1082515)
(1082199,1082538)
(1082199,1082550)
(1082199,1082551)
(1082199,1082578)
(1082199,1082603)
(1082199,1082620)
(1082199,1082653)
(1082202,1082204)
(1082202,1082239)
(1082202,1082257)
(1082202,1082278)
(1082202,1082297)
(1082202,1082318)
(1082202,1082328)
(1082202,1082330)
(1082202,1082331)
(1082202,1082342)
(1082202,1082363)
(1082202,1082379)
(1082202,1082392)
(1082202,1082402)
(1082202,1082414)
(1082202,1082426)
(1082202,1082432)
(1082202,1082433)
(1082202,1082441)
(1082202,1082459)
(1082202,1082473)
(1082202,1082475)
(1082202,1082483)
(1082202,1082498)
(1082202,1082502)
(1082202,1082515)
(1082202,1082538)
(1082202,1082550)
(1082202,1082551)
(1082202,1082578)
(1082202,1082603)
(1082202,1082620)
(1082202,1082653)
(1082204,1082239)
(1082204,1082257)
(1082204,1082278)
(1082204,1082297)
(1082204,1082318)
(1082204,1082328)
(1082204,1082330)
(1082204,1082331)
(1082204,1082342)
(1082204,1082363)
(1082204,1082379)
(1082204,1082392)
(1082204,1082402)
(1082204,1082414)
(1082204,1082426)
(1082204,1082432)
(1082204,1082433)
(1082204,1082441)
(1082204,1082459)
(1082204,1082473)
(1082204,1082475)
(1082204,1082483)
(1082204,1082498)
(1082204,1082502)
(1082204,1082515)
(1082204,1082538)
(1082204,1082550)
(1082204,1082551)
(1082204,1082578)
(1082204,1082603)
(1082204,1082620)
(1082204,1082653)
(1082239,1082257)
(1082239,1082278)
(1082239,1082297)
(1082239,1082318)
(1082239,1082328)
(1082239,1082330)
(1082239,1082331)
(1082239,1082342)
(1082239,1082363)
(1082239,1082379)
(1082239,1082392)
(1082239,1082402)
(1082239,1082414)
(1082239,1082426)
(1082239,1082432)
(1082239,1082433)
(1082239,1082441)
(1082239,1082459)
(1082239,1082473)
(1082239,1082475)
(1082239,1082483)
(1082239,1082498)
(1082239,1082502)
(1082239,1082515)
(1082239,1082538)
(1082239,1082550)
(1082239,1082551)
(1082239,1082578)
(1082239,1082603)
(1082239,1082620)
(1082239,1082653)
(1082257,1082278)
(1082257,1082297)
(1082257,1082318)
(1082257,1082328)
(1082257,1082330)
(1082257,1082331)
(1082257,1082342)
(1082257,1082363)
(1082257,1082379)
(1082257,1082392)
(1082257,1082402)
(1082257,1082414)
(1082257,1082426)
(1082257,1082432)
(1082257,1082433)
(1082257,1082441)
(1082257,1082459)
(1082257,1082473)
(1082257,1082475)
(1082257,1082483)
(1082257,1082498)
(1082257,1082502)
(1082257,1082515)
(1082257,1082538)
(1082257,1082550)
(1082257,1082551)
(1082257,1082578)
(1082257,1082603)
(1082257,1082620)
(1082257,1082653)
(1082278,1082297)
(1082278,1082318)
(1082278,1082328)
(1082278,1082330)
(1082278,1082331)
(1082278,1082342)
(1082278,1082363)
(1082278,1082379)
(1082278,1082392)
(1082278,1082402)
(1082278,1082414)
(1082278,1082426)
(1082278,1082432)
(1082278,1082433)
(1082278,1082441)
(1082278,1082459)
(1082278,1082473)
(1082278,1082475)
(1082278,1082483)
(1082278,1082498)
(1082278,1082502)
(1082278,1082515)
(1082278,1082538)
(1082278,1082550)
(1082278,1082551)
(1082278,1082578)
(1082278,1082603)
(1082278,1082620)
(1082278,1082653)
(1082297,1082318)
(1082297,1082328)
(1082297,1082330)
(1082297,1082331)
(1082297,1082342)
(1082297,1082363)
(1082297,1082379)
(1082297,1082392)
(1082297,1082402)
(1082297,1082414)
(1082297,1082426)
(1082297,1082432)
(1082297,1082433)
(1082297,1082441)
(1082297,1082459)
(1082297,1082473)
(1082297,1082475)
(1082297,1082483)
(1082297,1082498)
(1082297,1082502)
(1082297,1082515)
(1082297,1082538)
(1082297,1082550)
(1082297,1082551)
(1082297,1082578)
(1082297,1082603)
(1082297,1082620)
(1082297,1082653)
(1082318,1082328)
(1082318,1082330)
(1082318,1082331)
(1082318,1082342)
(1082318,1082363)
(1082318,1082379)
(1082318,1082392)
(1082318,1082402)
(1082318,1082414)
(1082318,1082426)
(1082318,1082432)
(1082318,1082433)
(1082318,1082441)
(1082318,1082459)
(1082318,1082473)
(1082318,1082475)
(1082318,1082483)
(1082318,1082498)
(1082318,1082502)
(1082318,1082515)
(1082318,1082538)
(1082318,1082550)
(1082318,1082551)
(1082318,1082578)
(1082318,1082603)
(1082318,1082620)
(1082318,1082653)
(1082328,1082330)
(1082328,1082331)
(1082328,1082342)
(1082328,1082363)
(1082328,1082379)
(1082328,1082392)
(1082328,1082402)
(1082328,1082414)
(1082328,1082426)
(1082328,1082432)
(1082328,1082433)
(1082328,1082441)
(1082328,1082459)
(1082328,1082473)
(1082328,1082475)
(1082328,1082483)
(1082328,1082498)
(1082328,1082502)
(1082328,1082515)
(1082328,1082538)
(1082328,1082550)
(1082328,1082551)
(1082328,1082578)
(1082328,1082603)
(1082328,1082620)
(1082328,1082653)
(1082330,1082331)
(1082330,1082342)
(1082330,1082363)
(1082330,1082379)
(1082330,1082392)
(1082330,1082402)
(1082330,1082414)
(1082330,1082426)
(1082330,1082432)
(1082330,1082433)
(1082330,1082441)
(1082330,1082459)
(1082330,1082473)
(1082330,1082475)
(1082330,1082483)
(1082330,1082498)
(1082330,1082502)
(1082330,1082515)
(1082330,1082538)
(1082330,1082550)
(1082330,1082551)
(1082330,1082578)
(1082330,1082603)
(1082330,1082620)
(1082330,1082653)
(1082331,1082342)
(1082331,1082363)
(1082331,1082379)
(1082331,1082392)
(1082331,1082402)
(1082331,1082414)
(1082331,1082426)
(1082331,1082432)
(1082331,1082433)
(1082331,1082441)
(1082331,1082459)
(1082331,1082473)
(1082331,1082475)
(1082331,1082483)
(1082331,1082498)
(1082331,1082502)
(1082331,1082515)
(1082331,1082538)
(1082331,1082550)
(1082331,1082551)
(1082331,1082578)
(1082331,1082603)
(1082331,1082620)
(1082331,1082653)
(1082342,1082363)
(1082342,1082379)
(1082342,1082392)
(1082342,1082402)
(1082342,1082414)
(1082342,1082426)
(1082342,1082432)
(1082342,1082433)
(1082342,1082441)
(1082342,1082459)
(1082342,1082473)
(1082342,1082475)
(1082342,1082483)
(1082342,1082498)
(1082342,1082502)
(1082342,1082515)
(1082342,1082538)
(1082342,1082550)
(1082342,1082551)
(1082342,1082578)
(1082342,1082603)
(1082342,1082620)
(1082342,1082653)
(1082363,1082379)
(1082363,1082392)
(1082363,1082402)
(1082363,1082414)
(1082363,1082426)
(1082363,1082432)
(1082363,1082433)
(1082363,1082441)
(1082363,1082459)
(1082363,1082473)
(1082363,1082475)
(1082363,1082483)
(1082363,1082498)
(1082363,1082502)
(1082363,1082515)
(1082363,1082538)
(1082363,1082550)
(1082363,1082551)
(1082363,1082578)
(1082363,1082603)
(1082363,1082620)
(1082363,1082653)
(1082379,1082392)
(1082379,1082402)
(1082379,1082414)
(1082379,1082426)
(1082379,1082432)
(1082379,1082433)
(1082379,1082441)
(1082379,1082459)
(1082379,1082473)
(1082379,1082475)
(1082379,1082483)
(1082379,1082498)
(1082379,1082502)
(1082379,1082515)
(1082379,1082538)
(1082379,1082550)
(1082379,1082551)
(1082379,1082578)
(1082379,1082603)
(1082379,1082620)
(1082379,1082653)
(1082392,1082402)
(1082392,1082414)
(1082392,1082426)
(1082392,1082432)
(1082392,1082433)
(1082392,1082441)
(1082392,1082459)
(1082392,1082473)
(1082392,1082475)
(1082392,1082483)
(1082392,1082498)
(1082392,1082502)
(1082392,1082515)
(1082392,1082538)
(1082392,1082550)
(1082392,1082551)
(1082392,1082578)
(1082392,1082603)
(1082392,1082620)
(1082392,1082653)
(1082402,1082414)
(1082402,1082426)
(1082402,1082432)
(1082402,1082433)
(1082402,1082441)
(1082402,1082459)
(1082402,1082473)
(1082402,1082475)
(1082402,1082483)
(1082402,1082498)
(1082402,1082502)
(1082402,1082515)
(1082402,1082538)
(1082402,1082550)
(1082402,1082551)
(1082402,1082578)
(1082402,1082603)
(1082402,1082620)
(1082402,1082653)
(1082414,1082426)
(1082414,1082432)
(1082414,1082433)
(1082414,1082441)
(1082414,1082459)
(1082414,1082473)
(1082414,1082475)
(1082414,1082483)
(1082414,1082498)
(1082414,1082502)
(1082414,1082515)
(1082414,1082538)
(1082414,1082550)
(1082414,1082551)
(1082414,1082578)
(1082414,1082603)
(1082414,1082620)
(1082414,1082653)
(1082426,1082432)
(1082426,1082433)
(1082426,1082441)
(1082426,1082459)
(1082426,1082473)
(1082426,1082475)
(1082426,1082483)
(1082426,1082498)
(1082426,1082502)
(1082426,1082515)
(1082426,1082538)
(1082426,1082550)
(1082426,1082551)
(1082426,1082578)
(1082426,1082603)
(1082426,1082620)
(1082426,1082653)
(1082432,1082433)
(1082432,1082441)
(1082432,1082459)
(1082432,1082473)
(1082432,1082475)
(1082432,1082483)
(1082432,1082498)
(1082432,1082502)
(1082432,1082515)
(1082432,1082538)
(1082432,1082550)
(1082432,1082551)
(1082432,1082578)
(1082432,1082603)
(1082432,1082620)
(1082432,1082653)
(1082433,1082441)
(1082433,1082459)
(1082433,1082473)
(1082433,1082475)
(1082433,1082483)
(1082433,1082498)
(1082433,1082502)
(1082433,1082515)
(1082433,1082538)
(1082433,1082550)
(1082433,1082551)
(1082433,1082578)
(1082433,1082603)
(1082433,1082620)
(1082433,1082653)
(1082441,1082459)
(1082441,1082473)
(1082441,1082475)
(1082441,1082483)
(1082441,1082498)
(1082441,1082502)
(1082441,1082515)
(1082441,1082538)
(1082441,1082550)
(1082441,1082551)
(1082441,1082578)
(1082441,1082603)
(1082441,1082620)
(1082441,1082653)
(1082459,1082473)
(1082459,1082475)
(1082459,1082483)
(1082459,1082498)
(1082459,1082502)
(1082459,1082515)
(1082459,1082538)
(1082459,1082550)
(1082459,1082551)
(1082459,1082578)
(1082459,1082603)
(1082459,1082620)
(1082459,1082653)
(1082473,1082475)
(1082473,1082483)
(1082473,1082498)
(1082473,1082502)
(1082473,1082515)
(1082473,1082538)
(1082473,1082550)
(1082473,1082551)
(1082473,1082578)
(1082473,1082603)
(1082473,1082620)
(1082473,1082653)
(1082475,1082483)
(1082475,1082498)
(1082475,1082502)
(1082475,1082515)
(1082475,1082538)
(1082475,1082550)
(1082475,1082551)
(1082475,1082578)
(1082475,1082603)
(1082475,1082620)
(1082475,1082653)
(1082483,1082498)
(1082483,1082502)
(1082483,1082515)
(1082483,1082538)
(1082483,1082550)
(1082483,1082551)
(1082483,1082578)
(1082483,1082603)
(1082483,1082620)
(1082483,1082653)
(1082498,1082502)
(1082498,1082515)
(1082498,1082538)
(1082498,1082550)
(1082498,1082551)
(1082498,1082578)
(1082498,1082603)
(1082498,1082620)
(1082498,1082653)
(1082502,1082515)
(1082502,1082538)
(1082502,1082550)
(1082502,1082551)
(1082502,1082578)
(1082502,1082603)
(1082502,1082620)
(1082502,1082653)
(1082515,1082538)
(1082515,1082550)
(1082515,1082551)
(1082515,1082578)
(1082515,1082603)
(1082515,1082620)
(1082515,1082653)
(1082538,1082550)
(1082538,1082551)
(1082538,1082578)
(1082538,1082603)
(1082538,1082620)
(1082538,1082653)
(1082550,1082551)
(1082550,1082578)
(1082550,1082603)
(1082550,1082620)
(1082550,1082653)
(1082551,1082578)
(1082551,1082603)
(1082551,1082620)
(1082551,1082653)
(1082578,1082603)
(1082578,1082620)
(1082578,1082653)
(1082603,1082620)
(1082603,1082653)
(1082620,1082653)
(1082657,1082662)
(1082657,1082672)
(1082657,1082679)
(1082657,1082689)
(1082657,1082701)
(1082662,1082672)
(1082662,1082679)
(1082662,1082689)
(1082662,1082701)
(1082672,1082679)
(1082672,1082689)
(1082672,1082701)
(1082679,1082689)
(1082679,1082701)
(1082689,1082701)
(1082706,1082712)
(1082706,1082723)
(1082706,1082730)
(1082712,1082723)
(1082712,1082730)
(1082723,1082730)
(1082828,1082831)
(1082828,1082834)
(1082828,1082838)
(1082828,1082840)
(1082828,1082841)
(1082828,1082844)
(1082828,1082845)
(1082828,1082850)
(1082828,1082854)
(1082831,1082834)
(1082831,1082838)
(1082831,1082840)
(1082831,1082841)
(1082831,1082844)
(1082831,1082845)
(1082831,1082850)
(1082831,1082854)
(1082834,1082838)
(1082834,1082840)
(1082834,1082841)
(1082834,1082844)
(1082834,1082845)
(1082834,1082850)
(1082834,1082854)
(1082838,1082840)
(1082838,1082841)
(1082838,1082844)
(1082838,1082845)
(1082838,1082850)
(1082838,1082854)
(1082840,1082841)
(1082840,1082844)
(1082840,1082845)
(1082840,1082850)
(1082840,1082854)
(1082841,1082844)
(1082841,1082845)
(1082841,1082850)
(1082841,1082854)
(1082844,1082845)
(1082844,1082850)
(1082844,1082854)
(1082845,1082850)
(1082845,1082854)
(1082850,1082854)
(1082863,1082878)
(1082863,1082885)
(1082878,1082885)
(1082888,1082895)
(1082888,1082897)
(1082888,1082902)
(1082888,1082910)
(1082888,1082915)
(1082888,1082919)
(1082888,1082926)
(1082888,1082928)
(1082888,1082937)
(1082895,1082897)
(1082895,1082902)
(1082895,1082910)
(1082895,1082915)
(1082895,1082919)
(1082895,1082926)
(1082895,1082928)
(1082895,1082937)
(1082897,1082902)
(1082897,1082910)
(1082897,1082915)
(1082897,1082919)
(1082897,1082926)
(1082897,1082928)
(1082897,1082937)
(1082902,1082910)
(1082902,1082915)
(1082902,1082919)
(1082902,1082926)
(1082902,1082928)
(1082902,1082937)
(1082910,1082915)
(1082910,1082919)
(1082910,1082926)
(1082910,1082928)
(1082910,1082937)
(1082915,1082919)
(1082915,1082926)
(1082915,1082928)
(1082915,1082937)
(1082919,1082926)
(1082919,1082928)
(1082919,1082937)
(1082926,1082928)
(1082926,1082937)
(1082928,1082937)
(1082967,1082971)
(1082967,1082979)
(1082971,1082979)
(1082988,1082990)
(1082988,1082994)
(1082988,1082999)
(1082988,1083003)
(1082988,1083008)
(1082988,1083011)
(1082990,1082994)
(1082990,1082999)
(1082990,1083003)
(1082990,1083008)
(1082990,1083011)
(1082994,1082999)
(1082994,1083003)
(1082994,1083008)
(1082994,1083011)
(1082999,1083003)
(1082999,1083008)
(1082999,1083011)
(1083003,1083008)
(1083003,1083011)
(1083008,1083011)
(1083016,1083023)
(1083016,1083027)
(1083016,1083031)
(1083016,1083037)
(1083016,1083045)
(1083016,1083052)
(1083016,1083065)
(1083016,1083070)
(1083016,1083082)
(1083016,1083098)
(1083016,1083105)
(1083016,1083115)
(1083016,1083122)
(1083023,1083027)
(1083023,1083031)
(1083023,1083037)
(1083023,1083045)
(1083023,1083052)
(1083023,1083065)
(1083023,1083070)
(1083023,1083082)
(1083023,1083098)
(1083023,1083105)
(1083023,1083115)
(1083023,1083122)
(1083027,1083031)
(1083027,1083037)
(1083027,1083045)
(1083027,1083052)
(1083027,1083065)
(1083027,1083070)
(1083027,1083082)
(1083027,1083098)
(1083027,1083105)
(1083027,1083115)
(1083027,1083122)
(1083031,1083037)
(1083031,1083045)
(1083031,1083052)
(1083031,1083065)
(1083031,1083070)
(1083031,1083082)
(1083031,1083098)
(1083031,1083105)
(1083031,1083115)
(1083031,1083122)
(1083037,1083045)
(1083037,1083052)
(1083037,1083065)
(1083037,1083070)
(1083037,1083082)
(1083037,1083098)
(1083037,1083105)
(1083037,1083115)
(1083037,1083122)
(1083045,1083052)
(1083045,1083065)
(1083045,1083070)
(1083045,1083082)
(1083045,1083098)
(1083045,1083105)
(1083045,1083115)
(1083045,1083122)
(1083052,1083065)
(1083052,1083070)
(1083052,1083082)
(1083052,1083098)
(1083052,1083105)
(1083052,1083115)
(1083052,1083122)
(1083065,1083070)
(1083065,1083082)
(1083065,1083098)
(1083065,1083105)
(1083065,1083115)
(1083065,1083122)
(1083070,1083082)
(1083070,1083098)
(1083070,1083105)
(1083070,1083115)
(1083070,1083122)
(1083082,1083098)
(1083082,1083105)
(1083082,1083115)
(1083082,1083122)
(1083098,1083105)
(1083098,1083115)
(1083098,1083122)
(1083105,1083115)
(1083105,1083122)
(1083115,1083122)
(1083129,1083131)
(1083143,1083146)
(1083143,1083149)
(1083143,1083154)
(1083146,1083149)
(1083146,1083154)
(1083149,1083154)
(1083159,1083165)
(1083159,1083169)
(1083159,1083171)
(1083159,1083177)
(1083159,1083182)
(1083159,1083186)
(1083159,1083189)
(1083159,1083190)
(1083159,1083195)
(1083159,1083198)
(1083159,1083205)
(1083159,1083208)
(1083159,1083212)
(1083159,1083217)
(1083159,1083220)
(1083159,1083226)
(1083165,1083169)
(1083165,1083171)
(1083165,1083177)
(1083165,1083182)
(1083165,1083186)
(1083165,1083189)
(1083165,1083190)
(1083165,1083195)
(1083165,1083198)
(1083165,1083205)
(1083165,1083208)
(1083165,1083212)
(1083165,1083217)
(1083165,1083220)
(1083165,1083226)
(1083169,1083171)
(1083169,1083177)
(1083169,1083182)
(1083169,1083186)
(1083169,1083189)
(1083169,1083190)
(1083169,1083195)
(1083169,1083198)
(1083169,1083205)
(1083169,1083208)
(1083169,1083212)
(1083169,1083217)
(1083169,1083220)
(1083169,1083226)
(1083171,1083177)
(1083171,1083182)
(1083171,1083186)
(1083171,1083189)
(1083171,1083190)
(1083171,1083195)
(1083171,1083198)
(1083171,1083205)
(1083171,1083208)
(1083171,1083212)
(1083171,1083217)
(1083171,1083220)
(1083171,1083226)
(1083177,1083182)
(1083177,1083186)
(1083177,1083189)
(1083177,1083190)
(1083177,1083195)
(1083177,1083198)
(1083177,1083205)
(1083177,1083208)
(1083177,1083212)
(1083177,1083217)
(1083177,1083220)
(1083177,1083226)
(1083182,1083186)
(1083182,1083189)
(1083182,1083190)
(1083182,1083195)
(1083182,1083198)
(1083182,1083205)
(1083182,1083208)
(1083182,1083212)
(1083182,1083217)
(1083182,1083220)
(1083182,1083226)
(1083186,1083189)
(1083186,1083190)
(1083186,1083195)
(1083186,1083198)
(1083186,1083205)
(1083186,1083208)
(1083186,1083212)
(1083186,1083217)
(1083186,1083220)
(1083186,1083226)
(1083189,1083190)
(1083189,1083195)
(1083189,1083198)
(1083189,1083205)
(1083189,1083208)
(1083189,1083212)
(1083189,1083217)
(1083189,1083220)
(1083189,1083226)
(1083190,1083195)
(1083190,1083198)
(1083190,1083205)
(1083190,1083208)
(1083190,1083212)
(1083190,1083217)
(1083190,1083220)
(1083190,1083226)
(1083195,1083198)
(1083195,1083205)
(1083195,1083208)
(1083195,1083212)
(1083195,1083217)
(1083195,1083220)
(1083195,1083226)
(1083198,1083205)
(1083198,1083208)
(1083198,1083212)
(1083198,1083217)
(1083198,1083220)
(1083198,1083226)
(1083205,1083208)
(1083205,1083212)
(1083205,1083217)
(1083205,1083220)
(1083205,1083226)
(1083208,1083212)
(1083208,1083217)
(1083208,1083220)
(1083208,1083226)
(1083212,1083217)
(1083212,1083220)
(1083212,1083226)
(1083217,1083220)
(1083217,1083226)
(1083220,1083226)
(1083594,1083596)
(1083664,1083667)
(1083679,1083683)
(1083679,1083687)
(1083683,1083687)
(1083834,1083842)
(1083899,1083907)
(1083899,1083918)
(1083899,1083926)
(1083899,1083930)
(1083899,1083943)
(1083899,1083954)
(1083907,1083918)
(1083907,1083926)
(1083907,1083930)
(1083907,1083943)
(1083907,1083954)
(1083918,1083926)
(1083918,1083930)
(1083918,1083943)
(1083918,1083954)
(1083926,1083930)
(1083926,1083943)
(1083926,1083954)
(1083930,1083943)
(1083930,1083954)
(1083943,1083954)
