(152873,1118816)
(338948,980338)
(338948,980342)
(338948,1040577)
(338948,1117356)
(338948,1117360)
(338948,1117366)
(338948,1117371)
(338948,1117375)
(338948,1117377)
(338948,1117378)
(338948,1117383)
(338948,1117389)
(338948,1117391)
(338948,1117397)
(338948,1117404)
(338948,1117408)
(338948,1117410)
(338948,1117416)
(338948,1117418)
(338948,1117420)
(338948,1117425)
(338948,1117427)
(338948,1117430)
(338948,1117436)
(338948,1117439)
(338948,1117441)
(338948,1117444)
(338948,1117448)
(338948,1117450)
(338948,1117460)
(338948,1117462)
(338948,1117469)
(338948,1117473)
(338948,1117480)
(338948,1117482)
(338948,1117484)
(338948,1117492)
(338948,1117497)
(338948,1117501)
(338948,1117505)
(338948,1117511)
(338948,1117513)
(338948,1117518)
(338948,1117525)
(338948,1117529)
(338948,1117533)
(338948,1117539)
(338948,1117544)
(338948,1117550)
(980338,980342)
(980338,1040577)
(980338,1117356)
(980338,1117360)
(980338,1117366)
(980338,1117371)
(980338,1117375)
(980338,1117377)
(980338,1117378)
(980338,1117383)
(980338,1117389)
(980338,1117391)
(980338,1117397)
(980338,1117404)
(980338,1117408)
(980338,1117410)
(980338,1117416)
(980338,1117418)
(980338,1117420)
(980338,1117425)
(980338,1117427)
(980338,1117430)
(980338,1117436)
(980338,1117439)
(980338,1117441)
(980338,1117444)
(980338,1117448)
(980338,1117450)
(980338,1117460)
(980338,1117462)
(980338,1117469)
(980338,1117473)
(980338,1117480)
(980338,1117482)
(980338,1117484)
(980338,1117492)
(980338,1117497)
(980338,1117501)
(980338,1117505)
(980338,1117511)
(980338,1117513)
(980338,1117518)
(980338,1117525)
(980338,1117529)
(980338,1117533)
(980338,1117539)
(980338,1117544)
(980338,1117550)
(980342,1040577)
(980342,1117356)
(980342,1117360)
(980342,1117366)
(980342,1117371)
(980342,1117375)
(980342,1117377)
(980342,1117378)
(980342,1117383)
(980342,1117389)
(980342,1117391)
(980342,1117397)
(980342,1117404)
(980342,1117408)
(980342,1117410)
(980342,1117416)
(980342,1117418)
(980342,1117420)
(980342,1117425)
(980342,1117427)
(980342,1117430)
(980342,1117436)
(980342,1117439)
(980342,1117441)
(980342,1117444)
(980342,1117448)
(980342,1117450)
(980342,1117460)
(980342,1117462)
(980342,1117469)
(980342,1117473)
(980342,1117480)
(980342,1117482)
(980342,1117484)
(980342,1117492)
(980342,1117497)
(980342,1117501)
(980342,1117505)
(980342,1117511)
(980342,1117513)
(980342,1117518)
(980342,1117525)
(980342,1117529)
(980342,1117533)
(980342,1117539)
(980342,1117544)
(980342,1117550)
(1040577,1117356)
(1040577,1117360)
(1040577,1117366)
(1040577,1117371)
(1040577,1117375)
(1040577,1117377)
(1040577,1117378)
(1040577,1117383)
(1040577,1117389)
(1040577,1117391)
(1040577,1117397)
(1040577,1117404)
(1040577,1117408)
(1040577,1117410)
(1040577,1117416)
(1040577,1117418)
(1040577,1117420)
(1040577,1117425)
(1040577,1117427)
(1040577,1117430)
(1040577,1117436)
(1040577,1117439)
(1040577,1117441)
(1040577,1117444)
(1040577,1117448)
(1040577,1117450)
(1040577,1117460)
(1040577,1117462)
(1040577,1117469)
(1040577,1117473)
(1040577,1117480)
(1040577,1117482)
(1040577,1117484)
(1040577,1117492)
(1040577,1117497)
(1040577,1117501)
(1040577,1117505)
(1040577,1117511)
(1040577,1117513)
(1040577,1117518)
(1040577,1117525)
(1040577,1117529)
(1040577,1117533)
(1040577,1117539)
(1040577,1117544)
(1040577,1117550)
(1117356,1117360)
(1117356,1117366)
(1117356,1117371)
(1117356,1117375)
(1117356,1117377)
(1117356,1117378)
(1117356,1117383)
(1117356,1117389)
(1117356,1117391)
(1117356,1117397)
(1117356,1117404)
(1117356,1117408)
(1117356,1117410)
(1117356,1117416)
(1117356,1117418)
(1117356,1117420)
(1117356,1117425)
(1117356,1117427)
(1117356,1117430)
(1117356,1117436)
(1117356,1117439)
(1117356,1117441)
(1117356,1117444)
(1117356,1117448)
(1117356,1117450)
(1117356,1117460)
(1117356,1117462)
(1117356,1117469)
(1117356,1117473)
(1117356,1117480)
(1117356,1117482)
(1117356,1117484)
(1117356,1117492)
(1117356,1117497)
(1117356,1117501)
(1117356,1117505)
(1117356,1117511)
(1117356,1117513)
(1117356,1117518)
(1117356,1117525)
(1117356,1117529)
(1117356,1117533)
(1117356,1117539)
(1117356,1117544)
(1117356,1117550)
(1117360,1117366)
(1117360,1117371)
(1117360,1117375)
(1117360,1117377)
(1117360,1117378)
(1117360,1117383)
(1117360,1117389)
(1117360,1117391)
(1117360,1117397)
(1117360,1117404)
(1117360,1117408)
(1117360,1117410)
(1117360,1117416)
(1117360,1117418)
(1117360,1117420)
(1117360,1117425)
(1117360,1117427)
(1117360,1117430)
(1117360,1117436)
(1117360,1117439)
(1117360,1117441)
(1117360,1117444)
(1117360,1117448)
(1117360,1117450)
(1117360,1117460)
(1117360,1117462)
(1117360,1117469)
(1117360,1117473)
(1117360,1117480)
(1117360,1117482)
(1117360,1117484)
(1117360,1117492)
(1117360,1117497)
(1117360,1117501)
(1117360,1117505)
(1117360,1117511)
(1117360,1117513)
(1117360,1117518)
(1117360,1117525)
(1117360,1117529)
(1117360,1117533)
(1117360,1117539)
(1117360,1117544)
(1117360,1117550)
(1117366,1117371)
(1117366,1117375)
(1117366,1117377)
(1117366,1117378)
(1117366,1117383)
(1117366,1117389)
(1117366,1117391)
(1117366,1117397)
(1117366,1117404)
(1117366,1117408)
(1117366,1117410)
(1117366,1117416)
(1117366,1117418)
(1117366,1117420)
(1117366,1117425)
(1117366,1117427)
(1117366,1117430)
(1117366,1117436)
(1117366,1117439)
(1117366,1117441)
(1117366,1117444)
(1117366,1117448)
(1117366,1117450)
(1117366,1117460)
(1117366,1117462)
(1117366,1117469)
(1117366,1117473)
(1117366,1117480)
(1117366,1117482)
(1117366,1117484)
(1117366,1117492)
(1117366,1117497)
(1117366,1117501)
(1117366,1117505)
(1117366,1117511)
(1117366,1117513)
(1117366,1117518)
(1117366,1117525)
(1117366,1117529)
(1117366,1117533)
(1117366,1117539)
(1117366,1117544)
(1117366,1117550)
(1117371,1117375)
(1117371,1117377)
(1117371,1117378)
(1117371,1117383)
(1117371,1117389)
(1117371,1117391)
(1117371,1117397)
(1117371,1117404)
(1117371,1117408)
(1117371,1117410)
(1117371,1117416)
(1117371,1117418)
(1117371,1117420)
(1117371,1117425)
(1117371,1117427)
(1117371,1117430)
(1117371,1117436)
(1117371,1117439)
(1117371,1117441)
(1117371,1117444)
(1117371,1117448)
(1117371,1117450)
(1117371,1117460)
(1117371,1117462)
(1117371,1117469)
(1117371,1117473)
(1117371,1117480)
(1117371,1117482)
(1117371,1117484)
(1117371,1117492)
(1117371,1117497)
(1117371,1117501)
(1117371,1117505)
(1117371,1117511)
(1117371,1117513)
(1117371,1117518)
(1117371,1117525)
(1117371,1117529)
(1117371,1117533)
(1117371,1117539)
(1117371,1117544)
(1117371,1117550)
(1117375,1117377)
(1117375,1117378)
(1117375,1117383)
(1117375,1117389)
(1117375,1117391)
(1117375,1117397)
(1117375,1117404)
(1117375,1117408)
(1117375,1117410)
(1117375,1117416)
(1117375,1117418)
(1117375,1117420)
(1117375,1117425)
(1117375,1117427)
(1117375,1117430)
(1117375,1117436)
(1117375,1117439)
(1117375,1117441)
(1117375,1117444)
(1117375,1117448)
(1117375,1117450)
(1117375,1117460)
(1117375,1117462)
(1117375,1117469)
(1117375,1117473)
(1117375,1117480)
(1117375,1117482)
(1117375,1117484)
(1117375,1117492)
(1117375,1117497)
(1117375,1117501)
(1117375,1117505)
(1117375,1117511)
(1117375,1117513)
(1117375,1117518)
(1117375,1117525)
(1117375,1117529)
(1117375,1117533)
(1117375,1117539)
(1117375,1117544)
(1117375,1117550)
(1117377,1117378)
(1117377,1117383)
(1117377,1117389)
(1117377,1117391)
(1117377,1117397)
(1117377,1117404)
(1117377,1117408)
(1117377,1117410)
(1117377,1117416)
(1117377,1117418)
(1117377,1117420)
(1117377,1117425)
(1117377,1117427)
(1117377,1117430)
(1117377,1117436)
(1117377,1117439)
(1117377,1117441)
(1117377,1117444)
(1117377,1117448)
(1117377,1117450)
(1117377,1117460)
(1117377,1117462)
(1117377,1117469)
(1117377,1117473)
(1117377,1117480)
(1117377,1117482)
(1117377,1117484)
(1117377,1117492)
(1117377,1117497)
(1117377,1117501)
(1117377,1117505)
(1117377,1117511)
(1117377,1117513)
(1117377,1117518)
(1117377,1117525)
(1117377,1117529)
(1117377,1117533)
(1117377,1117539)
(1117377,1117544)
(1117377,1117550)
(1117378,1117383)
(1117378,1117389)
(1117378,1117391)
(1117378,1117397)
(1117378,1117404)
(1117378,1117408)
(1117378,1117410)
(1117378,1117416)
(1117378,1117418)
(1117378,1117420)
(1117378,1117425)
(1117378,1117427)
(1117378,1117430)
(1117378,1117436)
(1117378,1117439)
(1117378,1117441)
(1117378,1117444)
(1117378,1117448)
(1117378,1117450)
(1117378,1117460)
(1117378,1117462)
(1117378,1117469)
(1117378,1117473)
(1117378,1117480)
(1117378,1117482)
(1117378,1117484)
(1117378,1117492)
(1117378,1117497)
(1117378,1117501)
(1117378,1117505)
(1117378,1117511)
(1117378,1117513)
(1117378,1117518)
(1117378,1117525)
(1117378,1117529)
(1117378,1117533)
(1117378,1117539)
(1117378,1117544)
(1117378,1117550)
(1117383,1117389)
(1117383,1117391)
(1117383,1117397)
(1117383,1117404)
(1117383,1117408)
(1117383,1117410)
(1117383,1117416)
(1117383,1117418)
(1117383,1117420)
(1117383,1117425)
(1117383,1117427)
(1117383,1117430)
(1117383,1117436)
(1117383,1117439)
(1117383,1117441)
(1117383,1117444)
(1117383,1117448)
(1117383,1117450)
(1117383,1117460)
(1117383,1117462)
(1117383,1117469)
(1117383,1117473)
(1117383,1117480)
(1117383,1117482)
(1117383,1117484)
(1117383,1117492)
(1117383,1117497)
(1117383,1117501)
(1117383,1117505)
(1117383,1117511)
(1117383,1117513)
(1117383,1117518)
(1117383,1117525)
(1117383,1117529)
(1117383,1117533)
(1117383,1117539)
(1117383,1117544)
(1117383,1117550)
(1117389,1117391)
(1117389,1117397)
(1117389,1117404)
(1117389,1117408)
(1117389,1117410)
(1117389,1117416)
(1117389,1117418)
(1117389,1117420)
(1117389,1117425)
(1117389,1117427)
(1117389,1117430)
(1117389,1117436)
(1117389,1117439)
(1117389,1117441)
(1117389,1117444)
(1117389,1117448)
(1117389,1117450)
(1117389,1117460)
(1117389,1117462)
(1117389,1117469)
(1117389,1117473)
(1117389,1117480)
(1117389,1117482)
(1117389,1117484)
(1117389,1117492)
(1117389,1117497)
(1117389,1117501)
(1117389,1117505)
(1117389,1117511)
(1117389,1117513)
(1117389,1117518)
(1117389,1117525)
(1117389,1117529)
(1117389,1117533)
(1117389,1117539)
(1117389,1117544)
(1117389,1117550)
(1117391,1117397)
(1117391,1117404)
(1117391,1117408)
(1117391,1117410)
(1117391,1117416)
(1117391,1117418)
(1117391,1117420)
(1117391,1117425)
(1117391,1117427)
(1117391,1117430)
(1117391,1117436)
(1117391,1117439)
(1117391,1117441)
(1117391,1117444)
(1117391,1117448)
(1117391,1117450)
(1117391,1117460)
(1117391,1117462)
(1117391,1117469)
(1117391,1117473)
(1117391,1117480)
(1117391,1117482)
(1117391,1117484)
(1117391,1117492)
(1117391,1117497)
(1117391,1117501)
(1117391,1117505)
(1117391,1117511)
(1117391,1117513)
(1117391,1117518)
(1117391,1117525)
(1117391,1117529)
(1117391,1117533)
(1117391,1117539)
(1117391,1117544)
(1117391,1117550)
(1117397,1117404)
(1117397,1117408)
(1117397,1117410)
(1117397,1117416)
(1117397,1117418)
(1117397,1117420)
(1117397,1117425)
(1117397,1117427)
(1117397,1117430)
(1117397,1117436)
(1117397,1117439)
(1117397,1117441)
(1117397,1117444)
(1117397,1117448)
(1117397,1117450)
(1117397,1117460)
(1117397,1117462)
(1117397,1117469)
(1117397,1117473)
(1117397,1117480)
(1117397,1117482)
(1117397,1117484)
(1117397,1117492)
(1117397,1117497)
(1117397,1117501)
(1117397,1117505)
(1117397,1117511)
(1117397,1117513)
(1117397,1117518)
(1117397,1117525)
(1117397,1117529)
(1117397,1117533)
(1117397,1117539)
(1117397,1117544)
(1117397,1117550)
(1117404,1117408)
(1117404,1117410)
(1117404,1117416)
(1117404,1117418)
(1117404,1117420)
(1117404,1117425)
(1117404,1117427)
(1117404,1117430)
(1117404,1117436)
(1117404,1117439)
(1117404,1117441)
(1117404,1117444)
(1117404,1117448)
(1117404,1117450)
(1117404,1117460)
(1117404,1117462)
(1117404,1117469)
(1117404,1117473)
(1117404,1117480)
(1117404,1117482)
(1117404,1117484)
(1117404,1117492)
(1117404,1117497)
(1117404,1117501)
(1117404,1117505)
(1117404,1117511)
(1117404,1117513)
(1117404,1117518)
(1117404,1117525)
(1117404,1117529)
(1117404,1117533)
(1117404,1117539)
(1117404,1117544)
(1117404,1117550)
(1117408,1117410)
(1117408,1117416)
(1117408,1117418)
(1117408,1117420)
(1117408,1117425)
(1117408,1117427)
(1117408,1117430)
(1117408,1117436)
(1117408,1117439)
(1117408,1117441)
(1117408,1117444)
(1117408,1117448)
(1117408,1117450)
(1117408,1117460)
(1117408,1117462)
(1117408,1117469)
(1117408,1117473)
(1117408,1117480)
(1117408,1117482)
(1117408,1117484)
(1117408,1117492)
(1117408,1117497)
(1117408,1117501)
(1117408,1117505)
(1117408,1117511)
(1117408,1117513)
(1117408,1117518)
(1117408,1117525)
(1117408,1117529)
(1117408,1117533)
(1117408,1117539)
(1117408,1117544)
(1117408,1117550)
(1117410,1117416)
(1117410,1117418)
(1117410,1117420)
(1117410,1117425)
(1117410,1117427)
(1117410,1117430)
(1117410,1117436)
(1117410,1117439)
(1117410,1117441)
(1117410,1117444)
(1117410,1117448)
(1117410,1117450)
(1117410,1117460)
(1117410,1117462)
(1117410,1117469)
(1117410,1117473)
(1117410,1117480)
(1117410,1117482)
(1117410,1117484)
(1117410,1117492)
(1117410,1117497)
(1117410,1117501)
(1117410,1117505)
(1117410,1117511)
(1117410,1117513)
(1117410,1117518)
(1117410,1117525)
(1117410,1117529)
(1117410,1117533)
(1117410,1117539)
(1117410,1117544)
(1117410,1117550)
(1117416,1117418)
(1117416,1117420)
(1117416,1117425)
(1117416,1117427)
(1117416,1117430)
(1117416,1117436)
(1117416,1117439)
(1117416,1117441)
(1117416,1117444)
(1117416,1117448)
(1117416,1117450)
(1117416,1117460)
(1117416,1117462)
(1117416,1117469)
(1117416,1117473)
(1117416,1117480)
(1117416,1117482)
(1117416,1117484)
(1117416,1117492)
(1117416,1117497)
(1117416,1117501)
(1117416,1117505)
(1117416,1117511)
(1117416,1117513)
(1117416,1117518)
(1117416,1117525)
(1117416,1117529)
(1117416,1117533)
(1117416,1117539)
(1117416,1117544)
(1117416,1117550)
(1117418,1117420)
(1117418,1117425)
(1117418,1117427)
(1117418,1117430)
(1117418,1117436)
(1117418,1117439)
(1117418,1117441)
(1117418,1117444)
(1117418,1117448)
(1117418,1117450)
(1117418,1117460)
(1117418,1117462)
(1117418,1117469)
(1117418,1117473)
(1117418,1117480)
(1117418,1117482)
(1117418,1117484)
(1117418,1117492)
(1117418,1117497)
(1117418,1117501)
(1117418,1117505)
(1117418,1117511)
(1117418,1117513)
(1117418,1117518)
(1117418,1117525)
(1117418,1117529)
(1117418,1117533)
(1117418,1117539)
(1117418,1117544)
(1117418,1117550)
(1117420,1117425)
(1117420,1117427)
(1117420,1117430)
(1117420,1117436)
(1117420,1117439)
(1117420,1117441)
(1117420,1117444)
(1117420,1117448)
(1117420,1117450)
(1117420,1117460)
(1117420,1117462)
(1117420,1117469)
(1117420,1117473)
(1117420,1117480)
(1117420,1117482)
(1117420,1117484)
(1117420,1117492)
(1117420,1117497)
(1117420,1117501)
(1117420,1117505)
(1117420,1117511)
(1117420,1117513)
(1117420,1117518)
(1117420,1117525)
(1117420,1117529)
(1117420,1117533)
(1117420,1117539)
(1117420,1117544)
(1117420,1117550)
(1117425,1117427)
(1117425,1117430)
(1117425,1117436)
(1117425,1117439)
(1117425,1117441)
(1117425,1117444)
(1117425,1117448)
(1117425,1117450)
(1117425,1117460)
(1117425,1117462)
(1117425,1117469)
(1117425,1117473)
(1117425,1117480)
(1117425,1117482)
(1117425,1117484)
(1117425,1117492)
(1117425,1117497)
(1117425,1117501)
(1117425,1117505)
(1117425,1117511)
(1117425,1117513)
(1117425,1117518)
(1117425,1117525)
(1117425,1117529)
(1117425,1117533)
(1117425,1117539)
(1117425,1117544)
(1117425,1117550)
(1117427,1117430)
(1117427,1117436)
(1117427,1117439)
(1117427,1117441)
(1117427,1117444)
(1117427,1117448)
(1117427,1117450)
(1117427,1117460)
(1117427,1117462)
(1117427,1117469)
(1117427,1117473)
(1117427,1117480)
(1117427,1117482)
(1117427,1117484)
(1117427,1117492)
(1117427,1117497)
(1117427,1117501)
(1117427,1117505)
(1117427,1117511)
(1117427,1117513)
(1117427,1117518)
(1117427,1117525)
(1117427,1117529)
(1117427,1117533)
(1117427,1117539)
(1117427,1117544)
(1117427,1117550)
(1117430,1117436)
(1117430,1117439)
(1117430,1117441)
(1117430,1117444)
(1117430,1117448)
(1117430,1117450)
(1117430,1117460)
(1117430,1117462)
(1117430,1117469)
(1117430,1117473)
(1117430,1117480)
(1117430,1117482)
(1117430,1117484)
(1117430,1117492)
(1117430,1117497)
(1117430,1117501)
(1117430,1117505)
(1117430,1117511)
(1117430,1117513)
(1117430,1117518)
(1117430,1117525)
(1117430,1117529)
(1117430,1117533)
(1117430,1117539)
(1117430,1117544)
(1117430,1117550)
(1117436,1117439)
(1117436,1117441)
(1117436,1117444)
(1117436,1117448)
(1117436,1117450)
(1117436,1117460)
(1117436,1117462)
(1117436,1117469)
(1117436,1117473)
(1117436,1117480)
(1117436,1117482)
(1117436,1117484)
(1117436,1117492)
(1117436,1117497)
(1117436,1117501)
(1117436,1117505)
(1117436,1117511)
(1117436,1117513)
(1117436,1117518)
(1117436,1117525)
(1117436,1117529)
(1117436,1117533)
(1117436,1117539)
(1117436,1117544)
(1117436,1117550)
(1117439,1117441)
(1117439,1117444)
(1117439,1117448)
(1117439,1117450)
(1117439,1117460)
(1117439,1117462)
(1117439,1117469)
(1117439,1117473)
(1117439,1117480)
(1117439,1117482)
(1117439,1117484)
(1117439,1117492)
(1117439,1117497)
(1117439,1117501)
(1117439,1117505)
(1117439,1117511)
(1117439,1117513)
(1117439,1117518)
(1117439,1117525)
(1117439,1117529)
(1117439,1117533)
(1117439,1117539)
(1117439,1117544)
(1117439,1117550)
(1117441,1117444)
(1117441,1117448)
(1117441,1117450)
(1117441,1117460)
(1117441,1117462)
(1117441,1117469)
(1117441,1117473)
(1117441,1117480)
(1117441,1117482)
(1117441,1117484)
(1117441,1117492)
(1117441,1117497)
(1117441,1117501)
(1117441,1117505)
(1117441,1117511)
(1117441,1117513)
(1117441,1117518)
(1117441,1117525)
(1117441,1117529)
(1117441,1117533)
(1117441,1117539)
(1117441,1117544)
(1117441,1117550)
(1117444,1117448)
(1117444,1117450)
(1117444,1117460)
(1117444,1117462)
(1117444,1117469)
(1117444,1117473)
(1117444,1117480)
(1117444,1117482)
(1117444,1117484)
(1117444,1117492)
(1117444,1117497)
(1117444,1117501)
(1117444,1117505)
(1117444,1117511)
(1117444,1117513)
(1117444,1117518)
(1117444,1117525)
(1117444,1117529)
(1117444,1117533)
(1117444,1117539)
(1117444,1117544)
(1117444,1117550)
(1117448,1117450)
(1117448,1117460)
(1117448,1117462)
(1117448,1117469)
(1117448,1117473)
(1117448,1117480)
(1117448,1117482)
(1117448,1117484)
(1117448,1117492)
(1117448,1117497)
(1117448,1117501)
(1117448,1117505)
(1117448,1117511)
(1117448,1117513)
(1117448,1117518)
(1117448,1117525)
(1117448,1117529)
(1117448,1117533)
(1117448,1117539)
(1117448,1117544)
(1117448,1117550)
(1117450,1117460)
(1117450,1117462)
(1117450,1117469)
(1117450,1117473)
(1117450,1117480)
(1117450,1117482)
(1117450,1117484)
(1117450,1117492)
(1117450,1117497)
(1117450,1117501)
(1117450,1117505)
(1117450,1117511)
(1117450,1117513)
(1117450,1117518)
(1117450,1117525)
(1117450,1117529)
(1117450,1117533)
(1117450,1117539)
(1117450,1117544)
(1117450,1117550)
(1117460,1117462)
(1117460,1117469)
(1117460,1117473)
(1117460,1117480)
(1117460,1117482)
(1117460,1117484)
(1117460,1117492)
(1117460,1117497)
(1117460,1117501)
(1117460,1117505)
(1117460,1117511)
(1117460,1117513)
(1117460,1117518)
(1117460,1117525)
(1117460,1117529)
(1117460,1117533)
(1117460,1117539)
(1117460,1117544)
(1117460,1117550)
(1117462,1117469)
(1117462,1117473)
(1117462,1117480)
(1117462,1117482)
(1117462,1117484)
(1117462,1117492)
(1117462,1117497)
(1117462,1117501)
(1117462,1117505)
(1117462,1117511)
(1117462,1117513)
(1117462,1117518)
(1117462,1117525)
(1117462,1117529)
(1117462,1117533)
(1117462,1117539)
(1117462,1117544)
(1117462,1117550)
(1117469,1117473)
(1117469,1117480)
(1117469,1117482)
(1117469,1117484)
(1117469,1117492)
(1117469,1117497)
(1117469,1117501)
(1117469,1117505)
(1117469,1117511)
(1117469,1117513)
(1117469,1117518)
(1117469,1117525)
(1117469,1117529)
(1117469,1117533)
(1117469,1117539)
(1117469,1117544)
(1117469,1117550)
(1117473,1117480)
(1117473,1117482)
(1117473,1117484)
(1117473,1117492)
(1117473,1117497)
(1117473,1117501)
(1117473,1117505)
(1117473,1117511)
(1117473,1117513)
(1117473,1117518)
(1117473,1117525)
(1117473,1117529)
(1117473,1117533)
(1117473,1117539)
(1117473,1117544)
(1117473,1117550)
(1117480,1117482)
(1117480,1117484)
(1117480,1117492)
(1117480,1117497)
(1117480,1117501)
(1117480,1117505)
(1117480,1117511)
(1117480,1117513)
(1117480,1117518)
(1117480,1117525)
(1117480,1117529)
(1117480,1117533)
(1117480,1117539)
(1117480,1117544)
(1117480,1117550)
(1117482,1117484)
(1117482,1117492)
(1117482,1117497)
(1117482,1117501)
(1117482,1117505)
(1117482,1117511)
(1117482,1117513)
(1117482,1117518)
(1117482,1117525)
(1117482,1117529)
(1117482,1117533)
(1117482,1117539)
(1117482,1117544)
(1117482,1117550)
(1117484,1117492)
(1117484,1117497)
(1117484,1117501)
(1117484,1117505)
(1117484,1117511)
(1117484,1117513)
(1117484,1117518)
(1117484,1117525)
(1117484,1117529)
(1117484,1117533)
(1117484,1117539)
(1117484,1117544)
(1117484,1117550)
(1117492,1117497)
(1117492,1117501)
(1117492,1117505)
(1117492,1117511)
(1117492,1117513)
(1117492,1117518)
(1117492,1117525)
(1117492,1117529)
(1117492,1117533)
(1117492,1117539)
(1117492,1117544)
(1117492,1117550)
(1117497,1117501)
(1117497,1117505)
(1117497,1117511)
(1117497,1117513)
(1117497,1117518)
(1117497,1117525)
(1117497,1117529)
(1117497,1117533)
(1117497,1117539)
(1117497,1117544)
(1117497,1117550)
(1117501,1117505)
(1117501,1117511)
(1117501,1117513)
(1117501,1117518)
(1117501,1117525)
(1117501,1117529)
(1117501,1117533)
(1117501,1117539)
(1117501,1117544)
(1117501,1117550)
(1117505,1117511)
(1117505,1117513)
(1117505,1117518)
(1117505,1117525)
(1117505,1117529)
(1117505,1117533)
(1117505,1117539)
(1117505,1117544)
(1117505,1117550)
(1117511,1117513)
(1117511,1117518)
(1117511,1117525)
(1117511,1117529)
(1117511,1117533)
(1117511,1117539)
(1117511,1117544)
(1117511,1117550)
(1117513,1117518)
(1117513,1117525)
(1117513,1117529)
(1117513,1117533)
(1117513,1117539)
(1117513,1117544)
(1117513,1117550)
(1117518,1117525)
(1117518,1117529)
(1117518,1117533)
(1117518,1117539)
(1117518,1117544)
(1117518,1117550)
(1117525,1117529)
(1117525,1117533)
(1117525,1117539)
(1117525,1117544)
(1117525,1117550)
(1117529,1117533)
(1117529,1117539)
(1117529,1117544)
(1117529,1117550)
(1117533,1117539)
(1117533,1117544)
(1117533,1117550)
(1117539,1117544)
(1117539,1117550)
(1117544,1117550)
(424597,1118753)
(424597,1118755)
(424597,1118762)
(1118753,1118755)
(1118753,1118762)
(1118755,1118762)
(656354,1118745)
(698282,698295)
(698282,698465)
(698282,1118442)
(698282,1118446)
(698282,1118452)
(698282,1118457)
(698282,1118461)
(698282,1118465)
(698282,1118475)
(698282,1118483)
(698282,1118484)
(698295,698465)
(698295,1118442)
(698295,1118446)
(698295,1118452)
(698295,1118457)
(698295,1118461)
(698295,1118465)
(698295,1118475)
(698295,1118483)
(698295,1118484)
(698465,1118442)
(698465,1118446)
(698465,1118452)
(698465,1118457)
(698465,1118461)
(698465,1118465)
(698465,1118475)
(698465,1118483)
(698465,1118484)
(1118442,1118446)
(1118442,1118452)
(1118442,1118457)
(1118442,1118461)
(1118442,1118465)
(1118442,1118475)
(1118442,1118483)
(1118442,1118484)
(1118446,1118452)
(1118446,1118457)
(1118446,1118461)
(1118446,1118465)
(1118446,1118475)
(1118446,1118483)
(1118446,1118484)
(1118452,1118457)
(1118452,1118461)
(1118452,1118465)
(1118452,1118475)
(1118452,1118483)
(1118452,1118484)
(1118457,1118461)
(1118457,1118465)
(1118457,1118475)
(1118457,1118483)
(1118457,1118484)
(1118461,1118465)
(1118461,1118475)
(1118461,1118483)
(1118461,1118484)
(1118465,1118475)
(1118465,1118483)
(1118465,1118484)
(1118475,1118483)
(1118475,1118484)
(1118483,1118484)
(880643,880649)
(880643,1118504)
(880649,1118504)
(907338,1118087)
(907338,1118095)
(907338,1118103)
(907338,1118110)
(907338,1118116)
(907338,1118124)
(907338,1118130)
(907338,1118138)
(907338,1118143)
(907338,1118153)
(907338,1118157)
(907338,1118169)
(907338,1118175)
(907338,1118180)
(907338,1118185)
(907338,1118199)
(907338,1118209)
(907338,1118211)
(907338,1118216)
(907338,1118219)
(907338,1118231)
(907338,1118239)
(907338,1118244)
(907338,1118253)
(907338,1118260)
(907338,1118265)
(907338,1118281)
(907338,1118283)
(907338,1118294)
(907338,1118300)
(907338,1118315)
(907338,1118321)
(907338,1118328)
(907338,1118336)
(907338,1118341)
(907338,1118357)
(907338,1118364)
(907338,1118369)
(907338,1118374)
(1118087,1118095)
(1118087,1118103)
(1118087,1118110)
(1118087,1118116)
(1118087,1118124)
(1118087,1118130)
(1118087,1118138)
(1118087,1118143)
(1118087,1118153)
(1118087,1118157)
(1118087,1118169)
(1118087,1118175)
(1118087,1118180)
(1118087,1118185)
(1118087,1118199)
(1118087,1118209)
(1118087,1118211)
(1118087,1118216)
(1118087,1118219)
(1118087,1118231)
(1118087,1118239)
(1118087,1118244)
(1118087,1118253)
(1118087,1118260)
(1118087,1118265)
(1118087,1118281)
(1118087,1118283)
(1118087,1118294)
(1118087,1118300)
(1118087,1118315)
(1118087,1118321)
(1118087,1118328)
(1118087,1118336)
(1118087,1118341)
(1118087,1118357)
(1118087,1118364)
(1118087,1118369)
(1118087,1118374)
(1118095,1118103)
(1118095,1118110)
(1118095,1118116)
(1118095,1118124)
(1118095,1118130)
(1118095,1118138)
(1118095,1118143)
(1118095,1118153)
(1118095,1118157)
(1118095,1118169)
(1118095,1118175)
(1118095,1118180)
(1118095,1118185)
(1118095,1118199)
(1118095,1118209)
(1118095,1118211)
(1118095,1118216)
(1118095,1118219)
(1118095,1118231)
(1118095,1118239)
(1118095,1118244)
(1118095,1118253)
(1118095,1118260)
(1118095,1118265)
(1118095,1118281)
(1118095,1118283)
(1118095,1118294)
(1118095,1118300)
(1118095,1118315)
(1118095,1118321)
(1118095,1118328)
(1118095,1118336)
(1118095,1118341)
(1118095,1118357)
(1118095,1118364)
(1118095,1118369)
(1118095,1118374)
(1118103,1118110)
(1118103,1118116)
(1118103,1118124)
(1118103,1118130)
(1118103,1118138)
(1118103,1118143)
(1118103,1118153)
(1118103,1118157)
(1118103,1118169)
(1118103,1118175)
(1118103,1118180)
(1118103,1118185)
(1118103,1118199)
(1118103,1118209)
(1118103,1118211)
(1118103,1118216)
(1118103,1118219)
(1118103,1118231)
(1118103,1118239)
(1118103,1118244)
(1118103,1118253)
(1118103,1118260)
(1118103,1118265)
(1118103,1118281)
(1118103,1118283)
(1118103,1118294)
(1118103,1118300)
(1118103,1118315)
(1118103,1118321)
(1118103,1118328)
(1118103,1118336)
(1118103,1118341)
(1118103,1118357)
(1118103,1118364)
(1118103,1118369)
(1118103,1118374)
(1118110,1118116)
(1118110,1118124)
(1118110,1118130)
(1118110,1118138)
(1118110,1118143)
(1118110,1118153)
(1118110,1118157)
(1118110,1118169)
(1118110,1118175)
(1118110,1118180)
(1118110,1118185)
(1118110,1118199)
(1118110,1118209)
(1118110,1118211)
(1118110,1118216)
(1118110,1118219)
(1118110,1118231)
(1118110,1118239)
(1118110,1118244)
(1118110,1118253)
(1118110,1118260)
(1118110,1118265)
(1118110,1118281)
(1118110,1118283)
(1118110,1118294)
(1118110,1118300)
(1118110,1118315)
(1118110,1118321)
(1118110,1118328)
(1118110,1118336)
(1118110,1118341)
(1118110,1118357)
(1118110,1118364)
(1118110,1118369)
(1118110,1118374)
(1118116,1118124)
(1118116,1118130)
(1118116,1118138)
(1118116,1118143)
(1118116,1118153)
(1118116,1118157)
(1118116,1118169)
(1118116,1118175)
(1118116,1118180)
(1118116,1118185)
(1118116,1118199)
(1118116,1118209)
(1118116,1118211)
(1118116,1118216)
(1118116,1118219)
(1118116,1118231)
(1118116,1118239)
(1118116,1118244)
(1118116,1118253)
(1118116,1118260)
(1118116,1118265)
(1118116,1118281)
(1118116,1118283)
(1118116,1118294)
(1118116,1118300)
(1118116,1118315)
(1118116,1118321)
(1118116,1118328)
(1118116,1118336)
(1118116,1118341)
(1118116,1118357)
(1118116,1118364)
(1118116,1118369)
(1118116,1118374)
(1118124,1118130)
(1118124,1118138)
(1118124,1118143)
(1118124,1118153)
(1118124,1118157)
(1118124,1118169)
(1118124,1118175)
(1118124,1118180)
(1118124,1118185)
(1118124,1118199)
(1118124,1118209)
(1118124,1118211)
(1118124,1118216)
(1118124,1118219)
(1118124,1118231)
(1118124,1118239)
(1118124,1118244)
(1118124,1118253)
(1118124,1118260)
(1118124,1118265)
(1118124,1118281)
(1118124,1118283)
(1118124,1118294)
(1118124,1118300)
(1118124,1118315)
(1118124,1118321)
(1118124,1118328)
(1118124,1118336)
(1118124,1118341)
(1118124,1118357)
(1118124,1118364)
(1118124,1118369)
(1118124,1118374)
(1118130,1118138)
(1118130,1118143)
(1118130,1118153)
(1118130,1118157)
(1118130,1118169)
(1118130,1118175)
(1118130,1118180)
(1118130,1118185)
(1118130,1118199)
(1118130,1118209)
(1118130,1118211)
(1118130,1118216)
(1118130,1118219)
(1118130,1118231)
(1118130,1118239)
(1118130,1118244)
(1118130,1118253)
(1118130,1118260)
(1118130,1118265)
(1118130,1118281)
(1118130,1118283)
(1118130,1118294)
(1118130,1118300)
(1118130,1118315)
(1118130,1118321)
(1118130,1118328)
(1118130,1118336)
(1118130,1118341)
(1118130,1118357)
(1118130,1118364)
(1118130,1118369)
(1118130,1118374)
(1118138,1118143)
(1118138,1118153)
(1118138,1118157)
(1118138,1118169)
(1118138,1118175)
(1118138,1118180)
(1118138,1118185)
(1118138,1118199)
(1118138,1118209)
(1118138,1118211)
(1118138,1118216)
(1118138,1118219)
(1118138,1118231)
(1118138,1118239)
(1118138,1118244)
(1118138,1118253)
(1118138,1118260)
(1118138,1118265)
(1118138,1118281)
(1118138,1118283)
(1118138,1118294)
(1118138,1118300)
(1118138,1118315)
(1118138,1118321)
(1118138,1118328)
(1118138,1118336)
(1118138,1118341)
(1118138,1118357)
(1118138,1118364)
(1118138,1118369)
(1118138,1118374)
(1118143,1118153)
(1118143,1118157)
(1118143,1118169)
(1118143,1118175)
(1118143,1118180)
(1118143,1118185)
(1118143,1118199)
(1118143,1118209)
(1118143,1118211)
(1118143,1118216)
(1118143,1118219)
(1118143,1118231)
(1118143,1118239)
(1118143,1118244)
(1118143,1118253)
(1118143,1118260)
(1118143,1118265)
(1118143,1118281)
(1118143,1118283)
(1118143,1118294)
(1118143,1118300)
(1118143,1118315)
(1118143,1118321)
(1118143,1118328)
(1118143,1118336)
(1118143,1118341)
(1118143,1118357)
(1118143,1118364)
(1118143,1118369)
(1118143,1118374)
(1118153,1118157)
(1118153,1118169)
(1118153,1118175)
(1118153,1118180)
(1118153,1118185)
(1118153,1118199)
(1118153,1118209)
(1118153,1118211)
(1118153,1118216)
(1118153,1118219)
(1118153,1118231)
(1118153,1118239)
(1118153,1118244)
(1118153,1118253)
(1118153,1118260)
(1118153,1118265)
(1118153,1118281)
(1118153,1118283)
(1118153,1118294)
(1118153,1118300)
(1118153,1118315)
(1118153,1118321)
(1118153,1118328)
(1118153,1118336)
(1118153,1118341)
(1118153,1118357)
(1118153,1118364)
(1118153,1118369)
(1118153,1118374)
(1118157,1118169)
(1118157,1118175)
(1118157,1118180)
(1118157,1118185)
(1118157,1118199)
(1118157,1118209)
(1118157,1118211)
(1118157,1118216)
(1118157,1118219)
(1118157,1118231)
(1118157,1118239)
(1118157,1118244)
(1118157,1118253)
(1118157,1118260)
(1118157,1118265)
(1118157,1118281)
(1118157,1118283)
(1118157,1118294)
(1118157,1118300)
(1118157,1118315)
(1118157,1118321)
(1118157,1118328)
(1118157,1118336)
(1118157,1118341)
(1118157,1118357)
(1118157,1118364)
(1118157,1118369)
(1118157,1118374)
(1118169,1118175)
(1118169,1118180)
(1118169,1118185)
(1118169,1118199)
(1118169,1118209)
(1118169,1118211)
(1118169,1118216)
(1118169,1118219)
(1118169,1118231)
(1118169,1118239)
(1118169,1118244)
(1118169,1118253)
(1118169,1118260)
(1118169,1118265)
(1118169,1118281)
(1118169,1118283)
(1118169,1118294)
(1118169,1118300)
(1118169,1118315)
(1118169,1118321)
(1118169,1118328)
(1118169,1118336)
(1118169,1118341)
(1118169,1118357)
(1118169,1118364)
(1118169,1118369)
(1118169,1118374)
(1118175,1118180)
(1118175,1118185)
(1118175,1118199)
(1118175,1118209)
(1118175,1118211)
(1118175,1118216)
(1118175,1118219)
(1118175,1118231)
(1118175,1118239)
(1118175,1118244)
(1118175,1118253)
(1118175,1118260)
(1118175,1118265)
(1118175,1118281)
(1118175,1118283)
(1118175,1118294)
(1118175,1118300)
(1118175,1118315)
(1118175,1118321)
(1118175,1118328)
(1118175,1118336)
(1118175,1118341)
(1118175,1118357)
(1118175,1118364)
(1118175,1118369)
(1118175,1118374)
(1118180,1118185)
(1118180,1118199)
(1118180,1118209)
(1118180,1118211)
(1118180,1118216)
(1118180,1118219)
(1118180,1118231)
(1118180,1118239)
(1118180,1118244)
(1118180,1118253)
(1118180,1118260)
(1118180,1118265)
(1118180,1118281)
(1118180,1118283)
(1118180,1118294)
(1118180,1118300)
(1118180,1118315)
(1118180,1118321)
(1118180,1118328)
(1118180,1118336)
(1118180,1118341)
(1118180,1118357)
(1118180,1118364)
(1118180,1118369)
(1118180,1118374)
(1118185,1118199)
(1118185,1118209)
(1118185,1118211)
(1118185,1118216)
(1118185,1118219)
(1118185,1118231)
(1118185,1118239)
(1118185,1118244)
(1118185,1118253)
(1118185,1118260)
(1118185,1118265)
(1118185,1118281)
(1118185,1118283)
(1118185,1118294)
(1118185,1118300)
(1118185,1118315)
(1118185,1118321)
(1118185,1118328)
(1118185,1118336)
(1118185,1118341)
(1118185,1118357)
(1118185,1118364)
(1118185,1118369)
(1118185,1118374)
(1118199,1118209)
(1118199,1118211)
(1118199,1118216)
(1118199,1118219)
(1118199,1118231)
(1118199,1118239)
(1118199,1118244)
(1118199,1118253)
(1118199,1118260)
(1118199,1118265)
(1118199,1118281)
(1118199,1118283)
(1118199,1118294)
(1118199,1118300)
(1118199,1118315)
(1118199,1118321)
(1118199,1118328)
(1118199,1118336)
(1118199,1118341)
(1118199,1118357)
(1118199,1118364)
(1118199,1118369)
(1118199,1118374)
(1118209,1118211)
(1118209,1118216)
(1118209,1118219)
(1118209,1118231)
(1118209,1118239)
(1118209,1118244)
(1118209,1118253)
(1118209,1118260)
(1118209,1118265)
(1118209,1118281)
(1118209,1118283)
(1118209,1118294)
(1118209,1118300)
(1118209,1118315)
(1118209,1118321)
(1118209,1118328)
(1118209,1118336)
(1118209,1118341)
(1118209,1118357)
(1118209,1118364)
(1118209,1118369)
(1118209,1118374)
(1118211,1118216)
(1118211,1118219)
(1118211,1118231)
(1118211,1118239)
(1118211,1118244)
(1118211,1118253)
(1118211,1118260)
(1118211,1118265)
(1118211,1118281)
(1118211,1118283)
(1118211,1118294)
(1118211,1118300)
(1118211,1118315)
(1118211,1118321)
(1118211,1118328)
(1118211,1118336)
(1118211,1118341)
(1118211,1118357)
(1118211,1118364)
(1118211,1118369)
(1118211,1118374)
(1118216,1118219)
(1118216,1118231)
(1118216,1118239)
(1118216,1118244)
(1118216,1118253)
(1118216,1118260)
(1118216,1118265)
(1118216,1118281)
(1118216,1118283)
(1118216,1118294)
(1118216,1118300)
(1118216,1118315)
(1118216,1118321)
(1118216,1118328)
(1118216,1118336)
(1118216,1118341)
(1118216,1118357)
(1118216,1118364)
(1118216,1118369)
(1118216,1118374)
(1118219,1118231)
(1118219,1118239)
(1118219,1118244)
(1118219,1118253)
(1118219,1118260)
(1118219,1118265)
(1118219,1118281)
(1118219,1118283)
(1118219,1118294)
(1118219,1118300)
(1118219,1118315)
(1118219,1118321)
(1118219,1118328)
(1118219,1118336)
(1118219,1118341)
(1118219,1118357)
(1118219,1118364)
(1118219,1118369)
(1118219,1118374)
(1118231,1118239)
(1118231,1118244)
(1118231,1118253)
(1118231,1118260)
(1118231,1118265)
(1118231,1118281)
(1118231,1118283)
(1118231,1118294)
(1118231,1118300)
(1118231,1118315)
(1118231,1118321)
(1118231,1118328)
(1118231,1118336)
(1118231,1118341)
(1118231,1118357)
(1118231,1118364)
(1118231,1118369)
(1118231,1118374)
(1118239,1118244)
(1118239,1118253)
(1118239,1118260)
(1118239,1118265)
(1118239,1118281)
(1118239,1118283)
(1118239,1118294)
(1118239,1118300)
(1118239,1118315)
(1118239,1118321)
(1118239,1118328)
(1118239,1118336)
(1118239,1118341)
(1118239,1118357)
(1118239,1118364)
(1118239,1118369)
(1118239,1118374)
(1118244,1118253)
(1118244,1118260)
(1118244,1118265)
(1118244,1118281)
(1118244,1118283)
(1118244,1118294)
(1118244,1118300)
(1118244,1118315)
(1118244,1118321)
(1118244,1118328)
(1118244,1118336)
(1118244,1118341)
(1118244,1118357)
(1118244,1118364)
(1118244,1118369)
(1118244,1118374)
(1118253,1118260)
(1118253,1118265)
(1118253,1118281)
(1118253,1118283)
(1118253,1118294)
(1118253,1118300)
(1118253,1118315)
(1118253,1118321)
(1118253,1118328)
(1118253,1118336)
(1118253,1118341)
(1118253,1118357)
(1118253,1118364)
(1118253,1118369)
(1118253,1118374)
(1118260,1118265)
(1118260,1118281)
(1118260,1118283)
(1118260,1118294)
(1118260,1118300)
(1118260,1118315)
(1118260,1118321)
(1118260,1118328)
(1118260,1118336)
(1118260,1118341)
(1118260,1118357)
(1118260,1118364)
(1118260,1118369)
(1118260,1118374)
(1118265,1118281)
(1118265,1118283)
(1118265,1118294)
(1118265,1118300)
(1118265,1118315)
(1118265,1118321)
(1118265,1118328)
(1118265,1118336)
(1118265,1118341)
(1118265,1118357)
(1118265,1118364)
(1118265,1118369)
(1118265,1118374)
(1118281,1118283)
(1118281,1118294)
(1118281,1118300)
(1118281,1118315)
(1118281,1118321)
(1118281,1118328)
(1118281,1118336)
(1118281,1118341)
(1118281,1118357)
(1118281,1118364)
(1118281,1118369)
(1118281,1118374)
(1118283,1118294)
(1118283,1118300)
(1118283,1118315)
(1118283,1118321)
(1118283,1118328)
(1118283,1118336)
(1118283,1118341)
(1118283,1118357)
(1118283,1118364)
(1118283,1118369)
(1118283,1118374)
(1118294,1118300)
(1118294,1118315)
(1118294,1118321)
(1118294,1118328)
(1118294,1118336)
(1118294,1118341)
(1118294,1118357)
(1118294,1118364)
(1118294,1118369)
(1118294,1118374)
(1118300,1118315)
(1118300,1118321)
(1118300,1118328)
(1118300,1118336)
(1118300,1118341)
(1118300,1118357)
(1118300,1118364)
(1118300,1118369)
(1118300,1118374)
(1118315,1118321)
(1118315,1118328)
(1118315,1118336)
(1118315,1118341)
(1118315,1118357)
(1118315,1118364)
(1118315,1118369)
(1118315,1118374)
(1118321,1118328)
(1118321,1118336)
(1118321,1118341)
(1118321,1118357)
(1118321,1118364)
(1118321,1118369)
(1118321,1118374)
(1118328,1118336)
(1118328,1118341)
(1118328,1118357)
(1118328,1118364)
(1118328,1118369)
(1118328,1118374)
(1118336,1118341)
(1118336,1118357)
(1118336,1118364)
(1118336,1118369)
(1118336,1118374)
(1118341,1118357)
(1118341,1118364)
(1118341,1118369)
(1118341,1118374)
(1118357,1118364)
(1118357,1118369)
(1118357,1118374)
(1118364,1118369)
(1118364,1118374)
(1118369,1118374)
(1005604,1005606)
(1005604,1005614)
(1005604,1005618)
(1005604,1118004)
(1005604,1118008)
(1005604,1118016)
(1005604,1118022)
(1005604,1118024)
(1005604,1118033)
(1005604,1118042)
(1005604,1118054)
(1005604,1118059)
(1005604,1118067)
(1005604,1118076)
(1005604,1118086)
(1005606,1005614)
(1005606,1005618)
(1005606,1118004)
(1005606,1118008)
(1005606,1118016)
(1005606,1118022)
(1005606,1118024)
(1005606,1118033)
(1005606,1118042)
(1005606,1118054)
(1005606,1118059)
(1005606,1118067)
(1005606,1118076)
(1005606,1118086)
(1005614,1005618)
(1005614,1118004)
(1005614,1118008)
(1005614,1118016)
(1005614,1118022)
(1005614,1118024)
(1005614,1118033)
(1005614,1118042)
(1005614,1118054)
(1005614,1118059)
(1005614,1118067)
(1005614,1118076)
(1005614,1118086)
(1005618,1118004)
(1005618,1118008)
(1005618,1118016)
(1005618,1118022)
(1005618,1118024)
(1005618,1118033)
(1005618,1118042)
(1005618,1118054)
(1005618,1118059)
(1005618,1118067)
(1005618,1118076)
(1005618,1118086)
(1118004,1118008)
(1118004,1118016)
(1118004,1118022)
(1118004,1118024)
(1118004,1118033)
(1118004,1118042)
(1118004,1118054)
(1118004,1118059)
(1118004,1118067)
(1118004,1118076)
(1118004,1118086)
(1118008,1118016)
(1118008,1118022)
(1118008,1118024)
(1118008,1118033)
(1118008,1118042)
(1118008,1118054)
(1118008,1118059)
(1118008,1118067)
(1118008,1118076)
(1118008,1118086)
(1118016,1118022)
(1118016,1118024)
(1118016,1118033)
(1118016,1118042)
(1118016,1118054)
(1118016,1118059)
(1118016,1118067)
(1118016,1118076)
(1118016,1118086)
(1118022,1118024)
(1118022,1118033)
(1118022,1118042)
(1118022,1118054)
(1118022,1118059)
(1118022,1118067)
(1118022,1118076)
(1118022,1118086)
(1118024,1118033)
(1118024,1118042)
(1118024,1118054)
(1118024,1118059)
(1118024,1118067)
(1118024,1118076)
(1118024,1118086)
(1118033,1118042)
(1118033,1118054)
(1118033,1118059)
(1118033,1118067)
(1118033,1118076)
(1118033,1118086)
(1118042,1118054)
(1118042,1118059)
(1118042,1118067)
(1118042,1118076)
(1118042,1118086)
(1118054,1118059)
(1118054,1118067)
(1118054,1118076)
(1118054,1118086)
(1118059,1118067)
(1118059,1118076)
(1118059,1118086)
(1118067,1118076)
(1118067,1118086)
(1118076,1118086)
(1117555,1117556)
(1117555,1117562)
(1117555,1117565)
(1117555,1117571)
(1117555,1117576)
(1117555,1117581)
(1117555,1117586)
(1117555,1117589)
(1117555,1117591)
(1117555,1117595)
(1117555,1117603)
(1117555,1117612)
(1117555,1117613)
(1117555,1117619)
(1117555,1117626)
(1117555,1117627)
(1117555,1117630)
(1117555,1117632)
(1117555,1117639)
(1117555,1117643)
(1117555,1117646)
(1117555,1117649)
(1117555,1117654)
(1117555,1117659)
(1117555,1117663)
(1117555,1117669)
(1117555,1117672)
(1117555,1117676)
(1117555,1117682)
(1117555,1117686)
(1117556,1117562)
(1117556,1117565)
(1117556,1117571)
(1117556,1117576)
(1117556,1117581)
(1117556,1117586)
(1117556,1117589)
(1117556,1117591)
(1117556,1117595)
(1117556,1117603)
(1117556,1117612)
(1117556,1117613)
(1117556,1117619)
(1117556,1117626)
(1117556,1117627)
(1117556,1117630)
(1117556,1117632)
(1117556,1117639)
(1117556,1117643)
(1117556,1117646)
(1117556,1117649)
(1117556,1117654)
(1117556,1117659)
(1117556,1117663)
(1117556,1117669)
(1117556,1117672)
(1117556,1117676)
(1117556,1117682)
(1117556,1117686)
(1117562,1117565)
(1117562,1117571)
(1117562,1117576)
(1117562,1117581)
(1117562,1117586)
(1117562,1117589)
(1117562,1117591)
(1117562,1117595)
(1117562,1117603)
(1117562,1117612)
(1117562,1117613)
(1117562,1117619)
(1117562,1117626)
(1117562,1117627)
(1117562,1117630)
(1117562,1117632)
(1117562,1117639)
(1117562,1117643)
(1117562,1117646)
(1117562,1117649)
(1117562,1117654)
(1117562,1117659)
(1117562,1117663)
(1117562,1117669)
(1117562,1117672)
(1117562,1117676)
(1117562,1117682)
(1117562,1117686)
(1117565,1117571)
(1117565,1117576)
(1117565,1117581)
(1117565,1117586)
(1117565,1117589)
(1117565,1117591)
(1117565,1117595)
(1117565,1117603)
(1117565,1117612)
(1117565,1117613)
(1117565,1117619)
(1117565,1117626)
(1117565,1117627)
(1117565,1117630)
(1117565,1117632)
(1117565,1117639)
(1117565,1117643)
(1117565,1117646)
(1117565,1117649)
(1117565,1117654)
(1117565,1117659)
(1117565,1117663)
(1117565,1117669)
(1117565,1117672)
(1117565,1117676)
(1117565,1117682)
(1117565,1117686)
(1117571,1117576)
(1117571,1117581)
(1117571,1117586)
(1117571,1117589)
(1117571,1117591)
(1117571,1117595)
(1117571,1117603)
(1117571,1117612)
(1117571,1117613)
(1117571,1117619)
(1117571,1117626)
(1117571,1117627)
(1117571,1117630)
(1117571,1117632)
(1117571,1117639)
(1117571,1117643)
(1117571,1117646)
(1117571,1117649)
(1117571,1117654)
(1117571,1117659)
(1117571,1117663)
(1117571,1117669)
(1117571,1117672)
(1117571,1117676)
(1117571,1117682)
(1117571,1117686)
(1117576,1117581)
(1117576,1117586)
(1117576,1117589)
(1117576,1117591)
(1117576,1117595)
(1117576,1117603)
(1117576,1117612)
(1117576,1117613)
(1117576,1117619)
(1117576,1117626)
(1117576,1117627)
(1117576,1117630)
(1117576,1117632)
(1117576,1117639)
(1117576,1117643)
(1117576,1117646)
(1117576,1117649)
(1117576,1117654)
(1117576,1117659)
(1117576,1117663)
(1117576,1117669)
(1117576,1117672)
(1117576,1117676)
(1117576,1117682)
(1117576,1117686)
(1117581,1117586)
(1117581,1117589)
(1117581,1117591)
(1117581,1117595)
(1117581,1117603)
(1117581,1117612)
(1117581,1117613)
(1117581,1117619)
(1117581,1117626)
(1117581,1117627)
(1117581,1117630)
(1117581,1117632)
(1117581,1117639)
(1117581,1117643)
(1117581,1117646)
(1117581,1117649)
(1117581,1117654)
(1117581,1117659)
(1117581,1117663)
(1117581,1117669)
(1117581,1117672)
(1117581,1117676)
(1117581,1117682)
(1117581,1117686)
(1117586,1117589)
(1117586,1117591)
(1117586,1117595)
(1117586,1117603)
(1117586,1117612)
(1117586,1117613)
(1117586,1117619)
(1117586,1117626)
(1117586,1117627)
(1117586,1117630)
(1117586,1117632)
(1117586,1117639)
(1117586,1117643)
(1117586,1117646)
(1117586,1117649)
(1117586,1117654)
(1117586,1117659)
(1117586,1117663)
(1117586,1117669)
(1117586,1117672)
(1117586,1117676)
(1117586,1117682)
(1117586,1117686)
(1117589,1117591)
(1117589,1117595)
(1117589,1117603)
(1117589,1117612)
(1117589,1117613)
(1117589,1117619)
(1117589,1117626)
(1117589,1117627)
(1117589,1117630)
(1117589,1117632)
(1117589,1117639)
(1117589,1117643)
(1117589,1117646)
(1117589,1117649)
(1117589,1117654)
(1117589,1117659)
(1117589,1117663)
(1117589,1117669)
(1117589,1117672)
(1117589,1117676)
(1117589,1117682)
(1117589,1117686)
(1117591,1117595)
(1117591,1117603)
(1117591,1117612)
(1117591,1117613)
(1117591,1117619)
(1117591,1117626)
(1117591,1117627)
(1117591,1117630)
(1117591,1117632)
(1117591,1117639)
(1117591,1117643)
(1117591,1117646)
(1117591,1117649)
(1117591,1117654)
(1117591,1117659)
(1117591,1117663)
(1117591,1117669)
(1117591,1117672)
(1117591,1117676)
(1117591,1117682)
(1117591,1117686)
(1117595,1117603)
(1117595,1117612)
(1117595,1117613)
(1117595,1117619)
(1117595,1117626)
(1117595,1117627)
(1117595,1117630)
(1117595,1117632)
(1117595,1117639)
(1117595,1117643)
(1117595,1117646)
(1117595,1117649)
(1117595,1117654)
(1117595,1117659)
(1117595,1117663)
(1117595,1117669)
(1117595,1117672)
(1117595,1117676)
(1117595,1117682)
(1117595,1117686)
(1117603,1117612)
(1117603,1117613)
(1117603,1117619)
(1117603,1117626)
(1117603,1117627)
(1117603,1117630)
(1117603,1117632)
(1117603,1117639)
(1117603,1117643)
(1117603,1117646)
(1117603,1117649)
(1117603,1117654)
(1117603,1117659)
(1117603,1117663)
(1117603,1117669)
(1117603,1117672)
(1117603,1117676)
(1117603,1117682)
(1117603,1117686)
(1117612,1117613)
(1117612,1117619)
(1117612,1117626)
(1117612,1117627)
(1117612,1117630)
(1117612,1117632)
(1117612,1117639)
(1117612,1117643)
(1117612,1117646)
(1117612,1117649)
(1117612,1117654)
(1117612,1117659)
(1117612,1117663)
(1117612,1117669)
(1117612,1117672)
(1117612,1117676)
(1117612,1117682)
(1117612,1117686)
(1117613,1117619)
(1117613,1117626)
(1117613,1117627)
(1117613,1117630)
(1117613,1117632)
(1117613,1117639)
(1117613,1117643)
(1117613,1117646)
(1117613,1117649)
(1117613,1117654)
(1117613,1117659)
(1117613,1117663)
(1117613,1117669)
(1117613,1117672)
(1117613,1117676)
(1117613,1117682)
(1117613,1117686)
(1117619,1117626)
(1117619,1117627)
(1117619,1117630)
(1117619,1117632)
(1117619,1117639)
(1117619,1117643)
(1117619,1117646)
(1117619,1117649)
(1117619,1117654)
(1117619,1117659)
(1117619,1117663)
(1117619,1117669)
(1117619,1117672)
(1117619,1117676)
(1117619,1117682)
(1117619,1117686)
(1117626,1117627)
(1117626,1117630)
(1117626,1117632)
(1117626,1117639)
(1117626,1117643)
(1117626,1117646)
(1117626,1117649)
(1117626,1117654)
(1117626,1117659)
(1117626,1117663)
(1117626,1117669)
(1117626,1117672)
(1117626,1117676)
(1117626,1117682)
(1117626,1117686)
(1117627,1117630)
(1117627,1117632)
(1117627,1117639)
(1117627,1117643)
(1117627,1117646)
(1117627,1117649)
(1117627,1117654)
(1117627,1117659)
(1117627,1117663)
(1117627,1117669)
(1117627,1117672)
(1117627,1117676)
(1117627,1117682)
(1117627,1117686)
(1117630,1117632)
(1117630,1117639)
(1117630,1117643)
(1117630,1117646)
(1117630,1117649)
(1117630,1117654)
(1117630,1117659)
(1117630,1117663)
(1117630,1117669)
(1117630,1117672)
(1117630,1117676)
(1117630,1117682)
(1117630,1117686)
(1117632,1117639)
(1117632,1117643)
(1117632,1117646)
(1117632,1117649)
(1117632,1117654)
(1117632,1117659)
(1117632,1117663)
(1117632,1117669)
(1117632,1117672)
(1117632,1117676)
(1117632,1117682)
(1117632,1117686)
(1117639,1117643)
(1117639,1117646)
(1117639,1117649)
(1117639,1117654)
(1117639,1117659)
(1117639,1117663)
(1117639,1117669)
(1117639,1117672)
(1117639,1117676)
(1117639,1117682)
(1117639,1117686)
(1117643,1117646)
(1117643,1117649)
(1117643,1117654)
(1117643,1117659)
(1117643,1117663)
(1117643,1117669)
(1117643,1117672)
(1117643,1117676)
(1117643,1117682)
(1117643,1117686)
(1117646,1117649)
(1117646,1117654)
(1117646,1117659)
(1117646,1117663)
(1117646,1117669)
(1117646,1117672)
(1117646,1117676)
(1117646,1117682)
(1117646,1117686)
(1117649,1117654)
(1117649,1117659)
(1117649,1117663)
(1117649,1117669)
(1117649,1117672)
(1117649,1117676)
(1117649,1117682)
(1117649,1117686)
(1117654,1117659)
(1117654,1117663)
(1117654,1117669)
(1117654,1117672)
(1117654,1117676)
(1117654,1117682)
(1117654,1117686)
(1117659,1117663)
(1117659,1117669)
(1117659,1117672)
(1117659,1117676)
(1117659,1117682)
(1117659,1117686)
(1117663,1117669)
(1117663,1117672)
(1117663,1117676)
(1117663,1117682)
(1117663,1117686)
(1117669,1117672)
(1117669,1117676)
(1117669,1117682)
(1117669,1117686)
(1117672,1117676)
(1117672,1117682)
(1117672,1117686)
(1117676,1117682)
(1117676,1117686)
(1117682,1117686)
(1117697,1117705)
(1117697,1117710)
(1117697,1117711)
(1117697,1117715)
(1117697,1117721)
(1117697,1117724)
(1117705,1117710)
(1117705,1117711)
(1117705,1117715)
(1117705,1117721)
(1117705,1117724)
(1117710,1117711)
(1117710,1117715)
(1117710,1117721)
(1117710,1117724)
(1117711,1117715)
(1117711,1117721)
(1117711,1117724)
(1117715,1117721)
(1117715,1117724)
(1117721,1117724)
(1117728,1117730)
(1117728,1117734)
(1117728,1117738)
(1117728,1117744)
(1117728,1117748)
(1117728,1117753)
(1117728,1117759)
(1117728,1117763)
(1117728,1117769)
(1117728,1117772)
(1117728,1117782)
(1117728,1117787)
(1117728,1117794)
(1117728,1117799)
(1117728,1117813)
(1117728,1117830)
(1117728,1117833)
(1117728,1117837)
(1117728,1117844)
(1117728,1117846)
(1117728,1117854)
(1117728,1117859)
(1117728,1117867)
(1117728,1117870)
(1117728,1117874)
(1117728,1117879)
(1117728,1117886)
(1117728,1117893)
(1117728,1117906)
(1117728,1117908)
(1117728,1117915)
(1117728,1117919)
(1117728,1117922)
(1117728,1117927)
(1117728,1117933)
(1117728,1117941)
(1117728,1117943)
(1117728,1117956)
(1117728,1117959)
(1117728,1117963)
(1117728,1117971)
(1117728,1117980)
(1117728,1117988)
(1117728,1117992)
(1117728,1117995)
(1117730,1117734)
(1117730,1117738)
(1117730,1117744)
(1117730,1117748)
(1117730,1117753)
(1117730,1117759)
(1117730,1117763)
(1117730,1117769)
(1117730,1117772)
(1117730,1117782)
(1117730,1117787)
(1117730,1117794)
(1117730,1117799)
(1117730,1117813)
(1117730,1117830)
(1117730,1117833)
(1117730,1117837)
(1117730,1117844)
(1117730,1117846)
(1117730,1117854)
(1117730,1117859)
(1117730,1117867)
(1117730,1117870)
(1117730,1117874)
(1117730,1117879)
(1117730,1117886)
(1117730,1117893)
(1117730,1117906)
(1117730,1117908)
(1117730,1117915)
(1117730,1117919)
(1117730,1117922)
(1117730,1117927)
(1117730,1117933)
(1117730,1117941)
(1117730,1117943)
(1117730,1117956)
(1117730,1117959)
(1117730,1117963)
(1117730,1117971)
(1117730,1117980)
(1117730,1117988)
(1117730,1117992)
(1117730,1117995)
(1117734,1117738)
(1117734,1117744)
(1117734,1117748)
(1117734,1117753)
(1117734,1117759)
(1117734,1117763)
(1117734,1117769)
(1117734,1117772)
(1117734,1117782)
(1117734,1117787)
(1117734,1117794)
(1117734,1117799)
(1117734,1117813)
(1117734,1117830)
(1117734,1117833)
(1117734,1117837)
(1117734,1117844)
(1117734,1117846)
(1117734,1117854)
(1117734,1117859)
(1117734,1117867)
(1117734,1117870)
(1117734,1117874)
(1117734,1117879)
(1117734,1117886)
(1117734,1117893)
(1117734,1117906)
(1117734,1117908)
(1117734,1117915)
(1117734,1117919)
(1117734,1117922)
(1117734,1117927)
(1117734,1117933)
(1117734,1117941)
(1117734,1117943)
(1117734,1117956)
(1117734,1117959)
(1117734,1117963)
(1117734,1117971)
(1117734,1117980)
(1117734,1117988)
(1117734,1117992)
(1117734,1117995)
(1117738,1117744)
(1117738,1117748)
(1117738,1117753)
(1117738,1117759)
(1117738,1117763)
(1117738,1117769)
(1117738,1117772)
(1117738,1117782)
(1117738,1117787)
(1117738,1117794)
(1117738,1117799)
(1117738,1117813)
(1117738,1117830)
(1117738,1117833)
(1117738,1117837)
(1117738,1117844)
(1117738,1117846)
(1117738,1117854)
(1117738,1117859)
(1117738,1117867)
(1117738,1117870)
(1117738,1117874)
(1117738,1117879)
(1117738,1117886)
(1117738,1117893)
(1117738,1117906)
(1117738,1117908)
(1117738,1117915)
(1117738,1117919)
(1117738,1117922)
(1117738,1117927)
(1117738,1117933)
(1117738,1117941)
(1117738,1117943)
(1117738,1117956)
(1117738,1117959)
(1117738,1117963)
(1117738,1117971)
(1117738,1117980)
(1117738,1117988)
(1117738,1117992)
(1117738,1117995)
(1117744,1117748)
(1117744,1117753)
(1117744,1117759)
(1117744,1117763)
(1117744,1117769)
(1117744,1117772)
(1117744,1117782)
(1117744,1117787)
(1117744,1117794)
(1117744,1117799)
(1117744,1117813)
(1117744,1117830)
(1117744,1117833)
(1117744,1117837)
(1117744,1117844)
(1117744,1117846)
(1117744,1117854)
(1117744,1117859)
(1117744,1117867)
(1117744,1117870)
(1117744,1117874)
(1117744,1117879)
(1117744,1117886)
(1117744,1117893)
(1117744,1117906)
(1117744,1117908)
(1117744,1117915)
(1117744,1117919)
(1117744,1117922)
(1117744,1117927)
(1117744,1117933)
(1117744,1117941)
(1117744,1117943)
(1117744,1117956)
(1117744,1117959)
(1117744,1117963)
(1117744,1117971)
(1117744,1117980)
(1117744,1117988)
(1117744,1117992)
(1117744,1117995)
(1117748,1117753)
(1117748,1117759)
(1117748,1117763)
(1117748,1117769)
(1117748,1117772)
(1117748,1117782)
(1117748,1117787)
(1117748,1117794)
(1117748,1117799)
(1117748,1117813)
(1117748,1117830)
(1117748,1117833)
(1117748,1117837)
(1117748,1117844)
(1117748,1117846)
(1117748,1117854)
(1117748,1117859)
(1117748,1117867)
(1117748,1117870)
(1117748,1117874)
(1117748,1117879)
(1117748,1117886)
(1117748,1117893)
(1117748,1117906)
(1117748,1117908)
(1117748,1117915)
(1117748,1117919)
(1117748,1117922)
(1117748,1117927)
(1117748,1117933)
(1117748,1117941)
(1117748,1117943)
(1117748,1117956)
(1117748,1117959)
(1117748,1117963)
(1117748,1117971)
(1117748,1117980)
(1117748,1117988)
(1117748,1117992)
(1117748,1117995)
(1117753,1117759)
(1117753,1117763)
(1117753,1117769)
(1117753,1117772)
(1117753,1117782)
(1117753,1117787)
(1117753,1117794)
(1117753,1117799)
(1117753,1117813)
(1117753,1117830)
(1117753,1117833)
(1117753,1117837)
(1117753,1117844)
(1117753,1117846)
(1117753,1117854)
(1117753,1117859)
(1117753,1117867)
(1117753,1117870)
(1117753,1117874)
(1117753,1117879)
(1117753,1117886)
(1117753,1117893)
(1117753,1117906)
(1117753,1117908)
(1117753,1117915)
(1117753,1117919)
(1117753,1117922)
(1117753,1117927)
(1117753,1117933)
(1117753,1117941)
(1117753,1117943)
(1117753,1117956)
(1117753,1117959)
(1117753,1117963)
(1117753,1117971)
(1117753,1117980)
(1117753,1117988)
(1117753,1117992)
(1117753,1117995)
(1117759,1117763)
(1117759,1117769)
(1117759,1117772)
(1117759,1117782)
(1117759,1117787)
(1117759,1117794)
(1117759,1117799)
(1117759,1117813)
(1117759,1117830)
(1117759,1117833)
(1117759,1117837)
(1117759,1117844)
(1117759,1117846)
(1117759,1117854)
(1117759,1117859)
(1117759,1117867)
(1117759,1117870)
(1117759,1117874)
(1117759,1117879)
(1117759,1117886)
(1117759,1117893)
(1117759,1117906)
(1117759,1117908)
(1117759,1117915)
(1117759,1117919)
(1117759,1117922)
(1117759,1117927)
(1117759,1117933)
(1117759,1117941)
(1117759,1117943)
(1117759,1117956)
(1117759,1117959)
(1117759,1117963)
(1117759,1117971)
(1117759,1117980)
(1117759,1117988)
(1117759,1117992)
(1117759,1117995)
(1117763,1117769)
(1117763,1117772)
(1117763,1117782)
(1117763,1117787)
(1117763,1117794)
(1117763,1117799)
(1117763,1117813)
(1117763,1117830)
(1117763,1117833)
(1117763,1117837)
(1117763,1117844)
(1117763,1117846)
(1117763,1117854)
(1117763,1117859)
(1117763,1117867)
(1117763,1117870)
(1117763,1117874)
(1117763,1117879)
(1117763,1117886)
(1117763,1117893)
(1117763,1117906)
(1117763,1117908)
(1117763,1117915)
(1117763,1117919)
(1117763,1117922)
(1117763,1117927)
(1117763,1117933)
(1117763,1117941)
(1117763,1117943)
(1117763,1117956)
(1117763,1117959)
(1117763,1117963)
(1117763,1117971)
(1117763,1117980)
(1117763,1117988)
(1117763,1117992)
(1117763,1117995)
(1117769,1117772)
(1117769,1117782)
(1117769,1117787)
(1117769,1117794)
(1117769,1117799)
(1117769,1117813)
(1117769,1117830)
(1117769,1117833)
(1117769,1117837)
(1117769,1117844)
(1117769,1117846)
(1117769,1117854)
(1117769,1117859)
(1117769,1117867)
(1117769,1117870)
(1117769,1117874)
(1117769,1117879)
(1117769,1117886)
(1117769,1117893)
(1117769,1117906)
(1117769,1117908)
(1117769,1117915)
(1117769,1117919)
(1117769,1117922)
(1117769,1117927)
(1117769,1117933)
(1117769,1117941)
(1117769,1117943)
(1117769,1117956)
(1117769,1117959)
(1117769,1117963)
(1117769,1117971)
(1117769,1117980)
(1117769,1117988)
(1117769,1117992)
(1117769,1117995)
(1117772,1117782)
(1117772,1117787)
(1117772,1117794)
(1117772,1117799)
(1117772,1117813)
(1117772,1117830)
(1117772,1117833)
(1117772,1117837)
(1117772,1117844)
(1117772,1117846)
(1117772,1117854)
(1117772,1117859)
(1117772,1117867)
(1117772,1117870)
(1117772,1117874)
(1117772,1117879)
(1117772,1117886)
(1117772,1117893)
(1117772,1117906)
(1117772,1117908)
(1117772,1117915)
(1117772,1117919)
(1117772,1117922)
(1117772,1117927)
(1117772,1117933)
(1117772,1117941)
(1117772,1117943)
(1117772,1117956)
(1117772,1117959)
(1117772,1117963)
(1117772,1117971)
(1117772,1117980)
(1117772,1117988)
(1117772,1117992)
(1117772,1117995)
(1117782,1117787)
(1117782,1117794)
(1117782,1117799)
(1117782,1117813)
(1117782,1117830)
(1117782,1117833)
(1117782,1117837)
(1117782,1117844)
(1117782,1117846)
(1117782,1117854)
(1117782,1117859)
(1117782,1117867)
(1117782,1117870)
(1117782,1117874)
(1117782,1117879)
(1117782,1117886)
(1117782,1117893)
(1117782,1117906)
(1117782,1117908)
(1117782,1117915)
(1117782,1117919)
(1117782,1117922)
(1117782,1117927)
(1117782,1117933)
(1117782,1117941)
(1117782,1117943)
(1117782,1117956)
(1117782,1117959)
(1117782,1117963)
(1117782,1117971)
(1117782,1117980)
(1117782,1117988)
(1117782,1117992)
(1117782,1117995)
(1117787,1117794)
(1117787,1117799)
(1117787,1117813)
(1117787,1117830)
(1117787,1117833)
(1117787,1117837)
(1117787,1117844)
(1117787,1117846)
(1117787,1117854)
(1117787,1117859)
(1117787,1117867)
(1117787,1117870)
(1117787,1117874)
(1117787,1117879)
(1117787,1117886)
(1117787,1117893)
(1117787,1117906)
(1117787,1117908)
(1117787,1117915)
(1117787,1117919)
(1117787,1117922)
(1117787,1117927)
(1117787,1117933)
(1117787,1117941)
(1117787,1117943)
(1117787,1117956)
(1117787,1117959)
(1117787,1117963)
(1117787,1117971)
(1117787,1117980)
(1117787,1117988)
(1117787,1117992)
(1117787,1117995)
(1117794,1117799)
(1117794,1117813)
(1117794,1117830)
(1117794,1117833)
(1117794,1117837)
(1117794,1117844)
(1117794,1117846)
(1117794,1117854)
(1117794,1117859)
(1117794,1117867)
(1117794,1117870)
(1117794,1117874)
(1117794,1117879)
(1117794,1117886)
(1117794,1117893)
(1117794,1117906)
(1117794,1117908)
(1117794,1117915)
(1117794,1117919)
(1117794,1117922)
(1117794,1117927)
(1117794,1117933)
(1117794,1117941)
(1117794,1117943)
(1117794,1117956)
(1117794,1117959)
(1117794,1117963)
(1117794,1117971)
(1117794,1117980)
(1117794,1117988)
(1117794,1117992)
(1117794,1117995)
(1117799,1117813)
(1117799,1117830)
(1117799,1117833)
(1117799,1117837)
(1117799,1117844)
(1117799,1117846)
(1117799,1117854)
(1117799,1117859)
(1117799,1117867)
(1117799,1117870)
(1117799,1117874)
(1117799,1117879)
(1117799,1117886)
(1117799,1117893)
(1117799,1117906)
(1117799,1117908)
(1117799,1117915)
(1117799,1117919)
(1117799,1117922)
(1117799,1117927)
(1117799,1117933)
(1117799,1117941)
(1117799,1117943)
(1117799,1117956)
(1117799,1117959)
(1117799,1117963)
(1117799,1117971)
(1117799,1117980)
(1117799,1117988)
(1117799,1117992)
(1117799,1117995)
(1117813,1117830)
(1117813,1117833)
(1117813,1117837)
(1117813,1117844)
(1117813,1117846)
(1117813,1117854)
(1117813,1117859)
(1117813,1117867)
(1117813,1117870)
(1117813,1117874)
(1117813,1117879)
(1117813,1117886)
(1117813,1117893)
(1117813,1117906)
(1117813,1117908)
(1117813,1117915)
(1117813,1117919)
(1117813,1117922)
(1117813,1117927)
(1117813,1117933)
(1117813,1117941)
(1117813,1117943)
(1117813,1117956)
(1117813,1117959)
(1117813,1117963)
(1117813,1117971)
(1117813,1117980)
(1117813,1117988)
(1117813,1117992)
(1117813,1117995)
(1117830,1117833)
(1117830,1117837)
(1117830,1117844)
(1117830,1117846)
(1117830,1117854)
(1117830,1117859)
(1117830,1117867)
(1117830,1117870)
(1117830,1117874)
(1117830,1117879)
(1117830,1117886)
(1117830,1117893)
(1117830,1117906)
(1117830,1117908)
(1117830,1117915)
(1117830,1117919)
(1117830,1117922)
(1117830,1117927)
(1117830,1117933)
(1117830,1117941)
(1117830,1117943)
(1117830,1117956)
(1117830,1117959)
(1117830,1117963)
(1117830,1117971)
(1117830,1117980)
(1117830,1117988)
(1117830,1117992)
(1117830,1117995)
(1117833,1117837)
(1117833,1117844)
(1117833,1117846)
(1117833,1117854)
(1117833,1117859)
(1117833,1117867)
(1117833,1117870)
(1117833,1117874)
(1117833,1117879)
(1117833,1117886)
(1117833,1117893)
(1117833,1117906)
(1117833,1117908)
(1117833,1117915)
(1117833,1117919)
(1117833,1117922)
(1117833,1117927)
(1117833,1117933)
(1117833,1117941)
(1117833,1117943)
(1117833,1117956)
(1117833,1117959)
(1117833,1117963)
(1117833,1117971)
(1117833,1117980)
(1117833,1117988)
(1117833,1117992)
(1117833,1117995)
(1117837,1117844)
(1117837,1117846)
(1117837,1117854)
(1117837,1117859)
(1117837,1117867)
(1117837,1117870)
(1117837,1117874)
(1117837,1117879)
(1117837,1117886)
(1117837,1117893)
(1117837,1117906)
(1117837,1117908)
(1117837,1117915)
(1117837,1117919)
(1117837,1117922)
(1117837,1117927)
(1117837,1117933)
(1117837,1117941)
(1117837,1117943)
(1117837,1117956)
(1117837,1117959)
(1117837,1117963)
(1117837,1117971)
(1117837,1117980)
(1117837,1117988)
(1117837,1117992)
(1117837,1117995)
(1117844,1117846)
(1117844,1117854)
(1117844,1117859)
(1117844,1117867)
(1117844,1117870)
(1117844,1117874)
(1117844,1117879)
(1117844,1117886)
(1117844,1117893)
(1117844,1117906)
(1117844,1117908)
(1117844,1117915)
(1117844,1117919)
(1117844,1117922)
(1117844,1117927)
(1117844,1117933)
(1117844,1117941)
(1117844,1117943)
(1117844,1117956)
(1117844,1117959)
(1117844,1117963)
(1117844,1117971)
(1117844,1117980)
(1117844,1117988)
(1117844,1117992)
(1117844,1117995)
(1117846,1117854)
(1117846,1117859)
(1117846,1117867)
(1117846,1117870)
(1117846,1117874)
(1117846,1117879)
(1117846,1117886)
(1117846,1117893)
(1117846,1117906)
(1117846,1117908)
(1117846,1117915)
(1117846,1117919)
(1117846,1117922)
(1117846,1117927)
(1117846,1117933)
(1117846,1117941)
(1117846,1117943)
(1117846,1117956)
(1117846,1117959)
(1117846,1117963)
(1117846,1117971)
(1117846,1117980)
(1117846,1117988)
(1117846,1117992)
(1117846,1117995)
(1117854,1117859)
(1117854,1117867)
(1117854,1117870)
(1117854,1117874)
(1117854,1117879)
(1117854,1117886)
(1117854,1117893)
(1117854,1117906)
(1117854,1117908)
(1117854,1117915)
(1117854,1117919)
(1117854,1117922)
(1117854,1117927)
(1117854,1117933)
(1117854,1117941)
(1117854,1117943)
(1117854,1117956)
(1117854,1117959)
(1117854,1117963)
(1117854,1117971)
(1117854,1117980)
(1117854,1117988)
(1117854,1117992)
(1117854,1117995)
(1117859,1117867)
(1117859,1117870)
(1117859,1117874)
(1117859,1117879)
(1117859,1117886)
(1117859,1117893)
(1117859,1117906)
(1117859,1117908)
(1117859,1117915)
(1117859,1117919)
(1117859,1117922)
(1117859,1117927)
(1117859,1117933)
(1117859,1117941)
(1117859,1117943)
(1117859,1117956)
(1117859,1117959)
(1117859,1117963)
(1117859,1117971)
(1117859,1117980)
(1117859,1117988)
(1117859,1117992)
(1117859,1117995)
(1117867,1117870)
(1117867,1117874)
(1117867,1117879)
(1117867,1117886)
(1117867,1117893)
(1117867,1117906)
(1117867,1117908)
(1117867,1117915)
(1117867,1117919)
(1117867,1117922)
(1117867,1117927)
(1117867,1117933)
(1117867,1117941)
(1117867,1117943)
(1117867,1117956)
(1117867,1117959)
(1117867,1117963)
(1117867,1117971)
(1117867,1117980)
(1117867,1117988)
(1117867,1117992)
(1117867,1117995)
(1117870,1117874)
(1117870,1117879)
(1117870,1117886)
(1117870,1117893)
(1117870,1117906)
(1117870,1117908)
(1117870,1117915)
(1117870,1117919)
(1117870,1117922)
(1117870,1117927)
(1117870,1117933)
(1117870,1117941)
(1117870,1117943)
(1117870,1117956)
(1117870,1117959)
(1117870,1117963)
(1117870,1117971)
(1117870,1117980)
(1117870,1117988)
(1117870,1117992)
(1117870,1117995)
(1117874,1117879)
(1117874,1117886)
(1117874,1117893)
(1117874,1117906)
(1117874,1117908)
(1117874,1117915)
(1117874,1117919)
(1117874,1117922)
(1117874,1117927)
(1117874,1117933)
(1117874,1117941)
(1117874,1117943)
(1117874,1117956)
(1117874,1117959)
(1117874,1117963)
(1117874,1117971)
(1117874,1117980)
(1117874,1117988)
(1117874,1117992)
(1117874,1117995)
(1117879,1117886)
(1117879,1117893)
(1117879,1117906)
(1117879,1117908)
(1117879,1117915)
(1117879,1117919)
(1117879,1117922)
(1117879,1117927)
(1117879,1117933)
(1117879,1117941)
(1117879,1117943)
(1117879,1117956)
(1117879,1117959)
(1117879,1117963)
(1117879,1117971)
(1117879,1117980)
(1117879,1117988)
(1117879,1117992)
(1117879,1117995)
(1117886,1117893)
(1117886,1117906)
(1117886,1117908)
(1117886,1117915)
(1117886,1117919)
(1117886,1117922)
(1117886,1117927)
(1117886,1117933)
(1117886,1117941)
(1117886,1117943)
(1117886,1117956)
(1117886,1117959)
(1117886,1117963)
(1117886,1117971)
(1117886,1117980)
(1117886,1117988)
(1117886,1117992)
(1117886,1117995)
(1117893,1117906)
(1117893,1117908)
(1117893,1117915)
(1117893,1117919)
(1117893,1117922)
(1117893,1117927)
(1117893,1117933)
(1117893,1117941)
(1117893,1117943)
(1117893,1117956)
(1117893,1117959)
(1117893,1117963)
(1117893,1117971)
(1117893,1117980)
(1117893,1117988)
(1117893,1117992)
(1117893,1117995)
(1117906,1117908)
(1117906,1117915)
(1117906,1117919)
(1117906,1117922)
(1117906,1117927)
(1117906,1117933)
(1117906,1117941)
(1117906,1117943)
(1117906,1117956)
(1117906,1117959)
(1117906,1117963)
(1117906,1117971)
(1117906,1117980)
(1117906,1117988)
(1117906,1117992)
(1117906,1117995)
(1117908,1117915)
(1117908,1117919)
(1117908,1117922)
(1117908,1117927)
(1117908,1117933)
(1117908,1117941)
(1117908,1117943)
(1117908,1117956)
(1117908,1117959)
(1117908,1117963)
(1117908,1117971)
(1117908,1117980)
(1117908,1117988)
(1117908,1117992)
(1117908,1117995)
(1117915,1117919)
(1117915,1117922)
(1117915,1117927)
(1117915,1117933)
(1117915,1117941)
(1117915,1117943)
(1117915,1117956)
(1117915,1117959)
(1117915,1117963)
(1117915,1117971)
(1117915,1117980)
(1117915,1117988)
(1117915,1117992)
(1117915,1117995)
(1117919,1117922)
(1117919,1117927)
(1117919,1117933)
(1117919,1117941)
(1117919,1117943)
(1117919,1117956)
(1117919,1117959)
(1117919,1117963)
(1117919,1117971)
(1117919,1117980)
(1117919,1117988)
(1117919,1117992)
(1117919,1117995)
(1117922,1117927)
(1117922,1117933)
(1117922,1117941)
(1117922,1117943)
(1117922,1117956)
(1117922,1117959)
(1117922,1117963)
(1117922,1117971)
(1117922,1117980)
(1117922,1117988)
(1117922,1117992)
(1117922,1117995)
(1117927,1117933)
(1117927,1117941)
(1117927,1117943)
(1117927,1117956)
(1117927,1117959)
(1117927,1117963)
(1117927,1117971)
(1117927,1117980)
(1117927,1117988)
(1117927,1117992)
(1117927,1117995)
(1117933,1117941)
(1117933,1117943)
(1117933,1117956)
(1117933,1117959)
(1117933,1117963)
(1117933,1117971)
(1117933,1117980)
(1117933,1117988)
(1117933,1117992)
(1117933,1117995)
(1117941,1117943)
(1117941,1117956)
(1117941,1117959)
(1117941,1117963)
(1117941,1117971)
(1117941,1117980)
(1117941,1117988)
(1117941,1117992)
(1117941,1117995)
(1117943,1117956)
(1117943,1117959)
(1117943,1117963)
(1117943,1117971)
(1117943,1117980)
(1117943,1117988)
(1117943,1117992)
(1117943,1117995)
(1117956,1117959)
(1117956,1117963)
(1117956,1117971)
(1117956,1117980)
(1117956,1117988)
(1117956,1117992)
(1117956,1117995)
(1117959,1117963)
(1117959,1117971)
(1117959,1117980)
(1117959,1117988)
(1117959,1117992)
(1117959,1117995)
(1117963,1117971)
(1117963,1117980)
(1117963,1117988)
(1117963,1117992)
(1117963,1117995)
(1117971,1117980)
(1117971,1117988)
(1117971,1117992)
(1117971,1117995)
(1117980,1117988)
(1117980,1117992)
(1117980,1117995)
(1117988,1117992)
(1117988,1117995)
(1117992,1117995)
(1118385,1118389)
(1118385,1118394)
(1118389,1118394)
(1118415,1118422)
(1118426,1118428)
(1118426,1118433)
(1118426,1118434)
(1118428,1118433)
(1118428,1118434)
(1118433,1118434)
(1118497,1118498)
(1118506,1118511)
(1118519,1118522)
(1118519,1118528)
(1118522,1118528)
(1118535,1118539)
(1118553,1118556)
(1118553,1118559)
(1118556,1118559)
(1118580,1118585)
(1118580,1118594)
(1118580,1118605)
(1118580,1118609)
(1118580,1118617)
(1118585,1118594)
(1118585,1118605)
(1118585,1118609)
(1118585,1118617)
(1118594,1118605)
(1118594,1118609)
(1118594,1118617)
(1118605,1118609)
(1118605,1118617)
(1118609,1118617)
(1118626,1118639)
(1118626,1118641)
(1118626,1118654)
(1118626,1118658)
(1118626,1118662)
(1118626,1118669)
(1118626,1118679)
(1118626,1118688)
(1118626,1118695)
(1118626,1118701)
(1118626,1118712)
(1118626,1118721)
(1118626,1118726)
(1118626,1118734)
(1118626,1118741)
(1118639,1118641)
(1118639,1118654)
(1118639,1118658)
(1118639,1118662)
(1118639,1118669)
(1118639,1118679)
(1118639,1118688)
(1118639,1118695)
(1118639,1118701)
(1118639,1118712)
(1118639,1118721)
(1118639,1118726)
(1118639,1118734)
(1118639,1118741)
(1118641,1118654)
(1118641,1118658)
(1118641,1118662)
(1118641,1118669)
(1118641,1118679)
(1118641,1118688)
(1118641,1118695)
(1118641,1118701)
(1118641,1118712)
(1118641,1118721)
(1118641,1118726)
(1118641,1118734)
(1118641,1118741)
(1118654,1118658)
(1118654,1118662)
(1118654,1118669)
(1118654,1118679)
(1118654,1118688)
(1118654,1118695)
(1118654,1118701)
(1118654,1118712)
(1118654,1118721)
(1118654,1118726)
(1118654,1118734)
(1118654,1118741)
(1118658,1118662)
(1118658,1118669)
(1118658,1118679)
(1118658,1118688)
(1118658,1118695)
(1118658,1118701)
(1118658,1118712)
(1118658,1118721)
(1118658,1118726)
(1118658,1118734)
(1118658,1118741)
(1118662,1118669)
(1118662,1118679)
(1118662,1118688)
(1118662,1118695)
(1118662,1118701)
(1118662,1118712)
(1118662,1118721)
(1118662,1118726)
(1118662,1118734)
(1118662,1118741)
(1118669,1118679)
(1118669,1118688)
(1118669,1118695)
(1118669,1118701)
(1118669,1118712)
(1118669,1118721)
(1118669,1118726)
(1118669,1118734)
(1118669,1118741)
(1118679,1118688)
(1118679,1118695)
(1118679,1118701)
(1118679,1118712)
(1118679,1118721)
(1118679,1118726)
(1118679,1118734)
(1118679,1118741)
(1118688,1118695)
(1118688,1118701)
(1118688,1118712)
(1118688,1118721)
(1118688,1118726)
(1118688,1118734)
(1118688,1118741)
(1118695,1118701)
(1118695,1118712)
(1118695,1118721)
(1118695,1118726)
(1118695,1118734)
(1118695,1118741)
(1118701,1118712)
(1118701,1118721)
(1118701,1118726)
(1118701,1118734)
(1118701,1118741)
(1118712,1118721)
(1118712,1118726)
(1118712,1118734)
(1118712,1118741)
(1118721,1118726)
(1118721,1118734)
(1118721,1118741)
(1118726,1118734)
(1118726,1118741)
(1118734,1118741)
(1118787,1118790)
(1118787,1118793)
(1118787,1118797)
(1118790,1118793)
(1118790,1118797)
(1118793,1118797)
(1118799,1118802)
(1118805,1118811)
(1118819,1118826)
(1118819,1118829)
(1118819,1118832)
(1118819,1118841)
(1118819,1118850)
(1118826,1118829)
(1118826,1118832)
(1118826,1118841)
(1118826,1118850)
(1118829,1118832)
(1118829,1118841)
(1118829,1118850)
(1118832,1118841)
(1118832,1118850)
(1118841,1118850)
(1118859,1118864)
(1118859,1118866)
(1118859,1118876)
(1118859,1118880)
(1118859,1118885)
(1118859,1118889)
(1118864,1118866)
(1118864,1118876)
(1118864,1118880)
(1118864,1118885)
(1118864,1118889)
(1118866,1118876)
(1118866,1118880)
(1118866,1118885)
(1118866,1118889)
(1118876,1118880)
(1118876,1118885)
(1118876,1118889)
(1118880,1118885)
(1118880,1118889)
(1118885,1118889)
(1118915,1118919)
(1118915,1118927)
(1118919,1118927)
(1118933,1118938)
(1118945,1118949)
(1118958,1118964)
(1118972,1118977)
(1118986,1118991)
(1119000,1119007)
(1119000,1119012)
(1119007,1119012)
(1119023,1119041)
(1119023,1119050)
(1119023,1119062)
(1119023,1119066)
(1119023,1119073)
(1119023,1119081)
(1119023,1119095)
(1119041,1119050)
(1119041,1119062)
(1119041,1119066)
(1119041,1119073)
(1119041,1119081)
(1119041,1119095)
(1119050,1119062)
(1119050,1119066)
(1119050,1119073)
(1119050,1119081)
(1119050,1119095)
(1119062,1119066)
(1119062,1119073)
(1119062,1119081)
(1119062,1119095)
(1119066,1119073)
(1119066,1119081)
(1119066,1119095)
(1119073,1119081)
(1119073,1119095)
(1119081,1119095)
(1119139,1119142)
(1119139,1119143)
(1119142,1119143)
(1119154,1119159)
(1119171,1119176)
(1119200,1119206)
(1119200,1119215)
(1119206,1119215)
(1119226,1119234)
(1119226,1119240)
(1119226,1119244)
(1119226,1119256)
(1119226,1119263)
(1119226,1119270)
(1119234,1119240)
(1119234,1119244)
(1119234,1119256)
(1119234,1119263)
(1119234,1119270)
(1119240,1119244)
(1119240,1119256)
(1119240,1119263)
(1119240,1119270)
(1119244,1119256)
(1119244,1119263)
(1119244,1119270)
(1119256,1119263)
(1119256,1119270)
(1119263,1119270)
(1119277,1119281)
(1119297,1119298)
(1119297,1119307)
(1119298,1119307)
(1119316,1119319)
(1119316,1119322)
(1119319,1119322)
(1119348,1119358)
(1119348,1119369)
(1119358,1119369)
(1119372,1119375)
(1119393,1119401)
(1119393,1119406)
(1119401,1119406)
(1119413,1119418)
(1119413,1119424)
(1119418,1119424)
(1119450,1119459)
(1119510,1119519)
(1119521,1119526)
(1119521,1119532)
(1119521,1119543)
(1119521,1119554)
(1119521,1119560)
(1119521,1119567)
(1119526,1119532)
(1119526,1119543)
(1119526,1119554)
(1119526,1119560)
(1119526,1119567)
(1119532,1119543)
(1119532,1119554)
(1119532,1119560)
(1119532,1119567)
(1119543,1119554)
(1119543,1119560)
(1119543,1119567)
(1119554,1119560)
(1119554,1119567)
(1119560,1119567)
(1119655,1119663)
(1119675,1119677)
(1119681,1119687)
