(430073,1099692)
(430073,1099699)
(430073,1099701)
(1099692,1099699)
(1099692,1099701)
(1099699,1099701)
(457036,457041)
(457036,492259)
(457036,492270)
(457036,830890)
(457036,830896)
(457036,830912)
(457036,987477)
(457036,1098613)
(457036,1098616)
(457036,1098618)
(457036,1098624)
(457036,1098631)
(457036,1098635)
(457036,1098644)
(457036,1098646)
(457036,1098651)
(457036,1098664)
(457036,1098669)
(457036,1098672)
(457036,1098676)
(457036,1098680)
(457036,1098685)
(457036,1098691)
(457036,1098696)
(457036,1098698)
(457036,1098701)
(457036,1098705)
(457036,1098713)
(457036,1098724)
(457036,1098732)
(457036,1098743)
(457036,1098748)
(457036,1098763)
(457036,1098777)
(457036,1098782)
(457036,1098784)
(457036,1098798)
(457036,1098810)
(457036,1098817)
(457036,1098830)
(457036,1098840)
(457036,1098841)
(457036,1098852)
(457036,1098869)
(457036,1098881)
(457036,1098882)
(457036,1098886)
(457036,1098889)
(457036,1098899)
(457036,1098910)
(457036,1098912)
(457036,1098928)
(457036,1098934)
(457036,1098936)
(457036,1098952)
(457036,1098956)
(457036,1098960)
(457036,1098963)
(457036,1098975)
(457036,1098980)
(457036,1098982)
(457036,1098995)
(457036,1099006)
(457036,1099016)
(457036,1099030)
(457036,1099043)
(457036,1099045)
(457036,1099067)
(457036,1099075)
(457036,1099090)
(457036,1099093)
(457036,1099096)
(457036,1099098)
(457036,1099115)
(457036,1099116)
(457036,1099125)
(457036,1099136)
(457036,1099146)
(457036,1099157)
(457036,1099164)
(457036,1099179)
(457036,1099188)
(457036,1099203)
(457036,1099205)
(457036,1099223)
(457036,1099234)
(457036,1099247)
(457036,1099258)
(457036,1099260)
(457036,1099270)
(457041,492259)
(457041,492270)
(457041,830890)
(457041,830896)
(457041,830912)
(457041,987477)
(457041,1098613)
(457041,1098616)
(457041,1098618)
(457041,1098624)
(457041,1098631)
(457041,1098635)
(457041,1098644)
(457041,1098646)
(457041,1098651)
(457041,1098664)
(457041,1098669)
(457041,1098672)
(457041,1098676)
(457041,1098680)
(457041,1098685)
(457041,1098691)
(457041,1098696)
(457041,1098698)
(457041,1098701)
(457041,1098705)
(457041,1098713)
(457041,1098724)
(457041,1098732)
(457041,1098743)
(457041,1098748)
(457041,1098763)
(457041,1098777)
(457041,1098782)
(457041,1098784)
(457041,1098798)
(457041,1098810)
(457041,1098817)
(457041,1098830)
(457041,1098840)
(457041,1098841)
(457041,1098852)
(457041,1098869)
(457041,1098881)
(457041,1098882)
(457041,1098886)
(457041,1098889)
(457041,1098899)
(457041,1098910)
(457041,1098912)
(457041,1098928)
(457041,1098934)
(457041,1098936)
(457041,1098952)
(457041,1098956)
(457041,1098960)
(457041,1098963)
(457041,1098975)
(457041,1098980)
(457041,1098982)
(457041,1098995)
(457041,1099006)
(457041,1099016)
(457041,1099030)
(457041,1099043)
(457041,1099045)
(457041,1099067)
(457041,1099075)
(457041,1099090)
(457041,1099093)
(457041,1099096)
(457041,1099098)
(457041,1099115)
(457041,1099116)
(457041,1099125)
(457041,1099136)
(457041,1099146)
(457041,1099157)
(457041,1099164)
(457041,1099179)
(457041,1099188)
(457041,1099203)
(457041,1099205)
(457041,1099223)
(457041,1099234)
(457041,1099247)
(457041,1099258)
(457041,1099260)
(457041,1099270)
(492259,492270)
(492259,830890)
(492259,830896)
(492259,830912)
(492259,987477)
(492259,1098613)
(492259,1098616)
(492259,1098618)
(492259,1098624)
(492259,1098631)
(492259,1098635)
(492259,1098644)
(492259,1098646)
(492259,1098651)
(492259,1098664)
(492259,1098669)
(492259,1098672)
(492259,1098676)
(492259,1098680)
(492259,1098685)
(492259,1098691)
(492259,1098696)
(492259,1098698)
(492259,1098701)
(492259,1098705)
(492259,1098713)
(492259,1098724)
(492259,1098732)
(492259,1098743)
(492259,1098748)
(492259,1098763)
(492259,1098777)
(492259,1098782)
(492259,1098784)
(492259,1098798)
(492259,1098810)
(492259,1098817)
(492259,1098830)
(492259,1098840)
(492259,1098841)
(492259,1098852)
(492259,1098869)
(492259,1098881)
(492259,1098882)
(492259,1098886)
(492259,1098889)
(492259,1098899)
(492259,1098910)
(492259,1098912)
(492259,1098928)
(492259,1098934)
(492259,1098936)
(492259,1098952)
(492259,1098956)
(492259,1098960)
(492259,1098963)
(492259,1098975)
(492259,1098980)
(492259,1098982)
(492259,1098995)
(492259,1099006)
(492259,1099016)
(492259,1099030)
(492259,1099043)
(492259,1099045)
(492259,1099067)
(492259,1099075)
(492259,1099090)
(492259,1099093)
(492259,1099096)
(492259,1099098)
(492259,1099115)
(492259,1099116)
(492259,1099125)
(492259,1099136)
(492259,1099146)
(492259,1099157)
(492259,1099164)
(492259,1099179)
(492259,1099188)
(492259,1099203)
(492259,1099205)
(492259,1099223)
(492259,1099234)
(492259,1099247)
(492259,1099258)
(492259,1099260)
(492259,1099270)
(492270,830890)
(492270,830896)
(492270,830912)
(492270,987477)
(492270,1098613)
(492270,1098616)
(492270,1098618)
(492270,1098624)
(492270,1098631)
(492270,1098635)
(492270,1098644)
(492270,1098646)
(492270,1098651)
(492270,1098664)
(492270,1098669)
(492270,1098672)
(492270,1098676)
(492270,1098680)
(492270,1098685)
(492270,1098691)
(492270,1098696)
(492270,1098698)
(492270,1098701)
(492270,1098705)
(492270,1098713)
(492270,1098724)
(492270,1098732)
(492270,1098743)
(492270,1098748)
(492270,1098763)
(492270,1098777)
(492270,1098782)
(492270,1098784)
(492270,1098798)
(492270,1098810)
(492270,1098817)
(492270,1098830)
(492270,1098840)
(492270,1098841)
(492270,1098852)
(492270,1098869)
(492270,1098881)
(492270,1098882)
(492270,1098886)
(492270,1098889)
(492270,1098899)
(492270,1098910)
(492270,1098912)
(492270,1098928)
(492270,1098934)
(492270,1098936)
(492270,1098952)
(492270,1098956)
(492270,1098960)
(492270,1098963)
(492270,1098975)
(492270,1098980)
(492270,1098982)
(492270,1098995)
(492270,1099006)
(492270,1099016)
(492270,1099030)
(492270,1099043)
(492270,1099045)
(492270,1099067)
(492270,1099075)
(492270,1099090)
(492270,1099093)
(492270,1099096)
(492270,1099098)
(492270,1099115)
(492270,1099116)
(492270,1099125)
(492270,1099136)
(492270,1099146)
(492270,1099157)
(492270,1099164)
(492270,1099179)
(492270,1099188)
(492270,1099203)
(492270,1099205)
(492270,1099223)
(492270,1099234)
(492270,1099247)
(492270,1099258)
(492270,1099260)
(492270,1099270)
(830890,830896)
(830890,830912)
(830890,987477)
(830890,1098613)
(830890,1098616)
(830890,1098618)
(830890,1098624)
(830890,1098631)
(830890,1098635)
(830890,1098644)
(830890,1098646)
(830890,1098651)
(830890,1098664)
(830890,1098669)
(830890,1098672)
(830890,1098676)
(830890,1098680)
(830890,1098685)
(830890,1098691)
(830890,1098696)
(830890,1098698)
(830890,1098701)
(830890,1098705)
(830890,1098713)
(830890,1098724)
(830890,1098732)
(830890,1098743)
(830890,1098748)
(830890,1098763)
(830890,1098777)
(830890,1098782)
(830890,1098784)
(830890,1098798)
(830890,1098810)
(830890,1098817)
(830890,1098830)
(830890,1098840)
(830890,1098841)
(830890,1098852)
(830890,1098869)
(830890,1098881)
(830890,1098882)
(830890,1098886)
(830890,1098889)
(830890,1098899)
(830890,1098910)
(830890,1098912)
(830890,1098928)
(830890,1098934)
(830890,1098936)
(830890,1098952)
(830890,1098956)
(830890,1098960)
(830890,1098963)
(830890,1098975)
(830890,1098980)
(830890,1098982)
(830890,1098995)
(830890,1099006)
(830890,1099016)
(830890,1099030)
(830890,1099043)
(830890,1099045)
(830890,1099067)
(830890,1099075)
(830890,1099090)
(830890,1099093)
(830890,1099096)
(830890,1099098)
(830890,1099115)
(830890,1099116)
(830890,1099125)
(830890,1099136)
(830890,1099146)
(830890,1099157)
(830890,1099164)
(830890,1099179)
(830890,1099188)
(830890,1099203)
(830890,1099205)
(830890,1099223)
(830890,1099234)
(830890,1099247)
(830890,1099258)
(830890,1099260)
(830890,1099270)
(830896,830912)
(830896,987477)
(830896,1098613)
(830896,1098616)
(830896,1098618)
(830896,1098624)
(830896,1098631)
(830896,1098635)
(830896,1098644)
(830896,1098646)
(830896,1098651)
(830896,1098664)
(830896,1098669)
(830896,1098672)
(830896,1098676)
(830896,1098680)
(830896,1098685)
(830896,1098691)
(830896,1098696)
(830896,1098698)
(830896,1098701)
(830896,1098705)
(830896,1098713)
(830896,1098724)
(830896,1098732)
(830896,1098743)
(830896,1098748)
(830896,1098763)
(830896,1098777)
(830896,1098782)
(830896,1098784)
(830896,1098798)
(830896,1098810)
(830896,1098817)
(830896,1098830)
(830896,1098840)
(830896,1098841)
(830896,1098852)
(830896,1098869)
(830896,1098881)
(830896,1098882)
(830896,1098886)
(830896,1098889)
(830896,1098899)
(830896,1098910)
(830896,1098912)
(830896,1098928)
(830896,1098934)
(830896,1098936)
(830896,1098952)
(830896,1098956)
(830896,1098960)
(830896,1098963)
(830896,1098975)
(830896,1098980)
(830896,1098982)
(830896,1098995)
(830896,1099006)
(830896,1099016)
(830896,1099030)
(830896,1099043)
(830896,1099045)
(830896,1099067)
(830896,1099075)
(830896,1099090)
(830896,1099093)
(830896,1099096)
(830896,1099098)
(830896,1099115)
(830896,1099116)
(830896,1099125)
(830896,1099136)
(830896,1099146)
(830896,1099157)
(830896,1099164)
(830896,1099179)
(830896,1099188)
(830896,1099203)
(830896,1099205)
(830896,1099223)
(830896,1099234)
(830896,1099247)
(830896,1099258)
(830896,1099260)
(830896,1099270)
(830912,987477)
(830912,1098613)
(830912,1098616)
(830912,1098618)
(830912,1098624)
(830912,1098631)
(830912,1098635)
(830912,1098644)
(830912,1098646)
(830912,1098651)
(830912,1098664)
(830912,1098669)
(830912,1098672)
(830912,1098676)
(830912,1098680)
(830912,1098685)
(830912,1098691)
(830912,1098696)
(830912,1098698)
(830912,1098701)
(830912,1098705)
(830912,1098713)
(830912,1098724)
(830912,1098732)
(830912,1098743)
(830912,1098748)
(830912,1098763)
(830912,1098777)
(830912,1098782)
(830912,1098784)
(830912,1098798)
(830912,1098810)
(830912,1098817)
(830912,1098830)
(830912,1098840)
(830912,1098841)
(830912,1098852)
(830912,1098869)
(830912,1098881)
(830912,1098882)
(830912,1098886)
(830912,1098889)
(830912,1098899)
(830912,1098910)
(830912,1098912)
(830912,1098928)
(830912,1098934)
(830912,1098936)
(830912,1098952)
(830912,1098956)
(830912,1098960)
(830912,1098963)
(830912,1098975)
(830912,1098980)
(830912,1098982)
(830912,1098995)
(830912,1099006)
(830912,1099016)
(830912,1099030)
(830912,1099043)
(830912,1099045)
(830912,1099067)
(830912,1099075)
(830912,1099090)
(830912,1099093)
(830912,1099096)
(830912,1099098)
(830912,1099115)
(830912,1099116)
(830912,1099125)
(830912,1099136)
(830912,1099146)
(830912,1099157)
(830912,1099164)
(830912,1099179)
(830912,1099188)
(830912,1099203)
(830912,1099205)
(830912,1099223)
(830912,1099234)
(830912,1099247)
(830912,1099258)
(830912,1099260)
(830912,1099270)
(987477,1098613)
(987477,1098616)
(987477,1098618)
(987477,1098624)
(987477,1098631)
(987477,1098635)
(987477,1098644)
(987477,1098646)
(987477,1098651)
(987477,1098664)
(987477,1098669)
(987477,1098672)
(987477,1098676)
(987477,1098680)
(987477,1098685)
(987477,1098691)
(987477,1098696)
(987477,1098698)
(987477,1098701)
(987477,1098705)
(987477,1098713)
(987477,1098724)
(987477,1098732)
(987477,1098743)
(987477,1098748)
(987477,1098763)
(987477,1098777)
(987477,1098782)
(987477,1098784)
(987477,1098798)
(987477,1098810)
(987477,1098817)
(987477,1098830)
(987477,1098840)
(987477,1098841)
(987477,1098852)
(987477,1098869)
(987477,1098881)
(987477,1098882)
(987477,1098886)
(987477,1098889)
(987477,1098899)
(987477,1098910)
(987477,1098912)
(987477,1098928)
(987477,1098934)
(987477,1098936)
(987477,1098952)
(987477,1098956)
(987477,1098960)
(987477,1098963)
(987477,1098975)
(987477,1098980)
(987477,1098982)
(987477,1098995)
(987477,1099006)
(987477,1099016)
(987477,1099030)
(987477,1099043)
(987477,1099045)
(987477,1099067)
(987477,1099075)
(987477,1099090)
(987477,1099093)
(987477,1099096)
(987477,1099098)
(987477,1099115)
(987477,1099116)
(987477,1099125)
(987477,1099136)
(987477,1099146)
(987477,1099157)
(987477,1099164)
(987477,1099179)
(987477,1099188)
(987477,1099203)
(987477,1099205)
(987477,1099223)
(987477,1099234)
(987477,1099247)
(987477,1099258)
(987477,1099260)
(987477,1099270)
(1098613,1098616)
(1098613,1098618)
(1098613,1098624)
(1098613,1098631)
(1098613,1098635)
(1098613,1098644)
(1098613,1098646)
(1098613,1098651)
(1098613,1098664)
(1098613,1098669)
(1098613,1098672)
(1098613,1098676)
(1098613,1098680)
(1098613,1098685)
(1098613,1098691)
(1098613,1098696)
(1098613,1098698)
(1098613,1098701)
(1098613,1098705)
(1098613,1098713)
(1098613,1098724)
(1098613,1098732)
(1098613,1098743)
(1098613,1098748)
(1098613,1098763)
(1098613,1098777)
(1098613,1098782)
(1098613,1098784)
(1098613,1098798)
(1098613,1098810)
(1098613,1098817)
(1098613,1098830)
(1098613,1098840)
(1098613,1098841)
(1098613,1098852)
(1098613,1098869)
(1098613,1098881)
(1098613,1098882)
(1098613,1098886)
(1098613,1098889)
(1098613,1098899)
(1098613,1098910)
(1098613,1098912)
(1098613,1098928)
(1098613,1098934)
(1098613,1098936)
(1098613,1098952)
(1098613,1098956)
(1098613,1098960)
(1098613,1098963)
(1098613,1098975)
(1098613,1098980)
(1098613,1098982)
(1098613,1098995)
(1098613,1099006)
(1098613,1099016)
(1098613,1099030)
(1098613,1099043)
(1098613,1099045)
(1098613,1099067)
(1098613,1099075)
(1098613,1099090)
(1098613,1099093)
(1098613,1099096)
(1098613,1099098)
(1098613,1099115)
(1098613,1099116)
(1098613,1099125)
(1098613,1099136)
(1098613,1099146)
(1098613,1099157)
(1098613,1099164)
(1098613,1099179)
(1098613,1099188)
(1098613,1099203)
(1098613,1099205)
(1098613,1099223)
(1098613,1099234)
(1098613,1099247)
(1098613,1099258)
(1098613,1099260)
(1098613,1099270)
(1098616,1098618)
(1098616,1098624)
(1098616,1098631)
(1098616,1098635)
(1098616,1098644)
(1098616,1098646)
(1098616,1098651)
(1098616,1098664)
(1098616,1098669)
(1098616,1098672)
(1098616,1098676)
(1098616,1098680)
(1098616,1098685)
(1098616,1098691)
(1098616,1098696)
(1098616,1098698)
(1098616,1098701)
(1098616,1098705)
(1098616,1098713)
(1098616,1098724)
(1098616,1098732)
(1098616,1098743)
(1098616,1098748)
(1098616,1098763)
(1098616,1098777)
(1098616,1098782)
(1098616,1098784)
(1098616,1098798)
(1098616,1098810)
(1098616,1098817)
(1098616,1098830)
(1098616,1098840)
(1098616,1098841)
(1098616,1098852)
(1098616,1098869)
(1098616,1098881)
(1098616,1098882)
(1098616,1098886)
(1098616,1098889)
(1098616,1098899)
(1098616,1098910)
(1098616,1098912)
(1098616,1098928)
(1098616,1098934)
(1098616,1098936)
(1098616,1098952)
(1098616,1098956)
(1098616,1098960)
(1098616,1098963)
(1098616,1098975)
(1098616,1098980)
(1098616,1098982)
(1098616,1098995)
(1098616,1099006)
(1098616,1099016)
(1098616,1099030)
(1098616,1099043)
(1098616,1099045)
(1098616,1099067)
(1098616,1099075)
(1098616,1099090)
(1098616,1099093)
(1098616,1099096)
(1098616,1099098)
(1098616,1099115)
(1098616,1099116)
(1098616,1099125)
(1098616,1099136)
(1098616,1099146)
(1098616,1099157)
(1098616,1099164)
(1098616,1099179)
(1098616,1099188)
(1098616,1099203)
(1098616,1099205)
(1098616,1099223)
(1098616,1099234)
(1098616,1099247)
(1098616,1099258)
(1098616,1099260)
(1098616,1099270)
(1098618,1098624)
(1098618,1098631)
(1098618,1098635)
(1098618,1098644)
(1098618,1098646)
(1098618,1098651)
(1098618,1098664)
(1098618,1098669)
(1098618,1098672)
(1098618,1098676)
(1098618,1098680)
(1098618,1098685)
(1098618,1098691)
(1098618,1098696)
(1098618,1098698)
(1098618,1098701)
(1098618,1098705)
(1098618,1098713)
(1098618,1098724)
(1098618,1098732)
(1098618,1098743)
(1098618,1098748)
(1098618,1098763)
(1098618,1098777)
(1098618,1098782)
(1098618,1098784)
(1098618,1098798)
(1098618,1098810)
(1098618,1098817)
(1098618,1098830)
(1098618,1098840)
(1098618,1098841)
(1098618,1098852)
(1098618,1098869)
(1098618,1098881)
(1098618,1098882)
(1098618,1098886)
(1098618,1098889)
(1098618,1098899)
(1098618,1098910)
(1098618,1098912)
(1098618,1098928)
(1098618,1098934)
(1098618,1098936)
(1098618,1098952)
(1098618,1098956)
(1098618,1098960)
(1098618,1098963)
(1098618,1098975)
(1098618,1098980)
(1098618,1098982)
(1098618,1098995)
(1098618,1099006)
(1098618,1099016)
(1098618,1099030)
(1098618,1099043)
(1098618,1099045)
(1098618,1099067)
(1098618,1099075)
(1098618,1099090)
(1098618,1099093)
(1098618,1099096)
(1098618,1099098)
(1098618,1099115)
(1098618,1099116)
(1098618,1099125)
(1098618,1099136)
(1098618,1099146)
(1098618,1099157)
(1098618,1099164)
(1098618,1099179)
(1098618,1099188)
(1098618,1099203)
(1098618,1099205)
(1098618,1099223)
(1098618,1099234)
(1098618,1099247)
(1098618,1099258)
(1098618,1099260)
(1098618,1099270)
(1098624,1098631)
(1098624,1098635)
(1098624,1098644)
(1098624,1098646)
(1098624,1098651)
(1098624,1098664)
(1098624,1098669)
(1098624,1098672)
(1098624,1098676)
(1098624,1098680)
(1098624,1098685)
(1098624,1098691)
(1098624,1098696)
(1098624,1098698)
(1098624,1098701)
(1098624,1098705)
(1098624,1098713)
(1098624,1098724)
(1098624,1098732)
(1098624,1098743)
(1098624,1098748)
(1098624,1098763)
(1098624,1098777)
(1098624,1098782)
(1098624,1098784)
(1098624,1098798)
(1098624,1098810)
(1098624,1098817)
(1098624,1098830)
(1098624,1098840)
(1098624,1098841)
(1098624,1098852)
(1098624,1098869)
(1098624,1098881)
(1098624,1098882)
(1098624,1098886)
(1098624,1098889)
(1098624,1098899)
(1098624,1098910)
(1098624,1098912)
(1098624,1098928)
(1098624,1098934)
(1098624,1098936)
(1098624,1098952)
(1098624,1098956)
(1098624,1098960)
(1098624,1098963)
(1098624,1098975)
(1098624,1098980)
(1098624,1098982)
(1098624,1098995)
(1098624,1099006)
(1098624,1099016)
(1098624,1099030)
(1098624,1099043)
(1098624,1099045)
(1098624,1099067)
(1098624,1099075)
(1098624,1099090)
(1098624,1099093)
(1098624,1099096)
(1098624,1099098)
(1098624,1099115)
(1098624,1099116)
(1098624,1099125)
(1098624,1099136)
(1098624,1099146)
(1098624,1099157)
(1098624,1099164)
(1098624,1099179)
(1098624,1099188)
(1098624,1099203)
(1098624,1099205)
(1098624,1099223)
(1098624,1099234)
(1098624,1099247)
(1098624,1099258)
(1098624,1099260)
(1098624,1099270)
(1098631,1098635)
(1098631,1098644)
(1098631,1098646)
(1098631,1098651)
(1098631,1098664)
(1098631,1098669)
(1098631,1098672)
(1098631,1098676)
(1098631,1098680)
(1098631,1098685)
(1098631,1098691)
(1098631,1098696)
(1098631,1098698)
(1098631,1098701)
(1098631,1098705)
(1098631,1098713)
(1098631,1098724)
(1098631,1098732)
(1098631,1098743)
(1098631,1098748)
(1098631,1098763)
(1098631,1098777)
(1098631,1098782)
(1098631,1098784)
(1098631,1098798)
(1098631,1098810)
(1098631,1098817)
(1098631,1098830)
(1098631,1098840)
(1098631,1098841)
(1098631,1098852)
(1098631,1098869)
(1098631,1098881)
(1098631,1098882)
(1098631,1098886)
(1098631,1098889)
(1098631,1098899)
(1098631,1098910)
(1098631,1098912)
(1098631,1098928)
(1098631,1098934)
(1098631,1098936)
(1098631,1098952)
(1098631,1098956)
(1098631,1098960)
(1098631,1098963)
(1098631,1098975)
(1098631,1098980)
(1098631,1098982)
(1098631,1098995)
(1098631,1099006)
(1098631,1099016)
(1098631,1099030)
(1098631,1099043)
(1098631,1099045)
(1098631,1099067)
(1098631,1099075)
(1098631,1099090)
(1098631,1099093)
(1098631,1099096)
(1098631,1099098)
(1098631,1099115)
(1098631,1099116)
(1098631,1099125)
(1098631,1099136)
(1098631,1099146)
(1098631,1099157)
(1098631,1099164)
(1098631,1099179)
(1098631,1099188)
(1098631,1099203)
(1098631,1099205)
(1098631,1099223)
(1098631,1099234)
(1098631,1099247)
(1098631,1099258)
(1098631,1099260)
(1098631,1099270)
(1098635,1098644)
(1098635,1098646)
(1098635,1098651)
(1098635,1098664)
(1098635,1098669)
(1098635,1098672)
(1098635,1098676)
(1098635,1098680)
(1098635,1098685)
(1098635,1098691)
(1098635,1098696)
(1098635,1098698)
(1098635,1098701)
(1098635,1098705)
(1098635,1098713)
(1098635,1098724)
(1098635,1098732)
(1098635,1098743)
(1098635,1098748)
(1098635,1098763)
(1098635,1098777)
(1098635,1098782)
(1098635,1098784)
(1098635,1098798)
(1098635,1098810)
(1098635,1098817)
(1098635,1098830)
(1098635,1098840)
(1098635,1098841)
(1098635,1098852)
(1098635,1098869)
(1098635,1098881)
(1098635,1098882)
(1098635,1098886)
(1098635,1098889)
(1098635,1098899)
(1098635,1098910)
(1098635,1098912)
(1098635,1098928)
(1098635,1098934)
(1098635,1098936)
(1098635,1098952)
(1098635,1098956)
(1098635,1098960)
(1098635,1098963)
(1098635,1098975)
(1098635,1098980)
(1098635,1098982)
(1098635,1098995)
(1098635,1099006)
(1098635,1099016)
(1098635,1099030)
(1098635,1099043)
(1098635,1099045)
(1098635,1099067)
(1098635,1099075)
(1098635,1099090)
(1098635,1099093)
(1098635,1099096)
(1098635,1099098)
(1098635,1099115)
(1098635,1099116)
(1098635,1099125)
(1098635,1099136)
(1098635,1099146)
(1098635,1099157)
(1098635,1099164)
(1098635,1099179)
(1098635,1099188)
(1098635,1099203)
(1098635,1099205)
(1098635,1099223)
(1098635,1099234)
(1098635,1099247)
(1098635,1099258)
(1098635,1099260)
(1098635,1099270)
(1098644,1098646)
(1098644,1098651)
(1098644,1098664)
(1098644,1098669)
(1098644,1098672)
(1098644,1098676)
(1098644,1098680)
(1098644,1098685)
(1098644,1098691)
(1098644,1098696)
(1098644,1098698)
(1098644,1098701)
(1098644,1098705)
(1098644,1098713)
(1098644,1098724)
(1098644,1098732)
(1098644,1098743)
(1098644,1098748)
(1098644,1098763)
(1098644,1098777)
(1098644,1098782)
(1098644,1098784)
(1098644,1098798)
(1098644,1098810)
(1098644,1098817)
(1098644,1098830)
(1098644,1098840)
(1098644,1098841)
(1098644,1098852)
(1098644,1098869)
(1098644,1098881)
(1098644,1098882)
(1098644,1098886)
(1098644,1098889)
(1098644,1098899)
(1098644,1098910)
(1098644,1098912)
(1098644,1098928)
(1098644,1098934)
(1098644,1098936)
(1098644,1098952)
(1098644,1098956)
(1098644,1098960)
(1098644,1098963)
(1098644,1098975)
(1098644,1098980)
(1098644,1098982)
(1098644,1098995)
(1098644,1099006)
(1098644,1099016)
(1098644,1099030)
(1098644,1099043)
(1098644,1099045)
(1098644,1099067)
(1098644,1099075)
(1098644,1099090)
(1098644,1099093)
(1098644,1099096)
(1098644,1099098)
(1098644,1099115)
(1098644,1099116)
(1098644,1099125)
(1098644,1099136)
(1098644,1099146)
(1098644,1099157)
(1098644,1099164)
(1098644,1099179)
(1098644,1099188)
(1098644,1099203)
(1098644,1099205)
(1098644,1099223)
(1098644,1099234)
(1098644,1099247)
(1098644,1099258)
(1098644,1099260)
(1098644,1099270)
(1098646,1098651)
(1098646,1098664)
(1098646,1098669)
(1098646,1098672)
(1098646,1098676)
(1098646,1098680)
(1098646,1098685)
(1098646,1098691)
(1098646,1098696)
(1098646,1098698)
(1098646,1098701)
(1098646,1098705)
(1098646,1098713)
(1098646,1098724)
(1098646,1098732)
(1098646,1098743)
(1098646,1098748)
(1098646,1098763)
(1098646,1098777)
(1098646,1098782)
(1098646,1098784)
(1098646,1098798)
(1098646,1098810)
(1098646,1098817)
(1098646,1098830)
(1098646,1098840)
(1098646,1098841)
(1098646,1098852)
(1098646,1098869)
(1098646,1098881)
(1098646,1098882)
(1098646,1098886)
(1098646,1098889)
(1098646,1098899)
(1098646,1098910)
(1098646,1098912)
(1098646,1098928)
(1098646,1098934)
(1098646,1098936)
(1098646,1098952)
(1098646,1098956)
(1098646,1098960)
(1098646,1098963)
(1098646,1098975)
(1098646,1098980)
(1098646,1098982)
(1098646,1098995)
(1098646,1099006)
(1098646,1099016)
(1098646,1099030)
(1098646,1099043)
(1098646,1099045)
(1098646,1099067)
(1098646,1099075)
(1098646,1099090)
(1098646,1099093)
(1098646,1099096)
(1098646,1099098)
(1098646,1099115)
(1098646,1099116)
(1098646,1099125)
(1098646,1099136)
(1098646,1099146)
(1098646,1099157)
(1098646,1099164)
(1098646,1099179)
(1098646,1099188)
(1098646,1099203)
(1098646,1099205)
(1098646,1099223)
(1098646,1099234)
(1098646,1099247)
(1098646,1099258)
(1098646,1099260)
(1098646,1099270)
(1098651,1098664)
(1098651,1098669)
(1098651,1098672)
(1098651,1098676)
(1098651,1098680)
(1098651,1098685)
(1098651,1098691)
(1098651,1098696)
(1098651,1098698)
(1098651,1098701)
(1098651,1098705)
(1098651,1098713)
(1098651,1098724)
(1098651,1098732)
(1098651,1098743)
(1098651,1098748)
(1098651,1098763)
(1098651,1098777)
(1098651,1098782)
(1098651,1098784)
(1098651,1098798)
(1098651,1098810)
(1098651,1098817)
(1098651,1098830)
(1098651,1098840)
(1098651,1098841)
(1098651,1098852)
(1098651,1098869)
(1098651,1098881)
(1098651,1098882)
(1098651,1098886)
(1098651,1098889)
(1098651,1098899)
(1098651,1098910)
(1098651,1098912)
(1098651,1098928)
(1098651,1098934)
(1098651,1098936)
(1098651,1098952)
(1098651,1098956)
(1098651,1098960)
(1098651,1098963)
(1098651,1098975)
(1098651,1098980)
(1098651,1098982)
(1098651,1098995)
(1098651,1099006)
(1098651,1099016)
(1098651,1099030)
(1098651,1099043)
(1098651,1099045)
(1098651,1099067)
(1098651,1099075)
(1098651,1099090)
(1098651,1099093)
(1098651,1099096)
(1098651,1099098)
(1098651,1099115)
(1098651,1099116)
(1098651,1099125)
(1098651,1099136)
(1098651,1099146)
(1098651,1099157)
(1098651,1099164)
(1098651,1099179)
(1098651,1099188)
(1098651,1099203)
(1098651,1099205)
(1098651,1099223)
(1098651,1099234)
(1098651,1099247)
(1098651,1099258)
(1098651,1099260)
(1098651,1099270)
(1098664,1098669)
(1098664,1098672)
(1098664,1098676)
(1098664,1098680)
(1098664,1098685)
(1098664,1098691)
(1098664,1098696)
(1098664,1098698)
(1098664,1098701)
(1098664,1098705)
(1098664,1098713)
(1098664,1098724)
(1098664,1098732)
(1098664,1098743)
(1098664,1098748)
(1098664,1098763)
(1098664,1098777)
(1098664,1098782)
(1098664,1098784)
(1098664,1098798)
(1098664,1098810)
(1098664,1098817)
(1098664,1098830)
(1098664,1098840)
(1098664,1098841)
(1098664,1098852)
(1098664,1098869)
(1098664,1098881)
(1098664,1098882)
(1098664,1098886)
(1098664,1098889)
(1098664,1098899)
(1098664,1098910)
(1098664,1098912)
(1098664,1098928)
(1098664,1098934)
(1098664,1098936)
(1098664,1098952)
(1098664,1098956)
(1098664,1098960)
(1098664,1098963)
(1098664,1098975)
(1098664,1098980)
(1098664,1098982)
(1098664,1098995)
(1098664,1099006)
(1098664,1099016)
(1098664,1099030)
(1098664,1099043)
(1098664,1099045)
(1098664,1099067)
(1098664,1099075)
(1098664,1099090)
(1098664,1099093)
(1098664,1099096)
(1098664,1099098)
(1098664,1099115)
(1098664,1099116)
(1098664,1099125)
(1098664,1099136)
(1098664,1099146)
(1098664,1099157)
(1098664,1099164)
(1098664,1099179)
(1098664,1099188)
(1098664,1099203)
(1098664,1099205)
(1098664,1099223)
(1098664,1099234)
(1098664,1099247)
(1098664,1099258)
(1098664,1099260)
(1098664,1099270)
(1098669,1098672)
(1098669,1098676)
(1098669,1098680)
(1098669,1098685)
(1098669,1098691)
(1098669,1098696)
(1098669,1098698)
(1098669,1098701)
(1098669,1098705)
(1098669,1098713)
(1098669,1098724)
(1098669,1098732)
(1098669,1098743)
(1098669,1098748)
(1098669,1098763)
(1098669,1098777)
(1098669,1098782)
(1098669,1098784)
(1098669,1098798)
(1098669,1098810)
(1098669,1098817)
(1098669,1098830)
(1098669,1098840)
(1098669,1098841)
(1098669,1098852)
(1098669,1098869)
(1098669,1098881)
(1098669,1098882)
(1098669,1098886)
(1098669,1098889)
(1098669,1098899)
(1098669,1098910)
(1098669,1098912)
(1098669,1098928)
(1098669,1098934)
(1098669,1098936)
(1098669,1098952)
(1098669,1098956)
(1098669,1098960)
(1098669,1098963)
(1098669,1098975)
(1098669,1098980)
(1098669,1098982)
(1098669,1098995)
(1098669,1099006)
(1098669,1099016)
(1098669,1099030)
(1098669,1099043)
(1098669,1099045)
(1098669,1099067)
(1098669,1099075)
(1098669,1099090)
(1098669,1099093)
(1098669,1099096)
(1098669,1099098)
(1098669,1099115)
(1098669,1099116)
(1098669,1099125)
(1098669,1099136)
(1098669,1099146)
(1098669,1099157)
(1098669,1099164)
(1098669,1099179)
(1098669,1099188)
(1098669,1099203)
(1098669,1099205)
(1098669,1099223)
(1098669,1099234)
(1098669,1099247)
(1098669,1099258)
(1098669,1099260)
(1098669,1099270)
(1098672,1098676)
(1098672,1098680)
(1098672,1098685)
(1098672,1098691)
(1098672,1098696)
(1098672,1098698)
(1098672,1098701)
(1098672,1098705)
(1098672,1098713)
(1098672,1098724)
(1098672,1098732)
(1098672,1098743)
(1098672,1098748)
(1098672,1098763)
(1098672,1098777)
(1098672,1098782)
(1098672,1098784)
(1098672,1098798)
(1098672,1098810)
(1098672,1098817)
(1098672,1098830)
(1098672,1098840)
(1098672,1098841)
(1098672,1098852)
(1098672,1098869)
(1098672,1098881)
(1098672,1098882)
(1098672,1098886)
(1098672,1098889)
(1098672,1098899)
(1098672,1098910)
(1098672,1098912)
(1098672,1098928)
(1098672,1098934)
(1098672,1098936)
(1098672,1098952)
(1098672,1098956)
(1098672,1098960)
(1098672,1098963)
(1098672,1098975)
(1098672,1098980)
(1098672,1098982)
(1098672,1098995)
(1098672,1099006)
(1098672,1099016)
(1098672,1099030)
(1098672,1099043)
(1098672,1099045)
(1098672,1099067)
(1098672,1099075)
(1098672,1099090)
(1098672,1099093)
(1098672,1099096)
(1098672,1099098)
(1098672,1099115)
(1098672,1099116)
(1098672,1099125)
(1098672,1099136)
(1098672,1099146)
(1098672,1099157)
(1098672,1099164)
(1098672,1099179)
(1098672,1099188)
(1098672,1099203)
(1098672,1099205)
(1098672,1099223)
(1098672,1099234)
(1098672,1099247)
(1098672,1099258)
(1098672,1099260)
(1098672,1099270)
(1098676,1098680)
(1098676,1098685)
(1098676,1098691)
(1098676,1098696)
(1098676,1098698)
(1098676,1098701)
(1098676,1098705)
(1098676,1098713)
(1098676,1098724)
(1098676,1098732)
(1098676,1098743)
(1098676,1098748)
(1098676,1098763)
(1098676,1098777)
(1098676,1098782)
(1098676,1098784)
(1098676,1098798)
(1098676,1098810)
(1098676,1098817)
(1098676,1098830)
(1098676,1098840)
(1098676,1098841)
(1098676,1098852)
(1098676,1098869)
(1098676,1098881)
(1098676,1098882)
(1098676,1098886)
(1098676,1098889)
(1098676,1098899)
(1098676,1098910)
(1098676,1098912)
(1098676,1098928)
(1098676,1098934)
(1098676,1098936)
(1098676,1098952)
(1098676,1098956)
(1098676,1098960)
(1098676,1098963)
(1098676,1098975)
(1098676,1098980)
(1098676,1098982)
(1098676,1098995)
(1098676,1099006)
(1098676,1099016)
(1098676,1099030)
(1098676,1099043)
(1098676,1099045)
(1098676,1099067)
(1098676,1099075)
(1098676,1099090)
(1098676,1099093)
(1098676,1099096)
(1098676,1099098)
(1098676,1099115)
(1098676,1099116)
(1098676,1099125)
(1098676,1099136)
(1098676,1099146)
(1098676,1099157)
(1098676,1099164)
(1098676,1099179)
(1098676,1099188)
(1098676,1099203)
(1098676,1099205)
(1098676,1099223)
(1098676,1099234)
(1098676,1099247)
(1098676,1099258)
(1098676,1099260)
(1098676,1099270)
(1098680,1098685)
(1098680,1098691)
(1098680,1098696)
(1098680,1098698)
(1098680,1098701)
(1098680,1098705)
(1098680,1098713)
(1098680,1098724)
(1098680,1098732)
(1098680,1098743)
(1098680,1098748)
(1098680,1098763)
(1098680,1098777)
(1098680,1098782)
(1098680,1098784)
(1098680,1098798)
(1098680,1098810)
(1098680,1098817)
(1098680,1098830)
(1098680,1098840)
(1098680,1098841)
(1098680,1098852)
(1098680,1098869)
(1098680,1098881)
(1098680,1098882)
(1098680,1098886)
(1098680,1098889)
(1098680,1098899)
(1098680,1098910)
(1098680,1098912)
(1098680,1098928)
(1098680,1098934)
(1098680,1098936)
(1098680,1098952)
(1098680,1098956)
(1098680,1098960)
(1098680,1098963)
(1098680,1098975)
(1098680,1098980)
(1098680,1098982)
(1098680,1098995)
(1098680,1099006)
(1098680,1099016)
(1098680,1099030)
(1098680,1099043)
(1098680,1099045)
(1098680,1099067)
(1098680,1099075)
(1098680,1099090)
(1098680,1099093)
(1098680,1099096)
(1098680,1099098)
(1098680,1099115)
(1098680,1099116)
(1098680,1099125)
(1098680,1099136)
(1098680,1099146)
(1098680,1099157)
(1098680,1099164)
(1098680,1099179)
(1098680,1099188)
(1098680,1099203)
(1098680,1099205)
(1098680,1099223)
(1098680,1099234)
(1098680,1099247)
(1098680,1099258)
(1098680,1099260)
(1098680,1099270)
(1098685,1098691)
(1098685,1098696)
(1098685,1098698)
(1098685,1098701)
(1098685,1098705)
(1098685,1098713)
(1098685,1098724)
(1098685,1098732)
(1098685,1098743)
(1098685,1098748)
(1098685,1098763)
(1098685,1098777)
(1098685,1098782)
(1098685,1098784)
(1098685,1098798)
(1098685,1098810)
(1098685,1098817)
(1098685,1098830)
(1098685,1098840)
(1098685,1098841)
(1098685,1098852)
(1098685,1098869)
(1098685,1098881)
(1098685,1098882)
(1098685,1098886)
(1098685,1098889)
(1098685,1098899)
(1098685,1098910)
(1098685,1098912)
(1098685,1098928)
(1098685,1098934)
(1098685,1098936)
(1098685,1098952)
(1098685,1098956)
(1098685,1098960)
(1098685,1098963)
(1098685,1098975)
(1098685,1098980)
(1098685,1098982)
(1098685,1098995)
(1098685,1099006)
(1098685,1099016)
(1098685,1099030)
(1098685,1099043)
(1098685,1099045)
(1098685,1099067)
(1098685,1099075)
(1098685,1099090)
(1098685,1099093)
(1098685,1099096)
(1098685,1099098)
(1098685,1099115)
(1098685,1099116)
(1098685,1099125)
(1098685,1099136)
(1098685,1099146)
(1098685,1099157)
(1098685,1099164)
(1098685,1099179)
(1098685,1099188)
(1098685,1099203)
(1098685,1099205)
(1098685,1099223)
(1098685,1099234)
(1098685,1099247)
(1098685,1099258)
(1098685,1099260)
(1098685,1099270)
(1098691,1098696)
(1098691,1098698)
(1098691,1098701)
(1098691,1098705)
(1098691,1098713)
(1098691,1098724)
(1098691,1098732)
(1098691,1098743)
(1098691,1098748)
(1098691,1098763)
(1098691,1098777)
(1098691,1098782)
(1098691,1098784)
(1098691,1098798)
(1098691,1098810)
(1098691,1098817)
(1098691,1098830)
(1098691,1098840)
(1098691,1098841)
(1098691,1098852)
(1098691,1098869)
(1098691,1098881)
(1098691,1098882)
(1098691,1098886)
(1098691,1098889)
(1098691,1098899)
(1098691,1098910)
(1098691,1098912)
(1098691,1098928)
(1098691,1098934)
(1098691,1098936)
(1098691,1098952)
(1098691,1098956)
(1098691,1098960)
(1098691,1098963)
(1098691,1098975)
(1098691,1098980)
(1098691,1098982)
(1098691,1098995)
(1098691,1099006)
(1098691,1099016)
(1098691,1099030)
(1098691,1099043)
(1098691,1099045)
(1098691,1099067)
(1098691,1099075)
(1098691,1099090)
(1098691,1099093)
(1098691,1099096)
(1098691,1099098)
(1098691,1099115)
(1098691,1099116)
(1098691,1099125)
(1098691,1099136)
(1098691,1099146)
(1098691,1099157)
(1098691,1099164)
(1098691,1099179)
(1098691,1099188)
(1098691,1099203)
(1098691,1099205)
(1098691,1099223)
(1098691,1099234)
(1098691,1099247)
(1098691,1099258)
(1098691,1099260)
(1098691,1099270)
(1098696,1098698)
(1098696,1098701)
(1098696,1098705)
(1098696,1098713)
(1098696,1098724)
(1098696,1098732)
(1098696,1098743)
(1098696,1098748)
(1098696,1098763)
(1098696,1098777)
(1098696,1098782)
(1098696,1098784)
(1098696,1098798)
(1098696,1098810)
(1098696,1098817)
(1098696,1098830)
(1098696,1098840)
(1098696,1098841)
(1098696,1098852)
(1098696,1098869)
(1098696,1098881)
(1098696,1098882)
(1098696,1098886)
(1098696,1098889)
(1098696,1098899)
(1098696,1098910)
(1098696,1098912)
(1098696,1098928)
(1098696,1098934)
(1098696,1098936)
(1098696,1098952)
(1098696,1098956)
(1098696,1098960)
(1098696,1098963)
(1098696,1098975)
(1098696,1098980)
(1098696,1098982)
(1098696,1098995)
(1098696,1099006)
(1098696,1099016)
(1098696,1099030)
(1098696,1099043)
(1098696,1099045)
(1098696,1099067)
(1098696,1099075)
(1098696,1099090)
(1098696,1099093)
(1098696,1099096)
(1098696,1099098)
(1098696,1099115)
(1098696,1099116)
(1098696,1099125)
(1098696,1099136)
(1098696,1099146)
(1098696,1099157)
(1098696,1099164)
(1098696,1099179)
(1098696,1099188)
(1098696,1099203)
(1098696,1099205)
(1098696,1099223)
(1098696,1099234)
(1098696,1099247)
(1098696,1099258)
(1098696,1099260)
(1098696,1099270)
(1098698,1098701)
(1098698,1098705)
(1098698,1098713)
(1098698,1098724)
(1098698,1098732)
(1098698,1098743)
(1098698,1098748)
(1098698,1098763)
(1098698,1098777)
(1098698,1098782)
(1098698,1098784)
(1098698,1098798)
(1098698,1098810)
(1098698,1098817)
(1098698,1098830)
(1098698,1098840)
(1098698,1098841)
(1098698,1098852)
(1098698,1098869)
(1098698,1098881)
(1098698,1098882)
(1098698,1098886)
(1098698,1098889)
(1098698,1098899)
(1098698,1098910)
(1098698,1098912)
(1098698,1098928)
(1098698,1098934)
(1098698,1098936)
(1098698,1098952)
(1098698,1098956)
(1098698,1098960)
(1098698,1098963)
(1098698,1098975)
(1098698,1098980)
(1098698,1098982)
(1098698,1098995)
(1098698,1099006)
(1098698,1099016)
(1098698,1099030)
(1098698,1099043)
(1098698,1099045)
(1098698,1099067)
(1098698,1099075)
(1098698,1099090)
(1098698,1099093)
(1098698,1099096)
(1098698,1099098)
(1098698,1099115)
(1098698,1099116)
(1098698,1099125)
(1098698,1099136)
(1098698,1099146)
(1098698,1099157)
(1098698,1099164)
(1098698,1099179)
(1098698,1099188)
(1098698,1099203)
(1098698,1099205)
(1098698,1099223)
(1098698,1099234)
(1098698,1099247)
(1098698,1099258)
(1098698,1099260)
(1098698,1099270)
(1098701,1098705)
(1098701,1098713)
(1098701,1098724)
(1098701,1098732)
(1098701,1098743)
(1098701,1098748)
(1098701,1098763)
(1098701,1098777)
(1098701,1098782)
(1098701,1098784)
(1098701,1098798)
(1098701,1098810)
(1098701,1098817)
(1098701,1098830)
(1098701,1098840)
(1098701,1098841)
(1098701,1098852)
(1098701,1098869)
(1098701,1098881)
(1098701,1098882)
(1098701,1098886)
(1098701,1098889)
(1098701,1098899)
(1098701,1098910)
(1098701,1098912)
(1098701,1098928)
(1098701,1098934)
(1098701,1098936)
(1098701,1098952)
(1098701,1098956)
(1098701,1098960)
(1098701,1098963)
(1098701,1098975)
(1098701,1098980)
(1098701,1098982)
(1098701,1098995)
(1098701,1099006)
(1098701,1099016)
(1098701,1099030)
(1098701,1099043)
(1098701,1099045)
(1098701,1099067)
(1098701,1099075)
(1098701,1099090)
(1098701,1099093)
(1098701,1099096)
(1098701,1099098)
(1098701,1099115)
(1098701,1099116)
(1098701,1099125)
(1098701,1099136)
(1098701,1099146)
(1098701,1099157)
(1098701,1099164)
(1098701,1099179)
(1098701,1099188)
(1098701,1099203)
(1098701,1099205)
(1098701,1099223)
(1098701,1099234)
(1098701,1099247)
(1098701,1099258)
(1098701,1099260)
(1098701,1099270)
(1098705,1098713)
(1098705,1098724)
(1098705,1098732)
(1098705,1098743)
(1098705,1098748)
(1098705,1098763)
(1098705,1098777)
(1098705,1098782)
(1098705,1098784)
(1098705,1098798)
(1098705,1098810)
(1098705,1098817)
(1098705,1098830)
(1098705,1098840)
(1098705,1098841)
(1098705,1098852)
(1098705,1098869)
(1098705,1098881)
(1098705,1098882)
(1098705,1098886)
(1098705,1098889)
(1098705,1098899)
(1098705,1098910)
(1098705,1098912)
(1098705,1098928)
(1098705,1098934)
(1098705,1098936)
(1098705,1098952)
(1098705,1098956)
(1098705,1098960)
(1098705,1098963)
(1098705,1098975)
(1098705,1098980)
(1098705,1098982)
(1098705,1098995)
(1098705,1099006)
(1098705,1099016)
(1098705,1099030)
(1098705,1099043)
(1098705,1099045)
(1098705,1099067)
(1098705,1099075)
(1098705,1099090)
(1098705,1099093)
(1098705,1099096)
(1098705,1099098)
(1098705,1099115)
(1098705,1099116)
(1098705,1099125)
(1098705,1099136)
(1098705,1099146)
(1098705,1099157)
(1098705,1099164)
(1098705,1099179)
(1098705,1099188)
(1098705,1099203)
(1098705,1099205)
(1098705,1099223)
(1098705,1099234)
(1098705,1099247)
(1098705,1099258)
(1098705,1099260)
(1098705,1099270)
(1098713,1098724)
(1098713,1098732)
(1098713,1098743)
(1098713,1098748)
(1098713,1098763)
(1098713,1098777)
(1098713,1098782)
(1098713,1098784)
(1098713,1098798)
(1098713,1098810)
(1098713,1098817)
(1098713,1098830)
(1098713,1098840)
(1098713,1098841)
(1098713,1098852)
(1098713,1098869)
(1098713,1098881)
(1098713,1098882)
(1098713,1098886)
(1098713,1098889)
(1098713,1098899)
(1098713,1098910)
(1098713,1098912)
(1098713,1098928)
(1098713,1098934)
(1098713,1098936)
(1098713,1098952)
(1098713,1098956)
(1098713,1098960)
(1098713,1098963)
(1098713,1098975)
(1098713,1098980)
(1098713,1098982)
(1098713,1098995)
(1098713,1099006)
(1098713,1099016)
(1098713,1099030)
(1098713,1099043)
(1098713,1099045)
(1098713,1099067)
(1098713,1099075)
(1098713,1099090)
(1098713,1099093)
(1098713,1099096)
(1098713,1099098)
(1098713,1099115)
(1098713,1099116)
(1098713,1099125)
(1098713,1099136)
(1098713,1099146)
(1098713,1099157)
(1098713,1099164)
(1098713,1099179)
(1098713,1099188)
(1098713,1099203)
(1098713,1099205)
(1098713,1099223)
(1098713,1099234)
(1098713,1099247)
(1098713,1099258)
(1098713,1099260)
(1098713,1099270)
(1098724,1098732)
(1098724,1098743)
(1098724,1098748)
(1098724,1098763)
(1098724,1098777)
(1098724,1098782)
(1098724,1098784)
(1098724,1098798)
(1098724,1098810)
(1098724,1098817)
(1098724,1098830)
(1098724,1098840)
(1098724,1098841)
(1098724,1098852)
(1098724,1098869)
(1098724,1098881)
(1098724,1098882)
(1098724,1098886)
(1098724,1098889)
(1098724,1098899)
(1098724,1098910)
(1098724,1098912)
(1098724,1098928)
(1098724,1098934)
(1098724,1098936)
(1098724,1098952)
(1098724,1098956)
(1098724,1098960)
(1098724,1098963)
(1098724,1098975)
(1098724,1098980)
(1098724,1098982)
(1098724,1098995)
(1098724,1099006)
(1098724,1099016)
(1098724,1099030)
(1098724,1099043)
(1098724,1099045)
(1098724,1099067)
(1098724,1099075)
(1098724,1099090)
(1098724,1099093)
(1098724,1099096)
(1098724,1099098)
(1098724,1099115)
(1098724,1099116)
(1098724,1099125)
(1098724,1099136)
(1098724,1099146)
(1098724,1099157)
(1098724,1099164)
(1098724,1099179)
(1098724,1099188)
(1098724,1099203)
(1098724,1099205)
(1098724,1099223)
(1098724,1099234)
(1098724,1099247)
(1098724,1099258)
(1098724,1099260)
(1098724,1099270)
(1098732,1098743)
(1098732,1098748)
(1098732,1098763)
(1098732,1098777)
(1098732,1098782)
(1098732,1098784)
(1098732,1098798)
(1098732,1098810)
(1098732,1098817)
(1098732,1098830)
(1098732,1098840)
(1098732,1098841)
(1098732,1098852)
(1098732,1098869)
(1098732,1098881)
(1098732,1098882)
(1098732,1098886)
(1098732,1098889)
(1098732,1098899)
(1098732,1098910)
(1098732,1098912)
(1098732,1098928)
(1098732,1098934)
(1098732,1098936)
(1098732,1098952)
(1098732,1098956)
(1098732,1098960)
(1098732,1098963)
(1098732,1098975)
(1098732,1098980)
(1098732,1098982)
(1098732,1098995)
(1098732,1099006)
(1098732,1099016)
(1098732,1099030)
(1098732,1099043)
(1098732,1099045)
(1098732,1099067)
(1098732,1099075)
(1098732,1099090)
(1098732,1099093)
(1098732,1099096)
(1098732,1099098)
(1098732,1099115)
(1098732,1099116)
(1098732,1099125)
(1098732,1099136)
(1098732,1099146)
(1098732,1099157)
(1098732,1099164)
(1098732,1099179)
(1098732,1099188)
(1098732,1099203)
(1098732,1099205)
(1098732,1099223)
(1098732,1099234)
(1098732,1099247)
(1098732,1099258)
(1098732,1099260)
(1098732,1099270)
(1098743,1098748)
(1098743,1098763)
(1098743,1098777)
(1098743,1098782)
(1098743,1098784)
(1098743,1098798)
(1098743,1098810)
(1098743,1098817)
(1098743,1098830)
(1098743,1098840)
(1098743,1098841)
(1098743,1098852)
(1098743,1098869)
(1098743,1098881)
(1098743,1098882)
(1098743,1098886)
(1098743,1098889)
(1098743,1098899)
(1098743,1098910)
(1098743,1098912)
(1098743,1098928)
(1098743,1098934)
(1098743,1098936)
(1098743,1098952)
(1098743,1098956)
(1098743,1098960)
(1098743,1098963)
(1098743,1098975)
(1098743,1098980)
(1098743,1098982)
(1098743,1098995)
(1098743,1099006)
(1098743,1099016)
(1098743,1099030)
(1098743,1099043)
(1098743,1099045)
(1098743,1099067)
(1098743,1099075)
(1098743,1099090)
(1098743,1099093)
(1098743,1099096)
(1098743,1099098)
(1098743,1099115)
(1098743,1099116)
(1098743,1099125)
(1098743,1099136)
(1098743,1099146)
(1098743,1099157)
(1098743,1099164)
(1098743,1099179)
(1098743,1099188)
(1098743,1099203)
(1098743,1099205)
(1098743,1099223)
(1098743,1099234)
(1098743,1099247)
(1098743,1099258)
(1098743,1099260)
(1098743,1099270)
(1098748,1098763)
(1098748,1098777)
(1098748,1098782)
(1098748,1098784)
(1098748,1098798)
(1098748,1098810)
(1098748,1098817)
(1098748,1098830)
(1098748,1098840)
(1098748,1098841)
(1098748,1098852)
(1098748,1098869)
(1098748,1098881)
(1098748,1098882)
(1098748,1098886)
(1098748,1098889)
(1098748,1098899)
(1098748,1098910)
(1098748,1098912)
(1098748,1098928)
(1098748,1098934)
(1098748,1098936)
(1098748,1098952)
(1098748,1098956)
(1098748,1098960)
(1098748,1098963)
(1098748,1098975)
(1098748,1098980)
(1098748,1098982)
(1098748,1098995)
(1098748,1099006)
(1098748,1099016)
(1098748,1099030)
(1098748,1099043)
(1098748,1099045)
(1098748,1099067)
(1098748,1099075)
(1098748,1099090)
(1098748,1099093)
(1098748,1099096)
(1098748,1099098)
(1098748,1099115)
(1098748,1099116)
(1098748,1099125)
(1098748,1099136)
(1098748,1099146)
(1098748,1099157)
(1098748,1099164)
(1098748,1099179)
(1098748,1099188)
(1098748,1099203)
(1098748,1099205)
(1098748,1099223)
(1098748,1099234)
(1098748,1099247)
(1098748,1099258)
(1098748,1099260)
(1098748,1099270)
(1098763,1098777)
(1098763,1098782)
(1098763,1098784)
(1098763,1098798)
(1098763,1098810)
(1098763,1098817)
(1098763,1098830)
(1098763,1098840)
(1098763,1098841)
(1098763,1098852)
(1098763,1098869)
(1098763,1098881)
(1098763,1098882)
(1098763,1098886)
(1098763,1098889)
(1098763,1098899)
(1098763,1098910)
(1098763,1098912)
(1098763,1098928)
(1098763,1098934)
(1098763,1098936)
(1098763,1098952)
(1098763,1098956)
(1098763,1098960)
(1098763,1098963)
(1098763,1098975)
(1098763,1098980)
(1098763,1098982)
(1098763,1098995)
(1098763,1099006)
(1098763,1099016)
(1098763,1099030)
(1098763,1099043)
(1098763,1099045)
(1098763,1099067)
(1098763,1099075)
(1098763,1099090)
(1098763,1099093)
(1098763,1099096)
(1098763,1099098)
(1098763,1099115)
(1098763,1099116)
(1098763,1099125)
(1098763,1099136)
(1098763,1099146)
(1098763,1099157)
(1098763,1099164)
(1098763,1099179)
(1098763,1099188)
(1098763,1099203)
(1098763,1099205)
(1098763,1099223)
(1098763,1099234)
(1098763,1099247)
(1098763,1099258)
(1098763,1099260)
(1098763,1099270)
(1098777,1098782)
(1098777,1098784)
(1098777,1098798)
(1098777,1098810)
(1098777,1098817)
(1098777,1098830)
(1098777,1098840)
(1098777,1098841)
(1098777,1098852)
(1098777,1098869)
(1098777,1098881)
(1098777,1098882)
(1098777,1098886)
(1098777,1098889)
(1098777,1098899)
(1098777,1098910)
(1098777,1098912)
(1098777,1098928)
(1098777,1098934)
(1098777,1098936)
(1098777,1098952)
(1098777,1098956)
(1098777,1098960)
(1098777,1098963)
(1098777,1098975)
(1098777,1098980)
(1098777,1098982)
(1098777,1098995)
(1098777,1099006)
(1098777,1099016)
(1098777,1099030)
(1098777,1099043)
(1098777,1099045)
(1098777,1099067)
(1098777,1099075)
(1098777,1099090)
(1098777,1099093)
(1098777,1099096)
(1098777,1099098)
(1098777,1099115)
(1098777,1099116)
(1098777,1099125)
(1098777,1099136)
(1098777,1099146)
(1098777,1099157)
(1098777,1099164)
(1098777,1099179)
(1098777,1099188)
(1098777,1099203)
(1098777,1099205)
(1098777,1099223)
(1098777,1099234)
(1098777,1099247)
(1098777,1099258)
(1098777,1099260)
(1098777,1099270)
(1098782,1098784)
(1098782,1098798)
(1098782,1098810)
(1098782,1098817)
(1098782,1098830)
(1098782,1098840)
(1098782,1098841)
(1098782,1098852)
(1098782,1098869)
(1098782,1098881)
(1098782,1098882)
(1098782,1098886)
(1098782,1098889)
(1098782,1098899)
(1098782,1098910)
(1098782,1098912)
(1098782,1098928)
(1098782,1098934)
(1098782,1098936)
(1098782,1098952)
(1098782,1098956)
(1098782,1098960)
(1098782,1098963)
(1098782,1098975)
(1098782,1098980)
(1098782,1098982)
(1098782,1098995)
(1098782,1099006)
(1098782,1099016)
(1098782,1099030)
(1098782,1099043)
(1098782,1099045)
(1098782,1099067)
(1098782,1099075)
(1098782,1099090)
(1098782,1099093)
(1098782,1099096)
(1098782,1099098)
(1098782,1099115)
(1098782,1099116)
(1098782,1099125)
(1098782,1099136)
(1098782,1099146)
(1098782,1099157)
(1098782,1099164)
(1098782,1099179)
(1098782,1099188)
(1098782,1099203)
(1098782,1099205)
(1098782,1099223)
(1098782,1099234)
(1098782,1099247)
(1098782,1099258)
(1098782,1099260)
(1098782,1099270)
(1098784,1098798)
(1098784,1098810)
(1098784,1098817)
(1098784,1098830)
(1098784,1098840)
(1098784,1098841)
(1098784,1098852)
(1098784,1098869)
(1098784,1098881)
(1098784,1098882)
(1098784,1098886)
(1098784,1098889)
(1098784,1098899)
(1098784,1098910)
(1098784,1098912)
(1098784,1098928)
(1098784,1098934)
(1098784,1098936)
(1098784,1098952)
(1098784,1098956)
(1098784,1098960)
(1098784,1098963)
(1098784,1098975)
(1098784,1098980)
(1098784,1098982)
(1098784,1098995)
(1098784,1099006)
(1098784,1099016)
(1098784,1099030)
(1098784,1099043)
(1098784,1099045)
(1098784,1099067)
(1098784,1099075)
(1098784,1099090)
(1098784,1099093)
(1098784,1099096)
(1098784,1099098)
(1098784,1099115)
(1098784,1099116)
(1098784,1099125)
(1098784,1099136)
(1098784,1099146)
(1098784,1099157)
(1098784,1099164)
(1098784,1099179)
(1098784,1099188)
(1098784,1099203)
(1098784,1099205)
(1098784,1099223)
(1098784,1099234)
(1098784,1099247)
(1098784,1099258)
(1098784,1099260)
(1098784,1099270)
(1098798,1098810)
(1098798,1098817)
(1098798,1098830)
(1098798,1098840)
(1098798,1098841)
(1098798,1098852)
(1098798,1098869)
(1098798,1098881)
(1098798,1098882)
(1098798,1098886)
(1098798,1098889)
(1098798,1098899)
(1098798,1098910)
(1098798,1098912)
(1098798,1098928)
(1098798,1098934)
(1098798,1098936)
(1098798,1098952)
(1098798,1098956)
(1098798,1098960)
(1098798,1098963)
(1098798,1098975)
(1098798,1098980)
(1098798,1098982)
(1098798,1098995)
(1098798,1099006)
(1098798,1099016)
(1098798,1099030)
(1098798,1099043)
(1098798,1099045)
(1098798,1099067)
(1098798,1099075)
(1098798,1099090)
(1098798,1099093)
(1098798,1099096)
(1098798,1099098)
(1098798,1099115)
(1098798,1099116)
(1098798,1099125)
(1098798,1099136)
(1098798,1099146)
(1098798,1099157)
(1098798,1099164)
(1098798,1099179)
(1098798,1099188)
(1098798,1099203)
(1098798,1099205)
(1098798,1099223)
(1098798,1099234)
(1098798,1099247)
(1098798,1099258)
(1098798,1099260)
(1098798,1099270)
(1098810,1098817)
(1098810,1098830)
(1098810,1098840)
(1098810,1098841)
(1098810,1098852)
(1098810,1098869)
(1098810,1098881)
(1098810,1098882)
(1098810,1098886)
(1098810,1098889)
(1098810,1098899)
(1098810,1098910)
(1098810,1098912)
(1098810,1098928)
(1098810,1098934)
(1098810,1098936)
(1098810,1098952)
(1098810,1098956)
(1098810,1098960)
(1098810,1098963)
(1098810,1098975)
(1098810,1098980)
(1098810,1098982)
(1098810,1098995)
(1098810,1099006)
(1098810,1099016)
(1098810,1099030)
(1098810,1099043)
(1098810,1099045)
(1098810,1099067)
(1098810,1099075)
(1098810,1099090)
(1098810,1099093)
(1098810,1099096)
(1098810,1099098)
(1098810,1099115)
(1098810,1099116)
(1098810,1099125)
(1098810,1099136)
(1098810,1099146)
(1098810,1099157)
(1098810,1099164)
(1098810,1099179)
(1098810,1099188)
(1098810,1099203)
(1098810,1099205)
(1098810,1099223)
(1098810,1099234)
(1098810,1099247)
(1098810,1099258)
(1098810,1099260)
(1098810,1099270)
(1098817,1098830)
(1098817,1098840)
(1098817,1098841)
(1098817,1098852)
(1098817,1098869)
(1098817,1098881)
(1098817,1098882)
(1098817,1098886)
(1098817,1098889)
(1098817,1098899)
(1098817,1098910)
(1098817,1098912)
(1098817,1098928)
(1098817,1098934)
(1098817,1098936)
(1098817,1098952)
(1098817,1098956)
(1098817,1098960)
(1098817,1098963)
(1098817,1098975)
(1098817,1098980)
(1098817,1098982)
(1098817,1098995)
(1098817,1099006)
(1098817,1099016)
(1098817,1099030)
(1098817,1099043)
(1098817,1099045)
(1098817,1099067)
(1098817,1099075)
(1098817,1099090)
(1098817,1099093)
(1098817,1099096)
(1098817,1099098)
(1098817,1099115)
(1098817,1099116)
(1098817,1099125)
(1098817,1099136)
(1098817,1099146)
(1098817,1099157)
(1098817,1099164)
(1098817,1099179)
(1098817,1099188)
(1098817,1099203)
(1098817,1099205)
(1098817,1099223)
(1098817,1099234)
(1098817,1099247)
(1098817,1099258)
(1098817,1099260)
(1098817,1099270)
(1098830,1098840)
(1098830,1098841)
(1098830,1098852)
(1098830,1098869)
(1098830,1098881)
(1098830,1098882)
(1098830,1098886)
(1098830,1098889)
(1098830,1098899)
(1098830,1098910)
(1098830,1098912)
(1098830,1098928)
(1098830,1098934)
(1098830,1098936)
(1098830,1098952)
(1098830,1098956)
(1098830,1098960)
(1098830,1098963)
(1098830,1098975)
(1098830,1098980)
(1098830,1098982)
(1098830,1098995)
(1098830,1099006)
(1098830,1099016)
(1098830,1099030)
(1098830,1099043)
(1098830,1099045)
(1098830,1099067)
(1098830,1099075)
(1098830,1099090)
(1098830,1099093)
(1098830,1099096)
(1098830,1099098)
(1098830,1099115)
(1098830,1099116)
(1098830,1099125)
(1098830,1099136)
(1098830,1099146)
(1098830,1099157)
(1098830,1099164)
(1098830,1099179)
(1098830,1099188)
(1098830,1099203)
(1098830,1099205)
(1098830,1099223)
(1098830,1099234)
(1098830,1099247)
(1098830,1099258)
(1098830,1099260)
(1098830,1099270)
(1098840,1098841)
(1098840,1098852)
(1098840,1098869)
(1098840,1098881)
(1098840,1098882)
(1098840,1098886)
(1098840,1098889)
(1098840,1098899)
(1098840,1098910)
(1098840,1098912)
(1098840,1098928)
(1098840,1098934)
(1098840,1098936)
(1098840,1098952)
(1098840,1098956)
(1098840,1098960)
(1098840,1098963)
(1098840,1098975)
(1098840,1098980)
(1098840,1098982)
(1098840,1098995)
(1098840,1099006)
(1098840,1099016)
(1098840,1099030)
(1098840,1099043)
(1098840,1099045)
(1098840,1099067)
(1098840,1099075)
(1098840,1099090)
(1098840,1099093)
(1098840,1099096)
(1098840,1099098)
(1098840,1099115)
(1098840,1099116)
(1098840,1099125)
(1098840,1099136)
(1098840,1099146)
(1098840,1099157)
(1098840,1099164)
(1098840,1099179)
(1098840,1099188)
(1098840,1099203)
(1098840,1099205)
(1098840,1099223)
(1098840,1099234)
(1098840,1099247)
(1098840,1099258)
(1098840,1099260)
(1098840,1099270)
(1098841,1098852)
(1098841,1098869)
(1098841,1098881)
(1098841,1098882)
(1098841,1098886)
(1098841,1098889)
(1098841,1098899)
(1098841,1098910)
(1098841,1098912)
(1098841,1098928)
(1098841,1098934)
(1098841,1098936)
(1098841,1098952)
(1098841,1098956)
(1098841,1098960)
(1098841,1098963)
(1098841,1098975)
(1098841,1098980)
(1098841,1098982)
(1098841,1098995)
(1098841,1099006)
(1098841,1099016)
(1098841,1099030)
(1098841,1099043)
(1098841,1099045)
(1098841,1099067)
(1098841,1099075)
(1098841,1099090)
(1098841,1099093)
(1098841,1099096)
(1098841,1099098)
(1098841,1099115)
(1098841,1099116)
(1098841,1099125)
(1098841,1099136)
(1098841,1099146)
(1098841,1099157)
(1098841,1099164)
(1098841,1099179)
(1098841,1099188)
(1098841,1099203)
(1098841,1099205)
(1098841,1099223)
(1098841,1099234)
(1098841,1099247)
(1098841,1099258)
(1098841,1099260)
(1098841,1099270)
(1098852,1098869)
(1098852,1098881)
(1098852,1098882)
(1098852,1098886)
(1098852,1098889)
(1098852,1098899)
(1098852,1098910)
(1098852,1098912)
(1098852,1098928)
(1098852,1098934)
(1098852,1098936)
(1098852,1098952)
(1098852,1098956)
(1098852,1098960)
(1098852,1098963)
(1098852,1098975)
(1098852,1098980)
(1098852,1098982)
(1098852,1098995)
(1098852,1099006)
(1098852,1099016)
(1098852,1099030)
(1098852,1099043)
(1098852,1099045)
(1098852,1099067)
(1098852,1099075)
(1098852,1099090)
(1098852,1099093)
(1098852,1099096)
(1098852,1099098)
(1098852,1099115)
(1098852,1099116)
(1098852,1099125)
(1098852,1099136)
(1098852,1099146)
(1098852,1099157)
(1098852,1099164)
(1098852,1099179)
(1098852,1099188)
(1098852,1099203)
(1098852,1099205)
(1098852,1099223)
(1098852,1099234)
(1098852,1099247)
(1098852,1099258)
(1098852,1099260)
(1098852,1099270)
(1098869,1098881)
(1098869,1098882)
(1098869,1098886)
(1098869,1098889)
(1098869,1098899)
(1098869,1098910)
(1098869,1098912)
(1098869,1098928)
(1098869,1098934)
(1098869,1098936)
(1098869,1098952)
(1098869,1098956)
(1098869,1098960)
(1098869,1098963)
(1098869,1098975)
(1098869,1098980)
(1098869,1098982)
(1098869,1098995)
(1098869,1099006)
(1098869,1099016)
(1098869,1099030)
(1098869,1099043)
(1098869,1099045)
(1098869,1099067)
(1098869,1099075)
(1098869,1099090)
(1098869,1099093)
(1098869,1099096)
(1098869,1099098)
(1098869,1099115)
(1098869,1099116)
(1098869,1099125)
(1098869,1099136)
(1098869,1099146)
(1098869,1099157)
(1098869,1099164)
(1098869,1099179)
(1098869,1099188)
(1098869,1099203)
(1098869,1099205)
(1098869,1099223)
(1098869,1099234)
(1098869,1099247)
(1098869,1099258)
(1098869,1099260)
(1098869,1099270)
(1098881,1098882)
(1098881,1098886)
(1098881,1098889)
(1098881,1098899)
(1098881,1098910)
(1098881,1098912)
(1098881,1098928)
(1098881,1098934)
(1098881,1098936)
(1098881,1098952)
(1098881,1098956)
(1098881,1098960)
(1098881,1098963)
(1098881,1098975)
(1098881,1098980)
(1098881,1098982)
(1098881,1098995)
(1098881,1099006)
(1098881,1099016)
(1098881,1099030)
(1098881,1099043)
(1098881,1099045)
(1098881,1099067)
(1098881,1099075)
(1098881,1099090)
(1098881,1099093)
(1098881,1099096)
(1098881,1099098)
(1098881,1099115)
(1098881,1099116)
(1098881,1099125)
(1098881,1099136)
(1098881,1099146)
(1098881,1099157)
(1098881,1099164)
(1098881,1099179)
(1098881,1099188)
(1098881,1099203)
(1098881,1099205)
(1098881,1099223)
(1098881,1099234)
(1098881,1099247)
(1098881,1099258)
(1098881,1099260)
(1098881,1099270)
(1098882,1098886)
(1098882,1098889)
(1098882,1098899)
(1098882,1098910)
(1098882,1098912)
(1098882,1098928)
(1098882,1098934)
(1098882,1098936)
(1098882,1098952)
(1098882,1098956)
(1098882,1098960)
(1098882,1098963)
(1098882,1098975)
(1098882,1098980)
(1098882,1098982)
(1098882,1098995)
(1098882,1099006)
(1098882,1099016)
(1098882,1099030)
(1098882,1099043)
(1098882,1099045)
(1098882,1099067)
(1098882,1099075)
(1098882,1099090)
(1098882,1099093)
(1098882,1099096)
(1098882,1099098)
(1098882,1099115)
(1098882,1099116)
(1098882,1099125)
(1098882,1099136)
(1098882,1099146)
(1098882,1099157)
(1098882,1099164)
(1098882,1099179)
(1098882,1099188)
(1098882,1099203)
(1098882,1099205)
(1098882,1099223)
(1098882,1099234)
(1098882,1099247)
(1098882,1099258)
(1098882,1099260)
(1098882,1099270)
(1098886,1098889)
(1098886,1098899)
(1098886,1098910)
(1098886,1098912)
(1098886,1098928)
(1098886,1098934)
(1098886,1098936)
(1098886,1098952)
(1098886,1098956)
(1098886,1098960)
(1098886,1098963)
(1098886,1098975)
(1098886,1098980)
(1098886,1098982)
(1098886,1098995)
(1098886,1099006)
(1098886,1099016)
(1098886,1099030)
(1098886,1099043)
(1098886,1099045)
(1098886,1099067)
(1098886,1099075)
(1098886,1099090)
(1098886,1099093)
(1098886,1099096)
(1098886,1099098)
(1098886,1099115)
(1098886,1099116)
(1098886,1099125)
(1098886,1099136)
(1098886,1099146)
(1098886,1099157)
(1098886,1099164)
(1098886,1099179)
(1098886,1099188)
(1098886,1099203)
(1098886,1099205)
(1098886,1099223)
(1098886,1099234)
(1098886,1099247)
(1098886,1099258)
(1098886,1099260)
(1098886,1099270)
(1098889,1098899)
(1098889,1098910)
(1098889,1098912)
(1098889,1098928)
(1098889,1098934)
(1098889,1098936)
(1098889,1098952)
(1098889,1098956)
(1098889,1098960)
(1098889,1098963)
(1098889,1098975)
(1098889,1098980)
(1098889,1098982)
(1098889,1098995)
(1098889,1099006)
(1098889,1099016)
(1098889,1099030)
(1098889,1099043)
(1098889,1099045)
(1098889,1099067)
(1098889,1099075)
(1098889,1099090)
(1098889,1099093)
(1098889,1099096)
(1098889,1099098)
(1098889,1099115)
(1098889,1099116)
(1098889,1099125)
(1098889,1099136)
(1098889,1099146)
(1098889,1099157)
(1098889,1099164)
(1098889,1099179)
(1098889,1099188)
(1098889,1099203)
(1098889,1099205)
(1098889,1099223)
(1098889,1099234)
(1098889,1099247)
(1098889,1099258)
(1098889,1099260)
(1098889,1099270)
(1098899,1098910)
(1098899,1098912)
(1098899,1098928)
(1098899,1098934)
(1098899,1098936)
(1098899,1098952)
(1098899,1098956)
(1098899,1098960)
(1098899,1098963)
(1098899,1098975)
(1098899,1098980)
(1098899,1098982)
(1098899,1098995)
(1098899,1099006)
(1098899,1099016)
(1098899,1099030)
(1098899,1099043)
(1098899,1099045)
(1098899,1099067)
(1098899,1099075)
(1098899,1099090)
(1098899,1099093)
(1098899,1099096)
(1098899,1099098)
(1098899,1099115)
(1098899,1099116)
(1098899,1099125)
(1098899,1099136)
(1098899,1099146)
(1098899,1099157)
(1098899,1099164)
(1098899,1099179)
(1098899,1099188)
(1098899,1099203)
(1098899,1099205)
(1098899,1099223)
(1098899,1099234)
(1098899,1099247)
(1098899,1099258)
(1098899,1099260)
(1098899,1099270)
(1098910,1098912)
(1098910,1098928)
(1098910,1098934)
(1098910,1098936)
(1098910,1098952)
(1098910,1098956)
(1098910,1098960)
(1098910,1098963)
(1098910,1098975)
(1098910,1098980)
(1098910,1098982)
(1098910,1098995)
(1098910,1099006)
(1098910,1099016)
(1098910,1099030)
(1098910,1099043)
(1098910,1099045)
(1098910,1099067)
(1098910,1099075)
(1098910,1099090)
(1098910,1099093)
(1098910,1099096)
(1098910,1099098)
(1098910,1099115)
(1098910,1099116)
(1098910,1099125)
(1098910,1099136)
(1098910,1099146)
(1098910,1099157)
(1098910,1099164)
(1098910,1099179)
(1098910,1099188)
(1098910,1099203)
(1098910,1099205)
(1098910,1099223)
(1098910,1099234)
(1098910,1099247)
(1098910,1099258)
(1098910,1099260)
(1098910,1099270)
(1098912,1098928)
(1098912,1098934)
(1098912,1098936)
(1098912,1098952)
(1098912,1098956)
(1098912,1098960)
(1098912,1098963)
(1098912,1098975)
(1098912,1098980)
(1098912,1098982)
(1098912,1098995)
(1098912,1099006)
(1098912,1099016)
(1098912,1099030)
(1098912,1099043)
(1098912,1099045)
(1098912,1099067)
(1098912,1099075)
(1098912,1099090)
(1098912,1099093)
(1098912,1099096)
(1098912,1099098)
(1098912,1099115)
(1098912,1099116)
(1098912,1099125)
(1098912,1099136)
(1098912,1099146)
(1098912,1099157)
(1098912,1099164)
(1098912,1099179)
(1098912,1099188)
(1098912,1099203)
(1098912,1099205)
(1098912,1099223)
(1098912,1099234)
(1098912,1099247)
(1098912,1099258)
(1098912,1099260)
(1098912,1099270)
(1098928,1098934)
(1098928,1098936)
(1098928,1098952)
(1098928,1098956)
(1098928,1098960)
(1098928,1098963)
(1098928,1098975)
(1098928,1098980)
(1098928,1098982)
(1098928,1098995)
(1098928,1099006)
(1098928,1099016)
(1098928,1099030)
(1098928,1099043)
(1098928,1099045)
(1098928,1099067)
(1098928,1099075)
(1098928,1099090)
(1098928,1099093)
(1098928,1099096)
(1098928,1099098)
(1098928,1099115)
(1098928,1099116)
(1098928,1099125)
(1098928,1099136)
(1098928,1099146)
(1098928,1099157)
(1098928,1099164)
(1098928,1099179)
(1098928,1099188)
(1098928,1099203)
(1098928,1099205)
(1098928,1099223)
(1098928,1099234)
(1098928,1099247)
(1098928,1099258)
(1098928,1099260)
(1098928,1099270)
(1098934,1098936)
(1098934,1098952)
(1098934,1098956)
(1098934,1098960)
(1098934,1098963)
(1098934,1098975)
(1098934,1098980)
(1098934,1098982)
(1098934,1098995)
(1098934,1099006)
(1098934,1099016)
(1098934,1099030)
(1098934,1099043)
(1098934,1099045)
(1098934,1099067)
(1098934,1099075)
(1098934,1099090)
(1098934,1099093)
(1098934,1099096)
(1098934,1099098)
(1098934,1099115)
(1098934,1099116)
(1098934,1099125)
(1098934,1099136)
(1098934,1099146)
(1098934,1099157)
(1098934,1099164)
(1098934,1099179)
(1098934,1099188)
(1098934,1099203)
(1098934,1099205)
(1098934,1099223)
(1098934,1099234)
(1098934,1099247)
(1098934,1099258)
(1098934,1099260)
(1098934,1099270)
(1098936,1098952)
(1098936,1098956)
(1098936,1098960)
(1098936,1098963)
(1098936,1098975)
(1098936,1098980)
(1098936,1098982)
(1098936,1098995)
(1098936,1099006)
(1098936,1099016)
(1098936,1099030)
(1098936,1099043)
(1098936,1099045)
(1098936,1099067)
(1098936,1099075)
(1098936,1099090)
(1098936,1099093)
(1098936,1099096)
(1098936,1099098)
(1098936,1099115)
(1098936,1099116)
(1098936,1099125)
(1098936,1099136)
(1098936,1099146)
(1098936,1099157)
(1098936,1099164)
(1098936,1099179)
(1098936,1099188)
(1098936,1099203)
(1098936,1099205)
(1098936,1099223)
(1098936,1099234)
(1098936,1099247)
(1098936,1099258)
(1098936,1099260)
(1098936,1099270)
(1098952,1098956)
(1098952,1098960)
(1098952,1098963)
(1098952,1098975)
(1098952,1098980)
(1098952,1098982)
(1098952,1098995)
(1098952,1099006)
(1098952,1099016)
(1098952,1099030)
(1098952,1099043)
(1098952,1099045)
(1098952,1099067)
(1098952,1099075)
(1098952,1099090)
(1098952,1099093)
(1098952,1099096)
(1098952,1099098)
(1098952,1099115)
(1098952,1099116)
(1098952,1099125)
(1098952,1099136)
(1098952,1099146)
(1098952,1099157)
(1098952,1099164)
(1098952,1099179)
(1098952,1099188)
(1098952,1099203)
(1098952,1099205)
(1098952,1099223)
(1098952,1099234)
(1098952,1099247)
(1098952,1099258)
(1098952,1099260)
(1098952,1099270)
(1098956,1098960)
(1098956,1098963)
(1098956,1098975)
(1098956,1098980)
(1098956,1098982)
(1098956,1098995)
(1098956,1099006)
(1098956,1099016)
(1098956,1099030)
(1098956,1099043)
(1098956,1099045)
(1098956,1099067)
(1098956,1099075)
(1098956,1099090)
(1098956,1099093)
(1098956,1099096)
(1098956,1099098)
(1098956,1099115)
(1098956,1099116)
(1098956,1099125)
(1098956,1099136)
(1098956,1099146)
(1098956,1099157)
(1098956,1099164)
(1098956,1099179)
(1098956,1099188)
(1098956,1099203)
(1098956,1099205)
(1098956,1099223)
(1098956,1099234)
(1098956,1099247)
(1098956,1099258)
(1098956,1099260)
(1098956,1099270)
(1098960,1098963)
(1098960,1098975)
(1098960,1098980)
(1098960,1098982)
(1098960,1098995)
(1098960,1099006)
(1098960,1099016)
(1098960,1099030)
(1098960,1099043)
(1098960,1099045)
(1098960,1099067)
(1098960,1099075)
(1098960,1099090)
(1098960,1099093)
(1098960,1099096)
(1098960,1099098)
(1098960,1099115)
(1098960,1099116)
(1098960,1099125)
(1098960,1099136)
(1098960,1099146)
(1098960,1099157)
(1098960,1099164)
(1098960,1099179)
(1098960,1099188)
(1098960,1099203)
(1098960,1099205)
(1098960,1099223)
(1098960,1099234)
(1098960,1099247)
(1098960,1099258)
(1098960,1099260)
(1098960,1099270)
(1098963,1098975)
(1098963,1098980)
(1098963,1098982)
(1098963,1098995)
(1098963,1099006)
(1098963,1099016)
(1098963,1099030)
(1098963,1099043)
(1098963,1099045)
(1098963,1099067)
(1098963,1099075)
(1098963,1099090)
(1098963,1099093)
(1098963,1099096)
(1098963,1099098)
(1098963,1099115)
(1098963,1099116)
(1098963,1099125)
(1098963,1099136)
(1098963,1099146)
(1098963,1099157)
(1098963,1099164)
(1098963,1099179)
(1098963,1099188)
(1098963,1099203)
(1098963,1099205)
(1098963,1099223)
(1098963,1099234)
(1098963,1099247)
(1098963,1099258)
(1098963,1099260)
(1098963,1099270)
(1098975,1098980)
(1098975,1098982)
(1098975,1098995)
(1098975,1099006)
(1098975,1099016)
(1098975,1099030)
(1098975,1099043)
(1098975,1099045)
(1098975,1099067)
(1098975,1099075)
(1098975,1099090)
(1098975,1099093)
(1098975,1099096)
(1098975,1099098)
(1098975,1099115)
(1098975,1099116)
(1098975,1099125)
(1098975,1099136)
(1098975,1099146)
(1098975,1099157)
(1098975,1099164)
(1098975,1099179)
(1098975,1099188)
(1098975,1099203)
(1098975,1099205)
(1098975,1099223)
(1098975,1099234)
(1098975,1099247)
(1098975,1099258)
(1098975,1099260)
(1098975,1099270)
(1098980,1098982)
(1098980,1098995)
(1098980,1099006)
(1098980,1099016)
(1098980,1099030)
(1098980,1099043)
(1098980,1099045)
(1098980,1099067)
(1098980,1099075)
(1098980,1099090)
(1098980,1099093)
(1098980,1099096)
(1098980,1099098)
(1098980,1099115)
(1098980,1099116)
(1098980,1099125)
(1098980,1099136)
(1098980,1099146)
(1098980,1099157)
(1098980,1099164)
(1098980,1099179)
(1098980,1099188)
(1098980,1099203)
(1098980,1099205)
(1098980,1099223)
(1098980,1099234)
(1098980,1099247)
(1098980,1099258)
(1098980,1099260)
(1098980,1099270)
(1098982,1098995)
(1098982,1099006)
(1098982,1099016)
(1098982,1099030)
(1098982,1099043)
(1098982,1099045)
(1098982,1099067)
(1098982,1099075)
(1098982,1099090)
(1098982,1099093)
(1098982,1099096)
(1098982,1099098)
(1098982,1099115)
(1098982,1099116)
(1098982,1099125)
(1098982,1099136)
(1098982,1099146)
(1098982,1099157)
(1098982,1099164)
(1098982,1099179)
(1098982,1099188)
(1098982,1099203)
(1098982,1099205)
(1098982,1099223)
(1098982,1099234)
(1098982,1099247)
(1098982,1099258)
(1098982,1099260)
(1098982,1099270)
(1098995,1099006)
(1098995,1099016)
(1098995,1099030)
(1098995,1099043)
(1098995,1099045)
(1098995,1099067)
(1098995,1099075)
(1098995,1099090)
(1098995,1099093)
(1098995,1099096)
(1098995,1099098)
(1098995,1099115)
(1098995,1099116)
(1098995,1099125)
(1098995,1099136)
(1098995,1099146)
(1098995,1099157)
(1098995,1099164)
(1098995,1099179)
(1098995,1099188)
(1098995,1099203)
(1098995,1099205)
(1098995,1099223)
(1098995,1099234)
(1098995,1099247)
(1098995,1099258)
(1098995,1099260)
(1098995,1099270)
(1099006,1099016)
(1099006,1099030)
(1099006,1099043)
(1099006,1099045)
(1099006,1099067)
(1099006,1099075)
(1099006,1099090)
(1099006,1099093)
(1099006,1099096)
(1099006,1099098)
(1099006,1099115)
(1099006,1099116)
(1099006,1099125)
(1099006,1099136)
(1099006,1099146)
(1099006,1099157)
(1099006,1099164)
(1099006,1099179)
(1099006,1099188)
(1099006,1099203)
(1099006,1099205)
(1099006,1099223)
(1099006,1099234)
(1099006,1099247)
(1099006,1099258)
(1099006,1099260)
(1099006,1099270)
(1099016,1099030)
(1099016,1099043)
(1099016,1099045)
(1099016,1099067)
(1099016,1099075)
(1099016,1099090)
(1099016,1099093)
(1099016,1099096)
(1099016,1099098)
(1099016,1099115)
(1099016,1099116)
(1099016,1099125)
(1099016,1099136)
(1099016,1099146)
(1099016,1099157)
(1099016,1099164)
(1099016,1099179)
(1099016,1099188)
(1099016,1099203)
(1099016,1099205)
(1099016,1099223)
(1099016,1099234)
(1099016,1099247)
(1099016,1099258)
(1099016,1099260)
(1099016,1099270)
(1099030,1099043)
(1099030,1099045)
(1099030,1099067)
(1099030,1099075)
(1099030,1099090)
(1099030,1099093)
(1099030,1099096)
(1099030,1099098)
(1099030,1099115)
(1099030,1099116)
(1099030,1099125)
(1099030,1099136)
(1099030,1099146)
(1099030,1099157)
(1099030,1099164)
(1099030,1099179)
(1099030,1099188)
(1099030,1099203)
(1099030,1099205)
(1099030,1099223)
(1099030,1099234)
(1099030,1099247)
(1099030,1099258)
(1099030,1099260)
(1099030,1099270)
(1099043,1099045)
(1099043,1099067)
(1099043,1099075)
(1099043,1099090)
(1099043,1099093)
(1099043,1099096)
(1099043,1099098)
(1099043,1099115)
(1099043,1099116)
(1099043,1099125)
(1099043,1099136)
(1099043,1099146)
(1099043,1099157)
(1099043,1099164)
(1099043,1099179)
(1099043,1099188)
(1099043,1099203)
(1099043,1099205)
(1099043,1099223)
(1099043,1099234)
(1099043,1099247)
(1099043,1099258)
(1099043,1099260)
(1099043,1099270)
(1099045,1099067)
(1099045,1099075)
(1099045,1099090)
(1099045,1099093)
(1099045,1099096)
(1099045,1099098)
(1099045,1099115)
(1099045,1099116)
(1099045,1099125)
(1099045,1099136)
(1099045,1099146)
(1099045,1099157)
(1099045,1099164)
(1099045,1099179)
(1099045,1099188)
(1099045,1099203)
(1099045,1099205)
(1099045,1099223)
(1099045,1099234)
(1099045,1099247)
(1099045,1099258)
(1099045,1099260)
(1099045,1099270)
(1099067,1099075)
(1099067,1099090)
(1099067,1099093)
(1099067,1099096)
(1099067,1099098)
(1099067,1099115)
(1099067,1099116)
(1099067,1099125)
(1099067,1099136)
(1099067,1099146)
(1099067,1099157)
(1099067,1099164)
(1099067,1099179)
(1099067,1099188)
(1099067,1099203)
(1099067,1099205)
(1099067,1099223)
(1099067,1099234)
(1099067,1099247)
(1099067,1099258)
(1099067,1099260)
(1099067,1099270)
(1099075,1099090)
(1099075,1099093)
(1099075,1099096)
(1099075,1099098)
(1099075,1099115)
(1099075,1099116)
(1099075,1099125)
(1099075,1099136)
(1099075,1099146)
(1099075,1099157)
(1099075,1099164)
(1099075,1099179)
(1099075,1099188)
(1099075,1099203)
(1099075,1099205)
(1099075,1099223)
(1099075,1099234)
(1099075,1099247)
(1099075,1099258)
(1099075,1099260)
(1099075,1099270)
(1099090,1099093)
(1099090,1099096)
(1099090,1099098)
(1099090,1099115)
(1099090,1099116)
(1099090,1099125)
(1099090,1099136)
(1099090,1099146)
(1099090,1099157)
(1099090,1099164)
(1099090,1099179)
(1099090,1099188)
(1099090,1099203)
(1099090,1099205)
(1099090,1099223)
(1099090,1099234)
(1099090,1099247)
(1099090,1099258)
(1099090,1099260)
(1099090,1099270)
(1099093,1099096)
(1099093,1099098)
(1099093,1099115)
(1099093,1099116)
(1099093,1099125)
(1099093,1099136)
(1099093,1099146)
(1099093,1099157)
(1099093,1099164)
(1099093,1099179)
(1099093,1099188)
(1099093,1099203)
(1099093,1099205)
(1099093,1099223)
(1099093,1099234)
(1099093,1099247)
(1099093,1099258)
(1099093,1099260)
(1099093,1099270)
(1099096,1099098)
(1099096,1099115)
(1099096,1099116)
(1099096,1099125)
(1099096,1099136)
(1099096,1099146)
(1099096,1099157)
(1099096,1099164)
(1099096,1099179)
(1099096,1099188)
(1099096,1099203)
(1099096,1099205)
(1099096,1099223)
(1099096,1099234)
(1099096,1099247)
(1099096,1099258)
(1099096,1099260)
(1099096,1099270)
(1099098,1099115)
(1099098,1099116)
(1099098,1099125)
(1099098,1099136)
(1099098,1099146)
(1099098,1099157)
(1099098,1099164)
(1099098,1099179)
(1099098,1099188)
(1099098,1099203)
(1099098,1099205)
(1099098,1099223)
(1099098,1099234)
(1099098,1099247)
(1099098,1099258)
(1099098,1099260)
(1099098,1099270)
(1099115,1099116)
(1099115,1099125)
(1099115,1099136)
(1099115,1099146)
(1099115,1099157)
(1099115,1099164)
(1099115,1099179)
(1099115,1099188)
(1099115,1099203)
(1099115,1099205)
(1099115,1099223)
(1099115,1099234)
(1099115,1099247)
(1099115,1099258)
(1099115,1099260)
(1099115,1099270)
(1099116,1099125)
(1099116,1099136)
(1099116,1099146)
(1099116,1099157)
(1099116,1099164)
(1099116,1099179)
(1099116,1099188)
(1099116,1099203)
(1099116,1099205)
(1099116,1099223)
(1099116,1099234)
(1099116,1099247)
(1099116,1099258)
(1099116,1099260)
(1099116,1099270)
(1099125,1099136)
(1099125,1099146)
(1099125,1099157)
(1099125,1099164)
(1099125,1099179)
(1099125,1099188)
(1099125,1099203)
(1099125,1099205)
(1099125,1099223)
(1099125,1099234)
(1099125,1099247)
(1099125,1099258)
(1099125,1099260)
(1099125,1099270)
(1099136,1099146)
(1099136,1099157)
(1099136,1099164)
(1099136,1099179)
(1099136,1099188)
(1099136,1099203)
(1099136,1099205)
(1099136,1099223)
(1099136,1099234)
(1099136,1099247)
(1099136,1099258)
(1099136,1099260)
(1099136,1099270)
(1099146,1099157)
(1099146,1099164)
(1099146,1099179)
(1099146,1099188)
(1099146,1099203)
(1099146,1099205)
(1099146,1099223)
(1099146,1099234)
(1099146,1099247)
(1099146,1099258)
(1099146,1099260)
(1099146,1099270)
(1099157,1099164)
(1099157,1099179)
(1099157,1099188)
(1099157,1099203)
(1099157,1099205)
(1099157,1099223)
(1099157,1099234)
(1099157,1099247)
(1099157,1099258)
(1099157,1099260)
(1099157,1099270)
(1099164,1099179)
(1099164,1099188)
(1099164,1099203)
(1099164,1099205)
(1099164,1099223)
(1099164,1099234)
(1099164,1099247)
(1099164,1099258)
(1099164,1099260)
(1099164,1099270)
(1099179,1099188)
(1099179,1099203)
(1099179,1099205)
(1099179,1099223)
(1099179,1099234)
(1099179,1099247)
(1099179,1099258)
(1099179,1099260)
(1099179,1099270)
(1099188,1099203)
(1099188,1099205)
(1099188,1099223)
(1099188,1099234)
(1099188,1099247)
(1099188,1099258)
(1099188,1099260)
(1099188,1099270)
(1099203,1099205)
(1099203,1099223)
(1099203,1099234)
(1099203,1099247)
(1099203,1099258)
(1099203,1099260)
(1099203,1099270)
(1099205,1099223)
(1099205,1099234)
(1099205,1099247)
(1099205,1099258)
(1099205,1099260)
(1099205,1099270)
(1099223,1099234)
(1099223,1099247)
(1099223,1099258)
(1099223,1099260)
(1099223,1099270)
(1099234,1099247)
(1099234,1099258)
(1099234,1099260)
(1099234,1099270)
(1099247,1099258)
(1099247,1099260)
(1099247,1099270)
(1099258,1099260)
(1099258,1099270)
(1099260,1099270)
(814527,1099885)
(814527,1099892)
(814527,1099899)
(1099885,1099892)
(1099885,1099899)
(1099892,1099899)
(957658,1099744)
(1099288,1099292)
(1099288,1099300)
(1099292,1099300)
(1099301,1099305)
(1099315,1099322)
(1099315,1099329)
(1099315,1099335)
(1099315,1099340)
(1099315,1099343)
(1099315,1099351)
(1099315,1099356)
(1099322,1099329)
(1099322,1099335)
(1099322,1099340)
(1099322,1099343)
(1099322,1099351)
(1099322,1099356)
(1099329,1099335)
(1099329,1099340)
(1099329,1099343)
(1099329,1099351)
(1099329,1099356)
(1099335,1099340)
(1099335,1099343)
(1099335,1099351)
(1099335,1099356)
(1099340,1099343)
(1099340,1099351)
(1099340,1099356)
(1099343,1099351)
(1099343,1099356)
(1099351,1099356)
(1099363,1099367)
(1099363,1099371)
(1099363,1099374)
(1099363,1099378)
(1099363,1099381)
(1099363,1099385)
(1099363,1099389)
(1099363,1099391)
(1099363,1099396)
(1099363,1099400)
(1099363,1099404)
(1099363,1099408)
(1099363,1099412)
(1099363,1099416)
(1099363,1099419)
(1099363,1099424)
(1099363,1099427)
(1099363,1099430)
(1099363,1099433)
(1099367,1099371)
(1099367,1099374)
(1099367,1099378)
(1099367,1099381)
(1099367,1099385)
(1099367,1099389)
(1099367,1099391)
(1099367,1099396)
(1099367,1099400)
(1099367,1099404)
(1099367,1099408)
(1099367,1099412)
(1099367,1099416)
(1099367,1099419)
(1099367,1099424)
(1099367,1099427)
(1099367,1099430)
(1099367,1099433)
(1099371,1099374)
(1099371,1099378)
(1099371,1099381)
(1099371,1099385)
(1099371,1099389)
(1099371,1099391)
(1099371,1099396)
(1099371,1099400)
(1099371,1099404)
(1099371,1099408)
(1099371,1099412)
(1099371,1099416)
(1099371,1099419)
(1099371,1099424)
(1099371,1099427)
(1099371,1099430)
(1099371,1099433)
(1099374,1099378)
(1099374,1099381)
(1099374,1099385)
(1099374,1099389)
(1099374,1099391)
(1099374,1099396)
(1099374,1099400)
(1099374,1099404)
(1099374,1099408)
(1099374,1099412)
(1099374,1099416)
(1099374,1099419)
(1099374,1099424)
(1099374,1099427)
(1099374,1099430)
(1099374,1099433)
(1099378,1099381)
(1099378,1099385)
(1099378,1099389)
(1099378,1099391)
(1099378,1099396)
(1099378,1099400)
(1099378,1099404)
(1099378,1099408)
(1099378,1099412)
(1099378,1099416)
(1099378,1099419)
(1099378,1099424)
(1099378,1099427)
(1099378,1099430)
(1099378,1099433)
(1099381,1099385)
(1099381,1099389)
(1099381,1099391)
(1099381,1099396)
(1099381,1099400)
(1099381,1099404)
(1099381,1099408)
(1099381,1099412)
(1099381,1099416)
(1099381,1099419)
(1099381,1099424)
(1099381,1099427)
(1099381,1099430)
(1099381,1099433)
(1099385,1099389)
(1099385,1099391)
(1099385,1099396)
(1099385,1099400)
(1099385,1099404)
(1099385,1099408)
(1099385,1099412)
(1099385,1099416)
(1099385,1099419)
(1099385,1099424)
(1099385,1099427)
(1099385,1099430)
(1099385,1099433)
(1099389,1099391)
(1099389,1099396)
(1099389,1099400)
(1099389,1099404)
(1099389,1099408)
(1099389,1099412)
(1099389,1099416)
(1099389,1099419)
(1099389,1099424)
(1099389,1099427)
(1099389,1099430)
(1099389,1099433)
(1099391,1099396)
(1099391,1099400)
(1099391,1099404)
(1099391,1099408)
(1099391,1099412)
(1099391,1099416)
(1099391,1099419)
(1099391,1099424)
(1099391,1099427)
(1099391,1099430)
(1099391,1099433)
(1099396,1099400)
(1099396,1099404)
(1099396,1099408)
(1099396,1099412)
(1099396,1099416)
(1099396,1099419)
(1099396,1099424)
(1099396,1099427)
(1099396,1099430)
(1099396,1099433)
(1099400,1099404)
(1099400,1099408)
(1099400,1099412)
(1099400,1099416)
(1099400,1099419)
(1099400,1099424)
(1099400,1099427)
(1099400,1099430)
(1099400,1099433)
(1099404,1099408)
(1099404,1099412)
(1099404,1099416)
(1099404,1099419)
(1099404,1099424)
(1099404,1099427)
(1099404,1099430)
(1099404,1099433)
(1099408,1099412)
(1099408,1099416)
(1099408,1099419)
(1099408,1099424)
(1099408,1099427)
(1099408,1099430)
(1099408,1099433)
(1099412,1099416)
(1099412,1099419)
(1099412,1099424)
(1099412,1099427)
(1099412,1099430)
(1099412,1099433)
(1099416,1099419)
(1099416,1099424)
(1099416,1099427)
(1099416,1099430)
(1099416,1099433)
(1099419,1099424)
(1099419,1099427)
(1099419,1099430)
(1099419,1099433)
(1099424,1099427)
(1099424,1099430)
(1099424,1099433)
(1099427,1099430)
(1099427,1099433)
(1099430,1099433)
(1099437,1099443)
(1099448,1099451)
(1099448,1099454)
(1099448,1099460)
(1099448,1099461)
(1099451,1099454)
(1099451,1099460)
(1099451,1099461)
(1099454,1099460)
(1099454,1099461)
(1099460,1099461)
(1099471,1099479)
(1099471,1099490)
(1099471,1099503)
(1099471,1099513)
(1099471,1099523)
(1099471,1099532)
(1099471,1099540)
(1099479,1099490)
(1099479,1099503)
(1099479,1099513)
(1099479,1099523)
(1099479,1099532)
(1099479,1099540)
(1099490,1099503)
(1099490,1099513)
(1099490,1099523)
(1099490,1099532)
(1099490,1099540)
(1099503,1099513)
(1099503,1099523)
(1099503,1099532)
(1099503,1099540)
(1099513,1099523)
(1099513,1099532)
(1099513,1099540)
(1099523,1099532)
(1099523,1099540)
(1099532,1099540)
(1099552,1099564)
(1099552,1099570)
(1099552,1099582)
(1099552,1099587)
(1099552,1099597)
(1099552,1099601)
(1099552,1099609)
(1099552,1099617)
(1099552,1099621)
(1099552,1099626)
(1099552,1099642)
(1099552,1099646)
(1099552,1099649)
(1099552,1099661)
(1099552,1099674)
(1099552,1099680)
(1099552,1099686)
(1099564,1099570)
(1099564,1099582)
(1099564,1099587)
(1099564,1099597)
(1099564,1099601)
(1099564,1099609)
(1099564,1099617)
(1099564,1099621)
(1099564,1099626)
(1099564,1099642)
(1099564,1099646)
(1099564,1099649)
(1099564,1099661)
(1099564,1099674)
(1099564,1099680)
(1099564,1099686)
(1099570,1099582)
(1099570,1099587)
(1099570,1099597)
(1099570,1099601)
(1099570,1099609)
(1099570,1099617)
(1099570,1099621)
(1099570,1099626)
(1099570,1099642)
(1099570,1099646)
(1099570,1099649)
(1099570,1099661)
(1099570,1099674)
(1099570,1099680)
(1099570,1099686)
(1099582,1099587)
(1099582,1099597)
(1099582,1099601)
(1099582,1099609)
(1099582,1099617)
(1099582,1099621)
(1099582,1099626)
(1099582,1099642)
(1099582,1099646)
(1099582,1099649)
(1099582,1099661)
(1099582,1099674)
(1099582,1099680)
(1099582,1099686)
(1099587,1099597)
(1099587,1099601)
(1099587,1099609)
(1099587,1099617)
(1099587,1099621)
(1099587,1099626)
(1099587,1099642)
(1099587,1099646)
(1099587,1099649)
(1099587,1099661)
(1099587,1099674)
(1099587,1099680)
(1099587,1099686)
(1099597,1099601)
(1099597,1099609)
(1099597,1099617)
(1099597,1099621)
(1099597,1099626)
(1099597,1099642)
(1099597,1099646)
(1099597,1099649)
(1099597,1099661)
(1099597,1099674)
(1099597,1099680)
(1099597,1099686)
(1099601,1099609)
(1099601,1099617)
(1099601,1099621)
(1099601,1099626)
(1099601,1099642)
(1099601,1099646)
(1099601,1099649)
(1099601,1099661)
(1099601,1099674)
(1099601,1099680)
(1099601,1099686)
(1099609,1099617)
(1099609,1099621)
(1099609,1099626)
(1099609,1099642)
(1099609,1099646)
(1099609,1099649)
(1099609,1099661)
(1099609,1099674)
(1099609,1099680)
(1099609,1099686)
(1099617,1099621)
(1099617,1099626)
(1099617,1099642)
(1099617,1099646)
(1099617,1099649)
(1099617,1099661)
(1099617,1099674)
(1099617,1099680)
(1099617,1099686)
(1099621,1099626)
(1099621,1099642)
(1099621,1099646)
(1099621,1099649)
(1099621,1099661)
(1099621,1099674)
(1099621,1099680)
(1099621,1099686)
(1099626,1099642)
(1099626,1099646)
(1099626,1099649)
(1099626,1099661)
(1099626,1099674)
(1099626,1099680)
(1099626,1099686)
(1099642,1099646)
(1099642,1099649)
(1099642,1099661)
(1099642,1099674)
(1099642,1099680)
(1099642,1099686)
(1099646,1099649)
(1099646,1099661)
(1099646,1099674)
(1099646,1099680)
(1099646,1099686)
(1099649,1099661)
(1099649,1099674)
(1099649,1099680)
(1099649,1099686)
(1099661,1099674)
(1099661,1099680)
(1099661,1099686)
(1099674,1099680)
(1099674,1099686)
(1099680,1099686)
(1099710,1099714)
(1099731,1099735)
(1099731,1099742)
(1099735,1099742)
(1099748,1099762)
(1099773,1099783)
(1099773,1099797)
(1099773,1099810)
(1099783,1099797)
(1099783,1099810)
(1099797,1099810)
(1099837,1099851)
