(481217,481221)
(481217,993918)
(481217,993920)
(481217,993924)
(481217,993928)
(481217,993934)
(481217,993940)
(481217,993943)
(481217,993951)
(481217,993956)
(481217,993963)
(481217,993966)
(481217,993973)
(481217,993977)
(481217,993983)
(481217,993984)
(481217,993988)
(481217,993995)
(481221,993918)
(481221,993920)
(481221,993924)
(481221,993928)
(481221,993934)
(481221,993940)
(481221,993943)
(481221,993951)
(481221,993956)
(481221,993963)
(481221,993966)
(481221,993973)
(481221,993977)
(481221,993983)
(481221,993984)
(481221,993988)
(481221,993995)
(993918,993920)
(993918,993924)
(993918,993928)
(993918,993934)
(993918,993940)
(993918,993943)
(993918,993951)
(993918,993956)
(993918,993963)
(993918,993966)
(993918,993973)
(993918,993977)
(993918,993983)
(993918,993984)
(993918,993988)
(993918,993995)
(993920,993924)
(993920,993928)
(993920,993934)
(993920,993940)
(993920,993943)
(993920,993951)
(993920,993956)
(993920,993963)
(993920,993966)
(993920,993973)
(993920,993977)
(993920,993983)
(993920,993984)
(993920,993988)
(993920,993995)
(993924,993928)
(993924,993934)
(993924,993940)
(993924,993943)
(993924,993951)
(993924,993956)
(993924,993963)
(993924,993966)
(993924,993973)
(993924,993977)
(993924,993983)
(993924,993984)
(993924,993988)
(993924,993995)
(993928,993934)
(993928,993940)
(993928,993943)
(993928,993951)
(993928,993956)
(993928,993963)
(993928,993966)
(993928,993973)
(993928,993977)
(993928,993983)
(993928,993984)
(993928,993988)
(993928,993995)
(993934,993940)
(993934,993943)
(993934,993951)
(993934,993956)
(993934,993963)
(993934,993966)
(993934,993973)
(993934,993977)
(993934,993983)
(993934,993984)
(993934,993988)
(993934,993995)
(993940,993943)
(993940,993951)
(993940,993956)
(993940,993963)
(993940,993966)
(993940,993973)
(993940,993977)
(993940,993983)
(993940,993984)
(993940,993988)
(993940,993995)
(993943,993951)
(993943,993956)
(993943,993963)
(993943,993966)
(993943,993973)
(993943,993977)
(993943,993983)
(993943,993984)
(993943,993988)
(993943,993995)
(993951,993956)
(993951,993963)
(993951,993966)
(993951,993973)
(993951,993977)
(993951,993983)
(993951,993984)
(993951,993988)
(993951,993995)
(993956,993963)
(993956,993966)
(993956,993973)
(993956,993977)
(993956,993983)
(993956,993984)
(993956,993988)
(993956,993995)
(993963,993966)
(993963,993973)
(993963,993977)
(993963,993983)
(993963,993984)
(993963,993988)
(993963,993995)
(993966,993973)
(993966,993977)
(993966,993983)
(993966,993984)
(993966,993988)
(993966,993995)
(993973,993977)
(993973,993983)
(993973,993984)
(993973,993988)
(993973,993995)
(993977,993983)
(993977,993984)
(993977,993988)
(993977,993995)
(993983,993984)
(993983,993988)
(993983,993995)
(993984,993988)
(993984,993995)
(993988,993995)
(486726,994841)
(486726,994847)
(486726,994855)
(486726,994861)
(486726,994864)
(486726,994872)
(486726,994885)
(486726,994890)
(486726,994894)
(486726,994904)
(486726,994912)
(486726,994916)
(486726,994925)
(486726,994931)
(486726,994935)
(486726,994942)
(486726,994945)
(486726,994955)
(486726,994965)
(486726,994967)
(486726,994978)
(486726,994983)
(486726,994987)
(486726,994992)
(486726,994997)
(486726,995002)
(486726,995009)
(486726,995018)
(486726,995025)
(994841,994847)
(994841,994855)
(994841,994861)
(994841,994864)
(994841,994872)
(994841,994885)
(994841,994890)
(994841,994894)
(994841,994904)
(994841,994912)
(994841,994916)
(994841,994925)
(994841,994931)
(994841,994935)
(994841,994942)
(994841,994945)
(994841,994955)
(994841,994965)
(994841,994967)
(994841,994978)
(994841,994983)
(994841,994987)
(994841,994992)
(994841,994997)
(994841,995002)
(994841,995009)
(994841,995018)
(994841,995025)
(994847,994855)
(994847,994861)
(994847,994864)
(994847,994872)
(994847,994885)
(994847,994890)
(994847,994894)
(994847,994904)
(994847,994912)
(994847,994916)
(994847,994925)
(994847,994931)
(994847,994935)
(994847,994942)
(994847,994945)
(994847,994955)
(994847,994965)
(994847,994967)
(994847,994978)
(994847,994983)
(994847,994987)
(994847,994992)
(994847,994997)
(994847,995002)
(994847,995009)
(994847,995018)
(994847,995025)
(994855,994861)
(994855,994864)
(994855,994872)
(994855,994885)
(994855,994890)
(994855,994894)
(994855,994904)
(994855,994912)
(994855,994916)
(994855,994925)
(994855,994931)
(994855,994935)
(994855,994942)
(994855,994945)
(994855,994955)
(994855,994965)
(994855,994967)
(994855,994978)
(994855,994983)
(994855,994987)
(994855,994992)
(994855,994997)
(994855,995002)
(994855,995009)
(994855,995018)
(994855,995025)
(994861,994864)
(994861,994872)
(994861,994885)
(994861,994890)
(994861,994894)
(994861,994904)
(994861,994912)
(994861,994916)
(994861,994925)
(994861,994931)
(994861,994935)
(994861,994942)
(994861,994945)
(994861,994955)
(994861,994965)
(994861,994967)
(994861,994978)
(994861,994983)
(994861,994987)
(994861,994992)
(994861,994997)
(994861,995002)
(994861,995009)
(994861,995018)
(994861,995025)
(994864,994872)
(994864,994885)
(994864,994890)
(994864,994894)
(994864,994904)
(994864,994912)
(994864,994916)
(994864,994925)
(994864,994931)
(994864,994935)
(994864,994942)
(994864,994945)
(994864,994955)
(994864,994965)
(994864,994967)
(994864,994978)
(994864,994983)
(994864,994987)
(994864,994992)
(994864,994997)
(994864,995002)
(994864,995009)
(994864,995018)
(994864,995025)
(994872,994885)
(994872,994890)
(994872,994894)
(994872,994904)
(994872,994912)
(994872,994916)
(994872,994925)
(994872,994931)
(994872,994935)
(994872,994942)
(994872,994945)
(994872,994955)
(994872,994965)
(994872,994967)
(994872,994978)
(994872,994983)
(994872,994987)
(994872,994992)
(994872,994997)
(994872,995002)
(994872,995009)
(994872,995018)
(994872,995025)
(994885,994890)
(994885,994894)
(994885,994904)
(994885,994912)
(994885,994916)
(994885,994925)
(994885,994931)
(994885,994935)
(994885,994942)
(994885,994945)
(994885,994955)
(994885,994965)
(994885,994967)
(994885,994978)
(994885,994983)
(994885,994987)
(994885,994992)
(994885,994997)
(994885,995002)
(994885,995009)
(994885,995018)
(994885,995025)
(994890,994894)
(994890,994904)
(994890,994912)
(994890,994916)
(994890,994925)
(994890,994931)
(994890,994935)
(994890,994942)
(994890,994945)
(994890,994955)
(994890,994965)
(994890,994967)
(994890,994978)
(994890,994983)
(994890,994987)
(994890,994992)
(994890,994997)
(994890,995002)
(994890,995009)
(994890,995018)
(994890,995025)
(994894,994904)
(994894,994912)
(994894,994916)
(994894,994925)
(994894,994931)
(994894,994935)
(994894,994942)
(994894,994945)
(994894,994955)
(994894,994965)
(994894,994967)
(994894,994978)
(994894,994983)
(994894,994987)
(994894,994992)
(994894,994997)
(994894,995002)
(994894,995009)
(994894,995018)
(994894,995025)
(994904,994912)
(994904,994916)
(994904,994925)
(994904,994931)
(994904,994935)
(994904,994942)
(994904,994945)
(994904,994955)
(994904,994965)
(994904,994967)
(994904,994978)
(994904,994983)
(994904,994987)
(994904,994992)
(994904,994997)
(994904,995002)
(994904,995009)
(994904,995018)
(994904,995025)
(994912,994916)
(994912,994925)
(994912,994931)
(994912,994935)
(994912,994942)
(994912,994945)
(994912,994955)
(994912,994965)
(994912,994967)
(994912,994978)
(994912,994983)
(994912,994987)
(994912,994992)
(994912,994997)
(994912,995002)
(994912,995009)
(994912,995018)
(994912,995025)
(994916,994925)
(994916,994931)
(994916,994935)
(994916,994942)
(994916,994945)
(994916,994955)
(994916,994965)
(994916,994967)
(994916,994978)
(994916,994983)
(994916,994987)
(994916,994992)
(994916,994997)
(994916,995002)
(994916,995009)
(994916,995018)
(994916,995025)
(994925,994931)
(994925,994935)
(994925,994942)
(994925,994945)
(994925,994955)
(994925,994965)
(994925,994967)
(994925,994978)
(994925,994983)
(994925,994987)
(994925,994992)
(994925,994997)
(994925,995002)
(994925,995009)
(994925,995018)
(994925,995025)
(994931,994935)
(994931,994942)
(994931,994945)
(994931,994955)
(994931,994965)
(994931,994967)
(994931,994978)
(994931,994983)
(994931,994987)
(994931,994992)
(994931,994997)
(994931,995002)
(994931,995009)
(994931,995018)
(994931,995025)
(994935,994942)
(994935,994945)
(994935,994955)
(994935,994965)
(994935,994967)
(994935,994978)
(994935,994983)
(994935,994987)
(994935,994992)
(994935,994997)
(994935,995002)
(994935,995009)
(994935,995018)
(994935,995025)
(994942,994945)
(994942,994955)
(994942,994965)
(994942,994967)
(994942,994978)
(994942,994983)
(994942,994987)
(994942,994992)
(994942,994997)
(994942,995002)
(994942,995009)
(994942,995018)
(994942,995025)
(994945,994955)
(994945,994965)
(994945,994967)
(994945,994978)
(994945,994983)
(994945,994987)
(994945,994992)
(994945,994997)
(994945,995002)
(994945,995009)
(994945,995018)
(994945,995025)
(994955,994965)
(994955,994967)
(994955,994978)
(994955,994983)
(994955,994987)
(994955,994992)
(994955,994997)
(994955,995002)
(994955,995009)
(994955,995018)
(994955,995025)
(994965,994967)
(994965,994978)
(994965,994983)
(994965,994987)
(994965,994992)
(994965,994997)
(994965,995002)
(994965,995009)
(994965,995018)
(994965,995025)
(994967,994978)
(994967,994983)
(994967,994987)
(994967,994992)
(994967,994997)
(994967,995002)
(994967,995009)
(994967,995018)
(994967,995025)
(994978,994983)
(994978,994987)
(994978,994992)
(994978,994997)
(994978,995002)
(994978,995009)
(994978,995018)
(994978,995025)
(994983,994987)
(994983,994992)
(994983,994997)
(994983,995002)
(994983,995009)
(994983,995018)
(994983,995025)
(994987,994992)
(994987,994997)
(994987,995002)
(994987,995009)
(994987,995018)
(994987,995025)
(994992,994997)
(994992,995002)
(994992,995009)
(994992,995018)
(994992,995025)
(994997,995002)
(994997,995009)
(994997,995018)
(994997,995025)
(995002,995009)
(995002,995018)
(995002,995025)
(995009,995018)
(995009,995025)
(995018,995025)
(561419,561442)
(561419,945957)
(561419,945959)
(561419,945966)
(561419,945968)
(561419,994090)
(561419,994093)
(561419,994100)
(561419,994109)
(561419,994114)
(561419,994117)
(561419,994122)
(561419,994127)
(561419,994129)
(561419,994131)
(561419,994137)
(561419,994139)
(561419,994142)
(561419,994149)
(561419,994156)
(561419,994163)
(561419,994167)
(561419,994175)
(561419,994181)
(561419,994185)
(561419,994190)
(561419,994193)
(561419,994197)
(561419,994207)
(561419,994210)
(561419,994213)
(561419,994216)
(561419,994224)
(561419,994233)
(561419,994236)
(561419,994238)
(561419,994243)
(561419,994246)
(561419,994249)
(561419,994252)
(561419,994259)
(561419,994264)
(561419,994267)
(561419,994276)
(561419,994281)
(561419,994289)
(561419,994296)
(561419,994299)
(561419,994305)
(561419,994310)
(561419,994316)
(561419,994322)
(561419,994328)
(561419,994334)
(561419,994339)
(561419,994341)
(561419,994345)
(561419,994350)
(561419,994354)
(561419,994364)
(561419,994369)
(561419,994373)
(561419,994376)
(561419,994390)
(561419,994394)
(561419,994397)
(561419,994401)
(561419,994404)
(561419,994413)
(561419,994417)
(561419,994426)
(561419,994444)
(561419,994454)
(561419,994462)
(561419,994465)
(561419,994471)
(561419,994478)
(561419,994483)
(561419,994491)
(561419,994497)
(561419,994498)
(561419,994508)
(561419,994518)
(561419,994524)
(561419,994532)
(561419,994546)
(561419,994555)
(561419,994558)
(561419,994566)
(561419,994573)
(561419,994576)
(561419,994582)
(561442,945957)
(561442,945959)
(561442,945966)
(561442,945968)
(561442,994090)
(561442,994093)
(561442,994100)
(561442,994109)
(561442,994114)
(561442,994117)
(561442,994122)
(561442,994127)
(561442,994129)
(561442,994131)
(561442,994137)
(561442,994139)
(561442,994142)
(561442,994149)
(561442,994156)
(561442,994163)
(561442,994167)
(561442,994175)
(561442,994181)
(561442,994185)
(561442,994190)
(561442,994193)
(561442,994197)
(561442,994207)
(561442,994210)
(561442,994213)
(561442,994216)
(561442,994224)
(561442,994233)
(561442,994236)
(561442,994238)
(561442,994243)
(561442,994246)
(561442,994249)
(561442,994252)
(561442,994259)
(561442,994264)
(561442,994267)
(561442,994276)
(561442,994281)
(561442,994289)
(561442,994296)
(561442,994299)
(561442,994305)
(561442,994310)
(561442,994316)
(561442,994322)
(561442,994328)
(561442,994334)
(561442,994339)
(561442,994341)
(561442,994345)
(561442,994350)
(561442,994354)
(561442,994364)
(561442,994369)
(561442,994373)
(561442,994376)
(561442,994390)
(561442,994394)
(561442,994397)
(561442,994401)
(561442,994404)
(561442,994413)
(561442,994417)
(561442,994426)
(561442,994444)
(561442,994454)
(561442,994462)
(561442,994465)
(561442,994471)
(561442,994478)
(561442,994483)
(561442,994491)
(561442,994497)
(561442,994498)
(561442,994508)
(561442,994518)
(561442,994524)
(561442,994532)
(561442,994546)
(561442,994555)
(561442,994558)
(561442,994566)
(561442,994573)
(561442,994576)
(561442,994582)
(945957,945959)
(945957,945966)
(945957,945968)
(945957,994090)
(945957,994093)
(945957,994100)
(945957,994109)
(945957,994114)
(945957,994117)
(945957,994122)
(945957,994127)
(945957,994129)
(945957,994131)
(945957,994137)
(945957,994139)
(945957,994142)
(945957,994149)
(945957,994156)
(945957,994163)
(945957,994167)
(945957,994175)
(945957,994181)
(945957,994185)
(945957,994190)
(945957,994193)
(945957,994197)
(945957,994207)
(945957,994210)
(945957,994213)
(945957,994216)
(945957,994224)
(945957,994233)
(945957,994236)
(945957,994238)
(945957,994243)
(945957,994246)
(945957,994249)
(945957,994252)
(945957,994259)
(945957,994264)
(945957,994267)
(945957,994276)
(945957,994281)
(945957,994289)
(945957,994296)
(945957,994299)
(945957,994305)
(945957,994310)
(945957,994316)
(945957,994322)
(945957,994328)
(945957,994334)
(945957,994339)
(945957,994341)
(945957,994345)
(945957,994350)
(945957,994354)
(945957,994364)
(945957,994369)
(945957,994373)
(945957,994376)
(945957,994390)
(945957,994394)
(945957,994397)
(945957,994401)
(945957,994404)
(945957,994413)
(945957,994417)
(945957,994426)
(945957,994444)
(945957,994454)
(945957,994462)
(945957,994465)
(945957,994471)
(945957,994478)
(945957,994483)
(945957,994491)
(945957,994497)
(945957,994498)
(945957,994508)
(945957,994518)
(945957,994524)
(945957,994532)
(945957,994546)
(945957,994555)
(945957,994558)
(945957,994566)
(945957,994573)
(945957,994576)
(945957,994582)
(945959,945966)
(945959,945968)
(945959,994090)
(945959,994093)
(945959,994100)
(945959,994109)
(945959,994114)
(945959,994117)
(945959,994122)
(945959,994127)
(945959,994129)
(945959,994131)
(945959,994137)
(945959,994139)
(945959,994142)
(945959,994149)
(945959,994156)
(945959,994163)
(945959,994167)
(945959,994175)
(945959,994181)
(945959,994185)
(945959,994190)
(945959,994193)
(945959,994197)
(945959,994207)
(945959,994210)
(945959,994213)
(945959,994216)
(945959,994224)
(945959,994233)
(945959,994236)
(945959,994238)
(945959,994243)
(945959,994246)
(945959,994249)
(945959,994252)
(945959,994259)
(945959,994264)
(945959,994267)
(945959,994276)
(945959,994281)
(945959,994289)
(945959,994296)
(945959,994299)
(945959,994305)
(945959,994310)
(945959,994316)
(945959,994322)
(945959,994328)
(945959,994334)
(945959,994339)
(945959,994341)
(945959,994345)
(945959,994350)
(945959,994354)
(945959,994364)
(945959,994369)
(945959,994373)
(945959,994376)
(945959,994390)
(945959,994394)
(945959,994397)
(945959,994401)
(945959,994404)
(945959,994413)
(945959,994417)
(945959,994426)
(945959,994444)
(945959,994454)
(945959,994462)
(945959,994465)
(945959,994471)
(945959,994478)
(945959,994483)
(945959,994491)
(945959,994497)
(945959,994498)
(945959,994508)
(945959,994518)
(945959,994524)
(945959,994532)
(945959,994546)
(945959,994555)
(945959,994558)
(945959,994566)
(945959,994573)
(945959,994576)
(945959,994582)
(945966,945968)
(945966,994090)
(945966,994093)
(945966,994100)
(945966,994109)
(945966,994114)
(945966,994117)
(945966,994122)
(945966,994127)
(945966,994129)
(945966,994131)
(945966,994137)
(945966,994139)
(945966,994142)
(945966,994149)
(945966,994156)
(945966,994163)
(945966,994167)
(945966,994175)
(945966,994181)
(945966,994185)
(945966,994190)
(945966,994193)
(945966,994197)
(945966,994207)
(945966,994210)
(945966,994213)
(945966,994216)
(945966,994224)
(945966,994233)
(945966,994236)
(945966,994238)
(945966,994243)
(945966,994246)
(945966,994249)
(945966,994252)
(945966,994259)
(945966,994264)
(945966,994267)
(945966,994276)
(945966,994281)
(945966,994289)
(945966,994296)
(945966,994299)
(945966,994305)
(945966,994310)
(945966,994316)
(945966,994322)
(945966,994328)
(945966,994334)
(945966,994339)
(945966,994341)
(945966,994345)
(945966,994350)
(945966,994354)
(945966,994364)
(945966,994369)
(945966,994373)
(945966,994376)
(945966,994390)
(945966,994394)
(945966,994397)
(945966,994401)
(945966,994404)
(945966,994413)
(945966,994417)
(945966,994426)
(945966,994444)
(945966,994454)
(945966,994462)
(945966,994465)
(945966,994471)
(945966,994478)
(945966,994483)
(945966,994491)
(945966,994497)
(945966,994498)
(945966,994508)
(945966,994518)
(945966,994524)
(945966,994532)
(945966,994546)
(945966,994555)
(945966,994558)
(945966,994566)
(945966,994573)
(945966,994576)
(945966,994582)
(945968,994090)
(945968,994093)
(945968,994100)
(945968,994109)
(945968,994114)
(945968,994117)
(945968,994122)
(945968,994127)
(945968,994129)
(945968,994131)
(945968,994137)
(945968,994139)
(945968,994142)
(945968,994149)
(945968,994156)
(945968,994163)
(945968,994167)
(945968,994175)
(945968,994181)
(945968,994185)
(945968,994190)
(945968,994193)
(945968,994197)
(945968,994207)
(945968,994210)
(945968,994213)
(945968,994216)
(945968,994224)
(945968,994233)
(945968,994236)
(945968,994238)
(945968,994243)
(945968,994246)
(945968,994249)
(945968,994252)
(945968,994259)
(945968,994264)
(945968,994267)
(945968,994276)
(945968,994281)
(945968,994289)
(945968,994296)
(945968,994299)
(945968,994305)
(945968,994310)
(945968,994316)
(945968,994322)
(945968,994328)
(945968,994334)
(945968,994339)
(945968,994341)
(945968,994345)
(945968,994350)
(945968,994354)
(945968,994364)
(945968,994369)
(945968,994373)
(945968,994376)
(945968,994390)
(945968,994394)
(945968,994397)
(945968,994401)
(945968,994404)
(945968,994413)
(945968,994417)
(945968,994426)
(945968,994444)
(945968,994454)
(945968,994462)
(945968,994465)
(945968,994471)
(945968,994478)
(945968,994483)
(945968,994491)
(945968,994497)
(945968,994498)
(945968,994508)
(945968,994518)
(945968,994524)
(945968,994532)
(945968,994546)
(945968,994555)
(945968,994558)
(945968,994566)
(945968,994573)
(945968,994576)
(945968,994582)
(994090,994093)
(994090,994100)
(994090,994109)
(994090,994114)
(994090,994117)
(994090,994122)
(994090,994127)
(994090,994129)
(994090,994131)
(994090,994137)
(994090,994139)
(994090,994142)
(994090,994149)
(994090,994156)
(994090,994163)
(994090,994167)
(994090,994175)
(994090,994181)
(994090,994185)
(994090,994190)
(994090,994193)
(994090,994197)
(994090,994207)
(994090,994210)
(994090,994213)
(994090,994216)
(994090,994224)
(994090,994233)
(994090,994236)
(994090,994238)
(994090,994243)
(994090,994246)
(994090,994249)
(994090,994252)
(994090,994259)
(994090,994264)
(994090,994267)
(994090,994276)
(994090,994281)
(994090,994289)
(994090,994296)
(994090,994299)
(994090,994305)
(994090,994310)
(994090,994316)
(994090,994322)
(994090,994328)
(994090,994334)
(994090,994339)
(994090,994341)
(994090,994345)
(994090,994350)
(994090,994354)
(994090,994364)
(994090,994369)
(994090,994373)
(994090,994376)
(994090,994390)
(994090,994394)
(994090,994397)
(994090,994401)
(994090,994404)
(994090,994413)
(994090,994417)
(994090,994426)
(994090,994444)
(994090,994454)
(994090,994462)
(994090,994465)
(994090,994471)
(994090,994478)
(994090,994483)
(994090,994491)
(994090,994497)
(994090,994498)
(994090,994508)
(994090,994518)
(994090,994524)
(994090,994532)
(994090,994546)
(994090,994555)
(994090,994558)
(994090,994566)
(994090,994573)
(994090,994576)
(994090,994582)
(994093,994100)
(994093,994109)
(994093,994114)
(994093,994117)
(994093,994122)
(994093,994127)
(994093,994129)
(994093,994131)
(994093,994137)
(994093,994139)
(994093,994142)
(994093,994149)
(994093,994156)
(994093,994163)
(994093,994167)
(994093,994175)
(994093,994181)
(994093,994185)
(994093,994190)
(994093,994193)
(994093,994197)
(994093,994207)
(994093,994210)
(994093,994213)
(994093,994216)
(994093,994224)
(994093,994233)
(994093,994236)
(994093,994238)
(994093,994243)
(994093,994246)
(994093,994249)
(994093,994252)
(994093,994259)
(994093,994264)
(994093,994267)
(994093,994276)
(994093,994281)
(994093,994289)
(994093,994296)
(994093,994299)
(994093,994305)
(994093,994310)
(994093,994316)
(994093,994322)
(994093,994328)
(994093,994334)
(994093,994339)
(994093,994341)
(994093,994345)
(994093,994350)
(994093,994354)
(994093,994364)
(994093,994369)
(994093,994373)
(994093,994376)
(994093,994390)
(994093,994394)
(994093,994397)
(994093,994401)
(994093,994404)
(994093,994413)
(994093,994417)
(994093,994426)
(994093,994444)
(994093,994454)
(994093,994462)
(994093,994465)
(994093,994471)
(994093,994478)
(994093,994483)
(994093,994491)
(994093,994497)
(994093,994498)
(994093,994508)
(994093,994518)
(994093,994524)
(994093,994532)
(994093,994546)
(994093,994555)
(994093,994558)
(994093,994566)
(994093,994573)
(994093,994576)
(994093,994582)
(994100,994109)
(994100,994114)
(994100,994117)
(994100,994122)
(994100,994127)
(994100,994129)
(994100,994131)
(994100,994137)
(994100,994139)
(994100,994142)
(994100,994149)
(994100,994156)
(994100,994163)
(994100,994167)
(994100,994175)
(994100,994181)
(994100,994185)
(994100,994190)
(994100,994193)
(994100,994197)
(994100,994207)
(994100,994210)
(994100,994213)
(994100,994216)
(994100,994224)
(994100,994233)
(994100,994236)
(994100,994238)
(994100,994243)
(994100,994246)
(994100,994249)
(994100,994252)
(994100,994259)
(994100,994264)
(994100,994267)
(994100,994276)
(994100,994281)
(994100,994289)
(994100,994296)
(994100,994299)
(994100,994305)
(994100,994310)
(994100,994316)
(994100,994322)
(994100,994328)
(994100,994334)
(994100,994339)
(994100,994341)
(994100,994345)
(994100,994350)
(994100,994354)
(994100,994364)
(994100,994369)
(994100,994373)
(994100,994376)
(994100,994390)
(994100,994394)
(994100,994397)
(994100,994401)
(994100,994404)
(994100,994413)
(994100,994417)
(994100,994426)
(994100,994444)
(994100,994454)
(994100,994462)
(994100,994465)
(994100,994471)
(994100,994478)
(994100,994483)
(994100,994491)
(994100,994497)
(994100,994498)
(994100,994508)
(994100,994518)
(994100,994524)
(994100,994532)
(994100,994546)
(994100,994555)
(994100,994558)
(994100,994566)
(994100,994573)
(994100,994576)
(994100,994582)
(994109,994114)
(994109,994117)
(994109,994122)
(994109,994127)
(994109,994129)
(994109,994131)
(994109,994137)
(994109,994139)
(994109,994142)
(994109,994149)
(994109,994156)
(994109,994163)
(994109,994167)
(994109,994175)
(994109,994181)
(994109,994185)
(994109,994190)
(994109,994193)
(994109,994197)
(994109,994207)
(994109,994210)
(994109,994213)
(994109,994216)
(994109,994224)
(994109,994233)
(994109,994236)
(994109,994238)
(994109,994243)
(994109,994246)
(994109,994249)
(994109,994252)
(994109,994259)
(994109,994264)
(994109,994267)
(994109,994276)
(994109,994281)
(994109,994289)
(994109,994296)
(994109,994299)
(994109,994305)
(994109,994310)
(994109,994316)
(994109,994322)
(994109,994328)
(994109,994334)
(994109,994339)
(994109,994341)
(994109,994345)
(994109,994350)
(994109,994354)
(994109,994364)
(994109,994369)
(994109,994373)
(994109,994376)
(994109,994390)
(994109,994394)
(994109,994397)
(994109,994401)
(994109,994404)
(994109,994413)
(994109,994417)
(994109,994426)
(994109,994444)
(994109,994454)
(994109,994462)
(994109,994465)
(994109,994471)
(994109,994478)
(994109,994483)
(994109,994491)
(994109,994497)
(994109,994498)
(994109,994508)
(994109,994518)
(994109,994524)
(994109,994532)
(994109,994546)
(994109,994555)
(994109,994558)
(994109,994566)
(994109,994573)
(994109,994576)
(994109,994582)
(994114,994117)
(994114,994122)
(994114,994127)
(994114,994129)
(994114,994131)
(994114,994137)
(994114,994139)
(994114,994142)
(994114,994149)
(994114,994156)
(994114,994163)
(994114,994167)
(994114,994175)
(994114,994181)
(994114,994185)
(994114,994190)
(994114,994193)
(994114,994197)
(994114,994207)
(994114,994210)
(994114,994213)
(994114,994216)
(994114,994224)
(994114,994233)
(994114,994236)
(994114,994238)
(994114,994243)
(994114,994246)
(994114,994249)
(994114,994252)
(994114,994259)
(994114,994264)
(994114,994267)
(994114,994276)
(994114,994281)
(994114,994289)
(994114,994296)
(994114,994299)
(994114,994305)
(994114,994310)
(994114,994316)
(994114,994322)
(994114,994328)
(994114,994334)
(994114,994339)
(994114,994341)
(994114,994345)
(994114,994350)
(994114,994354)
(994114,994364)
(994114,994369)
(994114,994373)
(994114,994376)
(994114,994390)
(994114,994394)
(994114,994397)
(994114,994401)
(994114,994404)
(994114,994413)
(994114,994417)
(994114,994426)
(994114,994444)
(994114,994454)
(994114,994462)
(994114,994465)
(994114,994471)
(994114,994478)
(994114,994483)
(994114,994491)
(994114,994497)
(994114,994498)
(994114,994508)
(994114,994518)
(994114,994524)
(994114,994532)
(994114,994546)
(994114,994555)
(994114,994558)
(994114,994566)
(994114,994573)
(994114,994576)
(994114,994582)
(994117,994122)
(994117,994127)
(994117,994129)
(994117,994131)
(994117,994137)
(994117,994139)
(994117,994142)
(994117,994149)
(994117,994156)
(994117,994163)
(994117,994167)
(994117,994175)
(994117,994181)
(994117,994185)
(994117,994190)
(994117,994193)
(994117,994197)
(994117,994207)
(994117,994210)
(994117,994213)
(994117,994216)
(994117,994224)
(994117,994233)
(994117,994236)
(994117,994238)
(994117,994243)
(994117,994246)
(994117,994249)
(994117,994252)
(994117,994259)
(994117,994264)
(994117,994267)
(994117,994276)
(994117,994281)
(994117,994289)
(994117,994296)
(994117,994299)
(994117,994305)
(994117,994310)
(994117,994316)
(994117,994322)
(994117,994328)
(994117,994334)
(994117,994339)
(994117,994341)
(994117,994345)
(994117,994350)
(994117,994354)
(994117,994364)
(994117,994369)
(994117,994373)
(994117,994376)
(994117,994390)
(994117,994394)
(994117,994397)
(994117,994401)
(994117,994404)
(994117,994413)
(994117,994417)
(994117,994426)
(994117,994444)
(994117,994454)
(994117,994462)
(994117,994465)
(994117,994471)
(994117,994478)
(994117,994483)
(994117,994491)
(994117,994497)
(994117,994498)
(994117,994508)
(994117,994518)
(994117,994524)
(994117,994532)
(994117,994546)
(994117,994555)
(994117,994558)
(994117,994566)
(994117,994573)
(994117,994576)
(994117,994582)
(994122,994127)
(994122,994129)
(994122,994131)
(994122,994137)
(994122,994139)
(994122,994142)
(994122,994149)
(994122,994156)
(994122,994163)
(994122,994167)
(994122,994175)
(994122,994181)
(994122,994185)
(994122,994190)
(994122,994193)
(994122,994197)
(994122,994207)
(994122,994210)
(994122,994213)
(994122,994216)
(994122,994224)
(994122,994233)
(994122,994236)
(994122,994238)
(994122,994243)
(994122,994246)
(994122,994249)
(994122,994252)
(994122,994259)
(994122,994264)
(994122,994267)
(994122,994276)
(994122,994281)
(994122,994289)
(994122,994296)
(994122,994299)
(994122,994305)
(994122,994310)
(994122,994316)
(994122,994322)
(994122,994328)
(994122,994334)
(994122,994339)
(994122,994341)
(994122,994345)
(994122,994350)
(994122,994354)
(994122,994364)
(994122,994369)
(994122,994373)
(994122,994376)
(994122,994390)
(994122,994394)
(994122,994397)
(994122,994401)
(994122,994404)
(994122,994413)
(994122,994417)
(994122,994426)
(994122,994444)
(994122,994454)
(994122,994462)
(994122,994465)
(994122,994471)
(994122,994478)
(994122,994483)
(994122,994491)
(994122,994497)
(994122,994498)
(994122,994508)
(994122,994518)
(994122,994524)
(994122,994532)
(994122,994546)
(994122,994555)
(994122,994558)
(994122,994566)
(994122,994573)
(994122,994576)
(994122,994582)
(994127,994129)
(994127,994131)
(994127,994137)
(994127,994139)
(994127,994142)
(994127,994149)
(994127,994156)
(994127,994163)
(994127,994167)
(994127,994175)
(994127,994181)
(994127,994185)
(994127,994190)
(994127,994193)
(994127,994197)
(994127,994207)
(994127,994210)
(994127,994213)
(994127,994216)
(994127,994224)
(994127,994233)
(994127,994236)
(994127,994238)
(994127,994243)
(994127,994246)
(994127,994249)
(994127,994252)
(994127,994259)
(994127,994264)
(994127,994267)
(994127,994276)
(994127,994281)
(994127,994289)
(994127,994296)
(994127,994299)
(994127,994305)
(994127,994310)
(994127,994316)
(994127,994322)
(994127,994328)
(994127,994334)
(994127,994339)
(994127,994341)
(994127,994345)
(994127,994350)
(994127,994354)
(994127,994364)
(994127,994369)
(994127,994373)
(994127,994376)
(994127,994390)
(994127,994394)
(994127,994397)
(994127,994401)
(994127,994404)
(994127,994413)
(994127,994417)
(994127,994426)
(994127,994444)
(994127,994454)
(994127,994462)
(994127,994465)
(994127,994471)
(994127,994478)
(994127,994483)
(994127,994491)
(994127,994497)
(994127,994498)
(994127,994508)
(994127,994518)
(994127,994524)
(994127,994532)
(994127,994546)
(994127,994555)
(994127,994558)
(994127,994566)
(994127,994573)
(994127,994576)
(994127,994582)
(994129,994131)
(994129,994137)
(994129,994139)
(994129,994142)
(994129,994149)
(994129,994156)
(994129,994163)
(994129,994167)
(994129,994175)
(994129,994181)
(994129,994185)
(994129,994190)
(994129,994193)
(994129,994197)
(994129,994207)
(994129,994210)
(994129,994213)
(994129,994216)
(994129,994224)
(994129,994233)
(994129,994236)
(994129,994238)
(994129,994243)
(994129,994246)
(994129,994249)
(994129,994252)
(994129,994259)
(994129,994264)
(994129,994267)
(994129,994276)
(994129,994281)
(994129,994289)
(994129,994296)
(994129,994299)
(994129,994305)
(994129,994310)
(994129,994316)
(994129,994322)
(994129,994328)
(994129,994334)
(994129,994339)
(994129,994341)
(994129,994345)
(994129,994350)
(994129,994354)
(994129,994364)
(994129,994369)
(994129,994373)
(994129,994376)
(994129,994390)
(994129,994394)
(994129,994397)
(994129,994401)
(994129,994404)
(994129,994413)
(994129,994417)
(994129,994426)
(994129,994444)
(994129,994454)
(994129,994462)
(994129,994465)
(994129,994471)
(994129,994478)
(994129,994483)
(994129,994491)
(994129,994497)
(994129,994498)
(994129,994508)
(994129,994518)
(994129,994524)
(994129,994532)
(994129,994546)
(994129,994555)
(994129,994558)
(994129,994566)
(994129,994573)
(994129,994576)
(994129,994582)
(994131,994137)
(994131,994139)
(994131,994142)
(994131,994149)
(994131,994156)
(994131,994163)
(994131,994167)
(994131,994175)
(994131,994181)
(994131,994185)
(994131,994190)
(994131,994193)
(994131,994197)
(994131,994207)
(994131,994210)
(994131,994213)
(994131,994216)
(994131,994224)
(994131,994233)
(994131,994236)
(994131,994238)
(994131,994243)
(994131,994246)
(994131,994249)
(994131,994252)
(994131,994259)
(994131,994264)
(994131,994267)
(994131,994276)
(994131,994281)
(994131,994289)
(994131,994296)
(994131,994299)
(994131,994305)
(994131,994310)
(994131,994316)
(994131,994322)
(994131,994328)
(994131,994334)
(994131,994339)
(994131,994341)
(994131,994345)
(994131,994350)
(994131,994354)
(994131,994364)
(994131,994369)
(994131,994373)
(994131,994376)
(994131,994390)
(994131,994394)
(994131,994397)
(994131,994401)
(994131,994404)
(994131,994413)
(994131,994417)
(994131,994426)
(994131,994444)
(994131,994454)
(994131,994462)
(994131,994465)
(994131,994471)
(994131,994478)
(994131,994483)
(994131,994491)
(994131,994497)
(994131,994498)
(994131,994508)
(994131,994518)
(994131,994524)
(994131,994532)
(994131,994546)
(994131,994555)
(994131,994558)
(994131,994566)
(994131,994573)
(994131,994576)
(994131,994582)
(994137,994139)
(994137,994142)
(994137,994149)
(994137,994156)
(994137,994163)
(994137,994167)
(994137,994175)
(994137,994181)
(994137,994185)
(994137,994190)
(994137,994193)
(994137,994197)
(994137,994207)
(994137,994210)
(994137,994213)
(994137,994216)
(994137,994224)
(994137,994233)
(994137,994236)
(994137,994238)
(994137,994243)
(994137,994246)
(994137,994249)
(994137,994252)
(994137,994259)
(994137,994264)
(994137,994267)
(994137,994276)
(994137,994281)
(994137,994289)
(994137,994296)
(994137,994299)
(994137,994305)
(994137,994310)
(994137,994316)
(994137,994322)
(994137,994328)
(994137,994334)
(994137,994339)
(994137,994341)
(994137,994345)
(994137,994350)
(994137,994354)
(994137,994364)
(994137,994369)
(994137,994373)
(994137,994376)
(994137,994390)
(994137,994394)
(994137,994397)
(994137,994401)
(994137,994404)
(994137,994413)
(994137,994417)
(994137,994426)
(994137,994444)
(994137,994454)
(994137,994462)
(994137,994465)
(994137,994471)
(994137,994478)
(994137,994483)
(994137,994491)
(994137,994497)
(994137,994498)
(994137,994508)
(994137,994518)
(994137,994524)
(994137,994532)
(994137,994546)
(994137,994555)
(994137,994558)
(994137,994566)
(994137,994573)
(994137,994576)
(994137,994582)
(994139,994142)
(994139,994149)
(994139,994156)
(994139,994163)
(994139,994167)
(994139,994175)
(994139,994181)
(994139,994185)
(994139,994190)
(994139,994193)
(994139,994197)
(994139,994207)
(994139,994210)
(994139,994213)
(994139,994216)
(994139,994224)
(994139,994233)
(994139,994236)
(994139,994238)
(994139,994243)
(994139,994246)
(994139,994249)
(994139,994252)
(994139,994259)
(994139,994264)
(994139,994267)
(994139,994276)
(994139,994281)
(994139,994289)
(994139,994296)
(994139,994299)
(994139,994305)
(994139,994310)
(994139,994316)
(994139,994322)
(994139,994328)
(994139,994334)
(994139,994339)
(994139,994341)
(994139,994345)
(994139,994350)
(994139,994354)
(994139,994364)
(994139,994369)
(994139,994373)
(994139,994376)
(994139,994390)
(994139,994394)
(994139,994397)
(994139,994401)
(994139,994404)
(994139,994413)
(994139,994417)
(994139,994426)
(994139,994444)
(994139,994454)
(994139,994462)
(994139,994465)
(994139,994471)
(994139,994478)
(994139,994483)
(994139,994491)
(994139,994497)
(994139,994498)
(994139,994508)
(994139,994518)
(994139,994524)
(994139,994532)
(994139,994546)
(994139,994555)
(994139,994558)
(994139,994566)
(994139,994573)
(994139,994576)
(994139,994582)
(994142,994149)
(994142,994156)
(994142,994163)
(994142,994167)
(994142,994175)
(994142,994181)
(994142,994185)
(994142,994190)
(994142,994193)
(994142,994197)
(994142,994207)
(994142,994210)
(994142,994213)
(994142,994216)
(994142,994224)
(994142,994233)
(994142,994236)
(994142,994238)
(994142,994243)
(994142,994246)
(994142,994249)
(994142,994252)
(994142,994259)
(994142,994264)
(994142,994267)
(994142,994276)
(994142,994281)
(994142,994289)
(994142,994296)
(994142,994299)
(994142,994305)
(994142,994310)
(994142,994316)
(994142,994322)
(994142,994328)
(994142,994334)
(994142,994339)
(994142,994341)
(994142,994345)
(994142,994350)
(994142,994354)
(994142,994364)
(994142,994369)
(994142,994373)
(994142,994376)
(994142,994390)
(994142,994394)
(994142,994397)
(994142,994401)
(994142,994404)
(994142,994413)
(994142,994417)
(994142,994426)
(994142,994444)
(994142,994454)
(994142,994462)
(994142,994465)
(994142,994471)
(994142,994478)
(994142,994483)
(994142,994491)
(994142,994497)
(994142,994498)
(994142,994508)
(994142,994518)
(994142,994524)
(994142,994532)
(994142,994546)
(994142,994555)
(994142,994558)
(994142,994566)
(994142,994573)
(994142,994576)
(994142,994582)
(994149,994156)
(994149,994163)
(994149,994167)
(994149,994175)
(994149,994181)
(994149,994185)
(994149,994190)
(994149,994193)
(994149,994197)
(994149,994207)
(994149,994210)
(994149,994213)
(994149,994216)
(994149,994224)
(994149,994233)
(994149,994236)
(994149,994238)
(994149,994243)
(994149,994246)
(994149,994249)
(994149,994252)
(994149,994259)
(994149,994264)
(994149,994267)
(994149,994276)
(994149,994281)
(994149,994289)
(994149,994296)
(994149,994299)
(994149,994305)
(994149,994310)
(994149,994316)
(994149,994322)
(994149,994328)
(994149,994334)
(994149,994339)
(994149,994341)
(994149,994345)
(994149,994350)
(994149,994354)
(994149,994364)
(994149,994369)
(994149,994373)
(994149,994376)
(994149,994390)
(994149,994394)
(994149,994397)
(994149,994401)
(994149,994404)
(994149,994413)
(994149,994417)
(994149,994426)
(994149,994444)
(994149,994454)
(994149,994462)
(994149,994465)
(994149,994471)
(994149,994478)
(994149,994483)
(994149,994491)
(994149,994497)
(994149,994498)
(994149,994508)
(994149,994518)
(994149,994524)
(994149,994532)
(994149,994546)
(994149,994555)
(994149,994558)
(994149,994566)
(994149,994573)
(994149,994576)
(994149,994582)
(994156,994163)
(994156,994167)
(994156,994175)
(994156,994181)
(994156,994185)
(994156,994190)
(994156,994193)
(994156,994197)
(994156,994207)
(994156,994210)
(994156,994213)
(994156,994216)
(994156,994224)
(994156,994233)
(994156,994236)
(994156,994238)
(994156,994243)
(994156,994246)
(994156,994249)
(994156,994252)
(994156,994259)
(994156,994264)
(994156,994267)
(994156,994276)
(994156,994281)
(994156,994289)
(994156,994296)
(994156,994299)
(994156,994305)
(994156,994310)
(994156,994316)
(994156,994322)
(994156,994328)
(994156,994334)
(994156,994339)
(994156,994341)
(994156,994345)
(994156,994350)
(994156,994354)
(994156,994364)
(994156,994369)
(994156,994373)
(994156,994376)
(994156,994390)
(994156,994394)
(994156,994397)
(994156,994401)
(994156,994404)
(994156,994413)
(994156,994417)
(994156,994426)
(994156,994444)
(994156,994454)
(994156,994462)
(994156,994465)
(994156,994471)
(994156,994478)
(994156,994483)
(994156,994491)
(994156,994497)
(994156,994498)
(994156,994508)
(994156,994518)
(994156,994524)
(994156,994532)
(994156,994546)
(994156,994555)
(994156,994558)
(994156,994566)
(994156,994573)
(994156,994576)
(994156,994582)
(994163,994167)
(994163,994175)
(994163,994181)
(994163,994185)
(994163,994190)
(994163,994193)
(994163,994197)
(994163,994207)
(994163,994210)
(994163,994213)
(994163,994216)
(994163,994224)
(994163,994233)
(994163,994236)
(994163,994238)
(994163,994243)
(994163,994246)
(994163,994249)
(994163,994252)
(994163,994259)
(994163,994264)
(994163,994267)
(994163,994276)
(994163,994281)
(994163,994289)
(994163,994296)
(994163,994299)
(994163,994305)
(994163,994310)
(994163,994316)
(994163,994322)
(994163,994328)
(994163,994334)
(994163,994339)
(994163,994341)
(994163,994345)
(994163,994350)
(994163,994354)
(994163,994364)
(994163,994369)
(994163,994373)
(994163,994376)
(994163,994390)
(994163,994394)
(994163,994397)
(994163,994401)
(994163,994404)
(994163,994413)
(994163,994417)
(994163,994426)
(994163,994444)
(994163,994454)
(994163,994462)
(994163,994465)
(994163,994471)
(994163,994478)
(994163,994483)
(994163,994491)
(994163,994497)
(994163,994498)
(994163,994508)
(994163,994518)
(994163,994524)
(994163,994532)
(994163,994546)
(994163,994555)
(994163,994558)
(994163,994566)
(994163,994573)
(994163,994576)
(994163,994582)
(994167,994175)
(994167,994181)
(994167,994185)
(994167,994190)
(994167,994193)
(994167,994197)
(994167,994207)
(994167,994210)
(994167,994213)
(994167,994216)
(994167,994224)
(994167,994233)
(994167,994236)
(994167,994238)
(994167,994243)
(994167,994246)
(994167,994249)
(994167,994252)
(994167,994259)
(994167,994264)
(994167,994267)
(994167,994276)
(994167,994281)
(994167,994289)
(994167,994296)
(994167,994299)
(994167,994305)
(994167,994310)
(994167,994316)
(994167,994322)
(994167,994328)
(994167,994334)
(994167,994339)
(994167,994341)
(994167,994345)
(994167,994350)
(994167,994354)
(994167,994364)
(994167,994369)
(994167,994373)
(994167,994376)
(994167,994390)
(994167,994394)
(994167,994397)
(994167,994401)
(994167,994404)
(994167,994413)
(994167,994417)
(994167,994426)
(994167,994444)
(994167,994454)
(994167,994462)
(994167,994465)
(994167,994471)
(994167,994478)
(994167,994483)
(994167,994491)
(994167,994497)
(994167,994498)
(994167,994508)
(994167,994518)
(994167,994524)
(994167,994532)
(994167,994546)
(994167,994555)
(994167,994558)
(994167,994566)
(994167,994573)
(994167,994576)
(994167,994582)
(994175,994181)
(994175,994185)
(994175,994190)
(994175,994193)
(994175,994197)
(994175,994207)
(994175,994210)
(994175,994213)
(994175,994216)
(994175,994224)
(994175,994233)
(994175,994236)
(994175,994238)
(994175,994243)
(994175,994246)
(994175,994249)
(994175,994252)
(994175,994259)
(994175,994264)
(994175,994267)
(994175,994276)
(994175,994281)
(994175,994289)
(994175,994296)
(994175,994299)
(994175,994305)
(994175,994310)
(994175,994316)
(994175,994322)
(994175,994328)
(994175,994334)
(994175,994339)
(994175,994341)
(994175,994345)
(994175,994350)
(994175,994354)
(994175,994364)
(994175,994369)
(994175,994373)
(994175,994376)
(994175,994390)
(994175,994394)
(994175,994397)
(994175,994401)
(994175,994404)
(994175,994413)
(994175,994417)
(994175,994426)
(994175,994444)
(994175,994454)
(994175,994462)
(994175,994465)
(994175,994471)
(994175,994478)
(994175,994483)
(994175,994491)
(994175,994497)
(994175,994498)
(994175,994508)
(994175,994518)
(994175,994524)
(994175,994532)
(994175,994546)
(994175,994555)
(994175,994558)
(994175,994566)
(994175,994573)
(994175,994576)
(994175,994582)
(994181,994185)
(994181,994190)
(994181,994193)
(994181,994197)
(994181,994207)
(994181,994210)
(994181,994213)
(994181,994216)
(994181,994224)
(994181,994233)
(994181,994236)
(994181,994238)
(994181,994243)
(994181,994246)
(994181,994249)
(994181,994252)
(994181,994259)
(994181,994264)
(994181,994267)
(994181,994276)
(994181,994281)
(994181,994289)
(994181,994296)
(994181,994299)
(994181,994305)
(994181,994310)
(994181,994316)
(994181,994322)
(994181,994328)
(994181,994334)
(994181,994339)
(994181,994341)
(994181,994345)
(994181,994350)
(994181,994354)
(994181,994364)
(994181,994369)
(994181,994373)
(994181,994376)
(994181,994390)
(994181,994394)
(994181,994397)
(994181,994401)
(994181,994404)
(994181,994413)
(994181,994417)
(994181,994426)
(994181,994444)
(994181,994454)
(994181,994462)
(994181,994465)
(994181,994471)
(994181,994478)
(994181,994483)
(994181,994491)
(994181,994497)
(994181,994498)
(994181,994508)
(994181,994518)
(994181,994524)
(994181,994532)
(994181,994546)
(994181,994555)
(994181,994558)
(994181,994566)
(994181,994573)
(994181,994576)
(994181,994582)
(994185,994190)
(994185,994193)
(994185,994197)
(994185,994207)
(994185,994210)
(994185,994213)
(994185,994216)
(994185,994224)
(994185,994233)
(994185,994236)
(994185,994238)
(994185,994243)
(994185,994246)
(994185,994249)
(994185,994252)
(994185,994259)
(994185,994264)
(994185,994267)
(994185,994276)
(994185,994281)
(994185,994289)
(994185,994296)
(994185,994299)
(994185,994305)
(994185,994310)
(994185,994316)
(994185,994322)
(994185,994328)
(994185,994334)
(994185,994339)
(994185,994341)
(994185,994345)
(994185,994350)
(994185,994354)
(994185,994364)
(994185,994369)
(994185,994373)
(994185,994376)
(994185,994390)
(994185,994394)
(994185,994397)
(994185,994401)
(994185,994404)
(994185,994413)
(994185,994417)
(994185,994426)
(994185,994444)
(994185,994454)
(994185,994462)
(994185,994465)
(994185,994471)
(994185,994478)
(994185,994483)
(994185,994491)
(994185,994497)
(994185,994498)
(994185,994508)
(994185,994518)
(994185,994524)
(994185,994532)
(994185,994546)
(994185,994555)
(994185,994558)
(994185,994566)
(994185,994573)
(994185,994576)
(994185,994582)
(994190,994193)
(994190,994197)
(994190,994207)
(994190,994210)
(994190,994213)
(994190,994216)
(994190,994224)
(994190,994233)
(994190,994236)
(994190,994238)
(994190,994243)
(994190,994246)
(994190,994249)
(994190,994252)
(994190,994259)
(994190,994264)
(994190,994267)
(994190,994276)
(994190,994281)
(994190,994289)
(994190,994296)
(994190,994299)
(994190,994305)
(994190,994310)
(994190,994316)
(994190,994322)
(994190,994328)
(994190,994334)
(994190,994339)
(994190,994341)
(994190,994345)
(994190,994350)
(994190,994354)
(994190,994364)
(994190,994369)
(994190,994373)
(994190,994376)
(994190,994390)
(994190,994394)
(994190,994397)
(994190,994401)
(994190,994404)
(994190,994413)
(994190,994417)
(994190,994426)
(994190,994444)
(994190,994454)
(994190,994462)
(994190,994465)
(994190,994471)
(994190,994478)
(994190,994483)
(994190,994491)
(994190,994497)
(994190,994498)
(994190,994508)
(994190,994518)
(994190,994524)
(994190,994532)
(994190,994546)
(994190,994555)
(994190,994558)
(994190,994566)
(994190,994573)
(994190,994576)
(994190,994582)
(994193,994197)
(994193,994207)
(994193,994210)
(994193,994213)
(994193,994216)
(994193,994224)
(994193,994233)
(994193,994236)
(994193,994238)
(994193,994243)
(994193,994246)
(994193,994249)
(994193,994252)
(994193,994259)
(994193,994264)
(994193,994267)
(994193,994276)
(994193,994281)
(994193,994289)
(994193,994296)
(994193,994299)
(994193,994305)
(994193,994310)
(994193,994316)
(994193,994322)
(994193,994328)
(994193,994334)
(994193,994339)
(994193,994341)
(994193,994345)
(994193,994350)
(994193,994354)
(994193,994364)
(994193,994369)
(994193,994373)
(994193,994376)
(994193,994390)
(994193,994394)
(994193,994397)
(994193,994401)
(994193,994404)
(994193,994413)
(994193,994417)
(994193,994426)
(994193,994444)
(994193,994454)
(994193,994462)
(994193,994465)
(994193,994471)
(994193,994478)
(994193,994483)
(994193,994491)
(994193,994497)
(994193,994498)
(994193,994508)
(994193,994518)
(994193,994524)
(994193,994532)
(994193,994546)
(994193,994555)
(994193,994558)
(994193,994566)
(994193,994573)
(994193,994576)
(994193,994582)
(994197,994207)
(994197,994210)
(994197,994213)
(994197,994216)
(994197,994224)
(994197,994233)
(994197,994236)
(994197,994238)
(994197,994243)
(994197,994246)
(994197,994249)
(994197,994252)
(994197,994259)
(994197,994264)
(994197,994267)
(994197,994276)
(994197,994281)
(994197,994289)
(994197,994296)
(994197,994299)
(994197,994305)
(994197,994310)
(994197,994316)
(994197,994322)
(994197,994328)
(994197,994334)
(994197,994339)
(994197,994341)
(994197,994345)
(994197,994350)
(994197,994354)
(994197,994364)
(994197,994369)
(994197,994373)
(994197,994376)
(994197,994390)
(994197,994394)
(994197,994397)
(994197,994401)
(994197,994404)
(994197,994413)
(994197,994417)
(994197,994426)
(994197,994444)
(994197,994454)
(994197,994462)
(994197,994465)
(994197,994471)
(994197,994478)
(994197,994483)
(994197,994491)
(994197,994497)
(994197,994498)
(994197,994508)
(994197,994518)
(994197,994524)
(994197,994532)
(994197,994546)
(994197,994555)
(994197,994558)
(994197,994566)
(994197,994573)
(994197,994576)
(994197,994582)
(994207,994210)
(994207,994213)
(994207,994216)
(994207,994224)
(994207,994233)
(994207,994236)
(994207,994238)
(994207,994243)
(994207,994246)
(994207,994249)
(994207,994252)
(994207,994259)
(994207,994264)
(994207,994267)
(994207,994276)
(994207,994281)
(994207,994289)
(994207,994296)
(994207,994299)
(994207,994305)
(994207,994310)
(994207,994316)
(994207,994322)
(994207,994328)
(994207,994334)
(994207,994339)
(994207,994341)
(994207,994345)
(994207,994350)
(994207,994354)
(994207,994364)
(994207,994369)
(994207,994373)
(994207,994376)
(994207,994390)
(994207,994394)
(994207,994397)
(994207,994401)
(994207,994404)
(994207,994413)
(994207,994417)
(994207,994426)
(994207,994444)
(994207,994454)
(994207,994462)
(994207,994465)
(994207,994471)
(994207,994478)
(994207,994483)
(994207,994491)
(994207,994497)
(994207,994498)
(994207,994508)
(994207,994518)
(994207,994524)
(994207,994532)
(994207,994546)
(994207,994555)
(994207,994558)
(994207,994566)
(994207,994573)
(994207,994576)
(994207,994582)
(994210,994213)
(994210,994216)
(994210,994224)
(994210,994233)
(994210,994236)
(994210,994238)
(994210,994243)
(994210,994246)
(994210,994249)
(994210,994252)
(994210,994259)
(994210,994264)
(994210,994267)
(994210,994276)
(994210,994281)
(994210,994289)
(994210,994296)
(994210,994299)
(994210,994305)
(994210,994310)
(994210,994316)
(994210,994322)
(994210,994328)
(994210,994334)
(994210,994339)
(994210,994341)
(994210,994345)
(994210,994350)
(994210,994354)
(994210,994364)
(994210,994369)
(994210,994373)
(994210,994376)
(994210,994390)
(994210,994394)
(994210,994397)
(994210,994401)
(994210,994404)
(994210,994413)
(994210,994417)
(994210,994426)
(994210,994444)
(994210,994454)
(994210,994462)
(994210,994465)
(994210,994471)
(994210,994478)
(994210,994483)
(994210,994491)
(994210,994497)
(994210,994498)
(994210,994508)
(994210,994518)
(994210,994524)
(994210,994532)
(994210,994546)
(994210,994555)
(994210,994558)
(994210,994566)
(994210,994573)
(994210,994576)
(994210,994582)
(994213,994216)
(994213,994224)
(994213,994233)
(994213,994236)
(994213,994238)
(994213,994243)
(994213,994246)
(994213,994249)
(994213,994252)
(994213,994259)
(994213,994264)
(994213,994267)
(994213,994276)
(994213,994281)
(994213,994289)
(994213,994296)
(994213,994299)
(994213,994305)
(994213,994310)
(994213,994316)
(994213,994322)
(994213,994328)
(994213,994334)
(994213,994339)
(994213,994341)
(994213,994345)
(994213,994350)
(994213,994354)
(994213,994364)
(994213,994369)
(994213,994373)
(994213,994376)
(994213,994390)
(994213,994394)
(994213,994397)
(994213,994401)
(994213,994404)
(994213,994413)
(994213,994417)
(994213,994426)
(994213,994444)
(994213,994454)
(994213,994462)
(994213,994465)
(994213,994471)
(994213,994478)
(994213,994483)
(994213,994491)
(994213,994497)
(994213,994498)
(994213,994508)
(994213,994518)
(994213,994524)
(994213,994532)
(994213,994546)
(994213,994555)
(994213,994558)
(994213,994566)
(994213,994573)
(994213,994576)
(994213,994582)
(994216,994224)
(994216,994233)
(994216,994236)
(994216,994238)
(994216,994243)
(994216,994246)
(994216,994249)
(994216,994252)
(994216,994259)
(994216,994264)
(994216,994267)
(994216,994276)
(994216,994281)
(994216,994289)
(994216,994296)
(994216,994299)
(994216,994305)
(994216,994310)
(994216,994316)
(994216,994322)
(994216,994328)
(994216,994334)
(994216,994339)
(994216,994341)
(994216,994345)
(994216,994350)
(994216,994354)
(994216,994364)
(994216,994369)
(994216,994373)
(994216,994376)
(994216,994390)
(994216,994394)
(994216,994397)
(994216,994401)
(994216,994404)
(994216,994413)
(994216,994417)
(994216,994426)
(994216,994444)
(994216,994454)
(994216,994462)
(994216,994465)
(994216,994471)
(994216,994478)
(994216,994483)
(994216,994491)
(994216,994497)
(994216,994498)
(994216,994508)
(994216,994518)
(994216,994524)
(994216,994532)
(994216,994546)
(994216,994555)
(994216,994558)
(994216,994566)
(994216,994573)
(994216,994576)
(994216,994582)
(994224,994233)
(994224,994236)
(994224,994238)
(994224,994243)
(994224,994246)
(994224,994249)
(994224,994252)
(994224,994259)
(994224,994264)
(994224,994267)
(994224,994276)
(994224,994281)
(994224,994289)
(994224,994296)
(994224,994299)
(994224,994305)
(994224,994310)
(994224,994316)
(994224,994322)
(994224,994328)
(994224,994334)
(994224,994339)
(994224,994341)
(994224,994345)
(994224,994350)
(994224,994354)
(994224,994364)
(994224,994369)
(994224,994373)
(994224,994376)
(994224,994390)
(994224,994394)
(994224,994397)
(994224,994401)
(994224,994404)
(994224,994413)
(994224,994417)
(994224,994426)
(994224,994444)
(994224,994454)
(994224,994462)
(994224,994465)
(994224,994471)
(994224,994478)
(994224,994483)
(994224,994491)
(994224,994497)
(994224,994498)
(994224,994508)
(994224,994518)
(994224,994524)
(994224,994532)
(994224,994546)
(994224,994555)
(994224,994558)
(994224,994566)
(994224,994573)
(994224,994576)
(994224,994582)
(994233,994236)
(994233,994238)
(994233,994243)
(994233,994246)
(994233,994249)
(994233,994252)
(994233,994259)
(994233,994264)
(994233,994267)
(994233,994276)
(994233,994281)
(994233,994289)
(994233,994296)
(994233,994299)
(994233,994305)
(994233,994310)
(994233,994316)
(994233,994322)
(994233,994328)
(994233,994334)
(994233,994339)
(994233,994341)
(994233,994345)
(994233,994350)
(994233,994354)
(994233,994364)
(994233,994369)
(994233,994373)
(994233,994376)
(994233,994390)
(994233,994394)
(994233,994397)
(994233,994401)
(994233,994404)
(994233,994413)
(994233,994417)
(994233,994426)
(994233,994444)
(994233,994454)
(994233,994462)
(994233,994465)
(994233,994471)
(994233,994478)
(994233,994483)
(994233,994491)
(994233,994497)
(994233,994498)
(994233,994508)
(994233,994518)
(994233,994524)
(994233,994532)
(994233,994546)
(994233,994555)
(994233,994558)
(994233,994566)
(994233,994573)
(994233,994576)
(994233,994582)
(994236,994238)
(994236,994243)
(994236,994246)
(994236,994249)
(994236,994252)
(994236,994259)
(994236,994264)
(994236,994267)
(994236,994276)
(994236,994281)
(994236,994289)
(994236,994296)
(994236,994299)
(994236,994305)
(994236,994310)
(994236,994316)
(994236,994322)
(994236,994328)
(994236,994334)
(994236,994339)
(994236,994341)
(994236,994345)
(994236,994350)
(994236,994354)
(994236,994364)
(994236,994369)
(994236,994373)
(994236,994376)
(994236,994390)
(994236,994394)
(994236,994397)
(994236,994401)
(994236,994404)
(994236,994413)
(994236,994417)
(994236,994426)
(994236,994444)
(994236,994454)
(994236,994462)
(994236,994465)
(994236,994471)
(994236,994478)
(994236,994483)
(994236,994491)
(994236,994497)
(994236,994498)
(994236,994508)
(994236,994518)
(994236,994524)
(994236,994532)
(994236,994546)
(994236,994555)
(994236,994558)
(994236,994566)
(994236,994573)
(994236,994576)
(994236,994582)
(994238,994243)
(994238,994246)
(994238,994249)
(994238,994252)
(994238,994259)
(994238,994264)
(994238,994267)
(994238,994276)
(994238,994281)
(994238,994289)
(994238,994296)
(994238,994299)
(994238,994305)
(994238,994310)
(994238,994316)
(994238,994322)
(994238,994328)
(994238,994334)
(994238,994339)
(994238,994341)
(994238,994345)
(994238,994350)
(994238,994354)
(994238,994364)
(994238,994369)
(994238,994373)
(994238,994376)
(994238,994390)
(994238,994394)
(994238,994397)
(994238,994401)
(994238,994404)
(994238,994413)
(994238,994417)
(994238,994426)
(994238,994444)
(994238,994454)
(994238,994462)
(994238,994465)
(994238,994471)
(994238,994478)
(994238,994483)
(994238,994491)
(994238,994497)
(994238,994498)
(994238,994508)
(994238,994518)
(994238,994524)
(994238,994532)
(994238,994546)
(994238,994555)
(994238,994558)
(994238,994566)
(994238,994573)
(994238,994576)
(994238,994582)
(994243,994246)
(994243,994249)
(994243,994252)
(994243,994259)
(994243,994264)
(994243,994267)
(994243,994276)
(994243,994281)
(994243,994289)
(994243,994296)
(994243,994299)
(994243,994305)
(994243,994310)
(994243,994316)
(994243,994322)
(994243,994328)
(994243,994334)
(994243,994339)
(994243,994341)
(994243,994345)
(994243,994350)
(994243,994354)
(994243,994364)
(994243,994369)
(994243,994373)
(994243,994376)
(994243,994390)
(994243,994394)
(994243,994397)
(994243,994401)
(994243,994404)
(994243,994413)
(994243,994417)
(994243,994426)
(994243,994444)
(994243,994454)
(994243,994462)
(994243,994465)
(994243,994471)
(994243,994478)
(994243,994483)
(994243,994491)
(994243,994497)
(994243,994498)
(994243,994508)
(994243,994518)
(994243,994524)
(994243,994532)
(994243,994546)
(994243,994555)
(994243,994558)
(994243,994566)
(994243,994573)
(994243,994576)
(994243,994582)
(994246,994249)
(994246,994252)
(994246,994259)
(994246,994264)
(994246,994267)
(994246,994276)
(994246,994281)
(994246,994289)
(994246,994296)
(994246,994299)
(994246,994305)
(994246,994310)
(994246,994316)
(994246,994322)
(994246,994328)
(994246,994334)
(994246,994339)
(994246,994341)
(994246,994345)
(994246,994350)
(994246,994354)
(994246,994364)
(994246,994369)
(994246,994373)
(994246,994376)
(994246,994390)
(994246,994394)
(994246,994397)
(994246,994401)
(994246,994404)
(994246,994413)
(994246,994417)
(994246,994426)
(994246,994444)
(994246,994454)
(994246,994462)
(994246,994465)
(994246,994471)
(994246,994478)
(994246,994483)
(994246,994491)
(994246,994497)
(994246,994498)
(994246,994508)
(994246,994518)
(994246,994524)
(994246,994532)
(994246,994546)
(994246,994555)
(994246,994558)
(994246,994566)
(994246,994573)
(994246,994576)
(994246,994582)
(994249,994252)
(994249,994259)
(994249,994264)
(994249,994267)
(994249,994276)
(994249,994281)
(994249,994289)
(994249,994296)
(994249,994299)
(994249,994305)
(994249,994310)
(994249,994316)
(994249,994322)
(994249,994328)
(994249,994334)
(994249,994339)
(994249,994341)
(994249,994345)
(994249,994350)
(994249,994354)
(994249,994364)
(994249,994369)
(994249,994373)
(994249,994376)
(994249,994390)
(994249,994394)
(994249,994397)
(994249,994401)
(994249,994404)
(994249,994413)
(994249,994417)
(994249,994426)
(994249,994444)
(994249,994454)
(994249,994462)
(994249,994465)
(994249,994471)
(994249,994478)
(994249,994483)
(994249,994491)
(994249,994497)
(994249,994498)
(994249,994508)
(994249,994518)
(994249,994524)
(994249,994532)
(994249,994546)
(994249,994555)
(994249,994558)
(994249,994566)
(994249,994573)
(994249,994576)
(994249,994582)
(994252,994259)
(994252,994264)
(994252,994267)
(994252,994276)
(994252,994281)
(994252,994289)
(994252,994296)
(994252,994299)
(994252,994305)
(994252,994310)
(994252,994316)
(994252,994322)
(994252,994328)
(994252,994334)
(994252,994339)
(994252,994341)
(994252,994345)
(994252,994350)
(994252,994354)
(994252,994364)
(994252,994369)
(994252,994373)
(994252,994376)
(994252,994390)
(994252,994394)
(994252,994397)
(994252,994401)
(994252,994404)
(994252,994413)
(994252,994417)
(994252,994426)
(994252,994444)
(994252,994454)
(994252,994462)
(994252,994465)
(994252,994471)
(994252,994478)
(994252,994483)
(994252,994491)
(994252,994497)
(994252,994498)
(994252,994508)
(994252,994518)
(994252,994524)
(994252,994532)
(994252,994546)
(994252,994555)
(994252,994558)
(994252,994566)
(994252,994573)
(994252,994576)
(994252,994582)
(994259,994264)
(994259,994267)
(994259,994276)
(994259,994281)
(994259,994289)
(994259,994296)
(994259,994299)
(994259,994305)
(994259,994310)
(994259,994316)
(994259,994322)
(994259,994328)
(994259,994334)
(994259,994339)
(994259,994341)
(994259,994345)
(994259,994350)
(994259,994354)
(994259,994364)
(994259,994369)
(994259,994373)
(994259,994376)
(994259,994390)
(994259,994394)
(994259,994397)
(994259,994401)
(994259,994404)
(994259,994413)
(994259,994417)
(994259,994426)
(994259,994444)
(994259,994454)
(994259,994462)
(994259,994465)
(994259,994471)
(994259,994478)
(994259,994483)
(994259,994491)
(994259,994497)
(994259,994498)
(994259,994508)
(994259,994518)
(994259,994524)
(994259,994532)
(994259,994546)
(994259,994555)
(994259,994558)
(994259,994566)
(994259,994573)
(994259,994576)
(994259,994582)
(994264,994267)
(994264,994276)
(994264,994281)
(994264,994289)
(994264,994296)
(994264,994299)
(994264,994305)
(994264,994310)
(994264,994316)
(994264,994322)
(994264,994328)
(994264,994334)
(994264,994339)
(994264,994341)
(994264,994345)
(994264,994350)
(994264,994354)
(994264,994364)
(994264,994369)
(994264,994373)
(994264,994376)
(994264,994390)
(994264,994394)
(994264,994397)
(994264,994401)
(994264,994404)
(994264,994413)
(994264,994417)
(994264,994426)
(994264,994444)
(994264,994454)
(994264,994462)
(994264,994465)
(994264,994471)
(994264,994478)
(994264,994483)
(994264,994491)
(994264,994497)
(994264,994498)
(994264,994508)
(994264,994518)
(994264,994524)
(994264,994532)
(994264,994546)
(994264,994555)
(994264,994558)
(994264,994566)
(994264,994573)
(994264,994576)
(994264,994582)
(994267,994276)
(994267,994281)
(994267,994289)
(994267,994296)
(994267,994299)
(994267,994305)
(994267,994310)
(994267,994316)
(994267,994322)
(994267,994328)
(994267,994334)
(994267,994339)
(994267,994341)
(994267,994345)
(994267,994350)
(994267,994354)
(994267,994364)
(994267,994369)
(994267,994373)
(994267,994376)
(994267,994390)
(994267,994394)
(994267,994397)
(994267,994401)
(994267,994404)
(994267,994413)
(994267,994417)
(994267,994426)
(994267,994444)
(994267,994454)
(994267,994462)
(994267,994465)
(994267,994471)
(994267,994478)
(994267,994483)
(994267,994491)
(994267,994497)
(994267,994498)
(994267,994508)
(994267,994518)
(994267,994524)
(994267,994532)
(994267,994546)
(994267,994555)
(994267,994558)
(994267,994566)
(994267,994573)
(994267,994576)
(994267,994582)
(994276,994281)
(994276,994289)
(994276,994296)
(994276,994299)
(994276,994305)
(994276,994310)
(994276,994316)
(994276,994322)
(994276,994328)
(994276,994334)
(994276,994339)
(994276,994341)
(994276,994345)
(994276,994350)
(994276,994354)
(994276,994364)
(994276,994369)
(994276,994373)
(994276,994376)
(994276,994390)
(994276,994394)
(994276,994397)
(994276,994401)
(994276,994404)
(994276,994413)
(994276,994417)
(994276,994426)
(994276,994444)
(994276,994454)
(994276,994462)
(994276,994465)
(994276,994471)
(994276,994478)
(994276,994483)
(994276,994491)
(994276,994497)
(994276,994498)
(994276,994508)
(994276,994518)
(994276,994524)
(994276,994532)
(994276,994546)
(994276,994555)
(994276,994558)
(994276,994566)
(994276,994573)
(994276,994576)
(994276,994582)
(994281,994289)
(994281,994296)
(994281,994299)
(994281,994305)
(994281,994310)
(994281,994316)
(994281,994322)
(994281,994328)
(994281,994334)
(994281,994339)
(994281,994341)
(994281,994345)
(994281,994350)
(994281,994354)
(994281,994364)
(994281,994369)
(994281,994373)
(994281,994376)
(994281,994390)
(994281,994394)
(994281,994397)
(994281,994401)
(994281,994404)
(994281,994413)
(994281,994417)
(994281,994426)
(994281,994444)
(994281,994454)
(994281,994462)
(994281,994465)
(994281,994471)
(994281,994478)
(994281,994483)
(994281,994491)
(994281,994497)
(994281,994498)
(994281,994508)
(994281,994518)
(994281,994524)
(994281,994532)
(994281,994546)
(994281,994555)
(994281,994558)
(994281,994566)
(994281,994573)
(994281,994576)
(994281,994582)
(994289,994296)
(994289,994299)
(994289,994305)
(994289,994310)
(994289,994316)
(994289,994322)
(994289,994328)
(994289,994334)
(994289,994339)
(994289,994341)
(994289,994345)
(994289,994350)
(994289,994354)
(994289,994364)
(994289,994369)
(994289,994373)
(994289,994376)
(994289,994390)
(994289,994394)
(994289,994397)
(994289,994401)
(994289,994404)
(994289,994413)
(994289,994417)
(994289,994426)
(994289,994444)
(994289,994454)
(994289,994462)
(994289,994465)
(994289,994471)
(994289,994478)
(994289,994483)
(994289,994491)
(994289,994497)
(994289,994498)
(994289,994508)
(994289,994518)
(994289,994524)
(994289,994532)
(994289,994546)
(994289,994555)
(994289,994558)
(994289,994566)
(994289,994573)
(994289,994576)
(994289,994582)
(994296,994299)
(994296,994305)
(994296,994310)
(994296,994316)
(994296,994322)
(994296,994328)
(994296,994334)
(994296,994339)
(994296,994341)
(994296,994345)
(994296,994350)
(994296,994354)
(994296,994364)
(994296,994369)
(994296,994373)
(994296,994376)
(994296,994390)
(994296,994394)
(994296,994397)
(994296,994401)
(994296,994404)
(994296,994413)
(994296,994417)
(994296,994426)
(994296,994444)
(994296,994454)
(994296,994462)
(994296,994465)
(994296,994471)
(994296,994478)
(994296,994483)
(994296,994491)
(994296,994497)
(994296,994498)
(994296,994508)
(994296,994518)
(994296,994524)
(994296,994532)
(994296,994546)
(994296,994555)
(994296,994558)
(994296,994566)
(994296,994573)
(994296,994576)
(994296,994582)
(994299,994305)
(994299,994310)
(994299,994316)
(994299,994322)
(994299,994328)
(994299,994334)
(994299,994339)
(994299,994341)
(994299,994345)
(994299,994350)
(994299,994354)
(994299,994364)
(994299,994369)
(994299,994373)
(994299,994376)
(994299,994390)
(994299,994394)
(994299,994397)
(994299,994401)
(994299,994404)
(994299,994413)
(994299,994417)
(994299,994426)
(994299,994444)
(994299,994454)
(994299,994462)
(994299,994465)
(994299,994471)
(994299,994478)
(994299,994483)
(994299,994491)
(994299,994497)
(994299,994498)
(994299,994508)
(994299,994518)
(994299,994524)
(994299,994532)
(994299,994546)
(994299,994555)
(994299,994558)
(994299,994566)
(994299,994573)
(994299,994576)
(994299,994582)
(994305,994310)
(994305,994316)
(994305,994322)
(994305,994328)
(994305,994334)
(994305,994339)
(994305,994341)
(994305,994345)
(994305,994350)
(994305,994354)
(994305,994364)
(994305,994369)
(994305,994373)
(994305,994376)
(994305,994390)
(994305,994394)
(994305,994397)
(994305,994401)
(994305,994404)
(994305,994413)
(994305,994417)
(994305,994426)
(994305,994444)
(994305,994454)
(994305,994462)
(994305,994465)
(994305,994471)
(994305,994478)
(994305,994483)
(994305,994491)
(994305,994497)
(994305,994498)
(994305,994508)
(994305,994518)
(994305,994524)
(994305,994532)
(994305,994546)
(994305,994555)
(994305,994558)
(994305,994566)
(994305,994573)
(994305,994576)
(994305,994582)
(994310,994316)
(994310,994322)
(994310,994328)
(994310,994334)
(994310,994339)
(994310,994341)
(994310,994345)
(994310,994350)
(994310,994354)
(994310,994364)
(994310,994369)
(994310,994373)
(994310,994376)
(994310,994390)
(994310,994394)
(994310,994397)
(994310,994401)
(994310,994404)
(994310,994413)
(994310,994417)
(994310,994426)
(994310,994444)
(994310,994454)
(994310,994462)
(994310,994465)
(994310,994471)
(994310,994478)
(994310,994483)
(994310,994491)
(994310,994497)
(994310,994498)
(994310,994508)
(994310,994518)
(994310,994524)
(994310,994532)
(994310,994546)
(994310,994555)
(994310,994558)
(994310,994566)
(994310,994573)
(994310,994576)
(994310,994582)
(994316,994322)
(994316,994328)
(994316,994334)
(994316,994339)
(994316,994341)
(994316,994345)
(994316,994350)
(994316,994354)
(994316,994364)
(994316,994369)
(994316,994373)
(994316,994376)
(994316,994390)
(994316,994394)
(994316,994397)
(994316,994401)
(994316,994404)
(994316,994413)
(994316,994417)
(994316,994426)
(994316,994444)
(994316,994454)
(994316,994462)
(994316,994465)
(994316,994471)
(994316,994478)
(994316,994483)
(994316,994491)
(994316,994497)
(994316,994498)
(994316,994508)
(994316,994518)
(994316,994524)
(994316,994532)
(994316,994546)
(994316,994555)
(994316,994558)
(994316,994566)
(994316,994573)
(994316,994576)
(994316,994582)
(994322,994328)
(994322,994334)
(994322,994339)
(994322,994341)
(994322,994345)
(994322,994350)
(994322,994354)
(994322,994364)
(994322,994369)
(994322,994373)
(994322,994376)
(994322,994390)
(994322,994394)
(994322,994397)
(994322,994401)
(994322,994404)
(994322,994413)
(994322,994417)
(994322,994426)
(994322,994444)
(994322,994454)
(994322,994462)
(994322,994465)
(994322,994471)
(994322,994478)
(994322,994483)
(994322,994491)
(994322,994497)
(994322,994498)
(994322,994508)
(994322,994518)
(994322,994524)
(994322,994532)
(994322,994546)
(994322,994555)
(994322,994558)
(994322,994566)
(994322,994573)
(994322,994576)
(994322,994582)
(994328,994334)
(994328,994339)
(994328,994341)
(994328,994345)
(994328,994350)
(994328,994354)
(994328,994364)
(994328,994369)
(994328,994373)
(994328,994376)
(994328,994390)
(994328,994394)
(994328,994397)
(994328,994401)
(994328,994404)
(994328,994413)
(994328,994417)
(994328,994426)
(994328,994444)
(994328,994454)
(994328,994462)
(994328,994465)
(994328,994471)
(994328,994478)
(994328,994483)
(994328,994491)
(994328,994497)
(994328,994498)
(994328,994508)
(994328,994518)
(994328,994524)
(994328,994532)
(994328,994546)
(994328,994555)
(994328,994558)
(994328,994566)
(994328,994573)
(994328,994576)
(994328,994582)
(994334,994339)
(994334,994341)
(994334,994345)
(994334,994350)
(994334,994354)
(994334,994364)
(994334,994369)
(994334,994373)
(994334,994376)
(994334,994390)
(994334,994394)
(994334,994397)
(994334,994401)
(994334,994404)
(994334,994413)
(994334,994417)
(994334,994426)
(994334,994444)
(994334,994454)
(994334,994462)
(994334,994465)
(994334,994471)
(994334,994478)
(994334,994483)
(994334,994491)
(994334,994497)
(994334,994498)
(994334,994508)
(994334,994518)
(994334,994524)
(994334,994532)
(994334,994546)
(994334,994555)
(994334,994558)
(994334,994566)
(994334,994573)
(994334,994576)
(994334,994582)
(994339,994341)
(994339,994345)
(994339,994350)
(994339,994354)
(994339,994364)
(994339,994369)
(994339,994373)
(994339,994376)
(994339,994390)
(994339,994394)
(994339,994397)
(994339,994401)
(994339,994404)
(994339,994413)
(994339,994417)
(994339,994426)
(994339,994444)
(994339,994454)
(994339,994462)
(994339,994465)
(994339,994471)
(994339,994478)
(994339,994483)
(994339,994491)
(994339,994497)
(994339,994498)
(994339,994508)
(994339,994518)
(994339,994524)
(994339,994532)
(994339,994546)
(994339,994555)
(994339,994558)
(994339,994566)
(994339,994573)
(994339,994576)
(994339,994582)
(994341,994345)
(994341,994350)
(994341,994354)
(994341,994364)
(994341,994369)
(994341,994373)
(994341,994376)
(994341,994390)
(994341,994394)
(994341,994397)
(994341,994401)
(994341,994404)
(994341,994413)
(994341,994417)
(994341,994426)
(994341,994444)
(994341,994454)
(994341,994462)
(994341,994465)
(994341,994471)
(994341,994478)
(994341,994483)
(994341,994491)
(994341,994497)
(994341,994498)
(994341,994508)
(994341,994518)
(994341,994524)
(994341,994532)
(994341,994546)
(994341,994555)
(994341,994558)
(994341,994566)
(994341,994573)
(994341,994576)
(994341,994582)
(994345,994350)
(994345,994354)
(994345,994364)
(994345,994369)
(994345,994373)
(994345,994376)
(994345,994390)
(994345,994394)
(994345,994397)
(994345,994401)
(994345,994404)
(994345,994413)
(994345,994417)
(994345,994426)
(994345,994444)
(994345,994454)
(994345,994462)
(994345,994465)
(994345,994471)
(994345,994478)
(994345,994483)
(994345,994491)
(994345,994497)
(994345,994498)
(994345,994508)
(994345,994518)
(994345,994524)
(994345,994532)
(994345,994546)
(994345,994555)
(994345,994558)
(994345,994566)
(994345,994573)
(994345,994576)
(994345,994582)
(994350,994354)
(994350,994364)
(994350,994369)
(994350,994373)
(994350,994376)
(994350,994390)
(994350,994394)
(994350,994397)
(994350,994401)
(994350,994404)
(994350,994413)
(994350,994417)
(994350,994426)
(994350,994444)
(994350,994454)
(994350,994462)
(994350,994465)
(994350,994471)
(994350,994478)
(994350,994483)
(994350,994491)
(994350,994497)
(994350,994498)
(994350,994508)
(994350,994518)
(994350,994524)
(994350,994532)
(994350,994546)
(994350,994555)
(994350,994558)
(994350,994566)
(994350,994573)
(994350,994576)
(994350,994582)
(994354,994364)
(994354,994369)
(994354,994373)
(994354,994376)
(994354,994390)
(994354,994394)
(994354,994397)
(994354,994401)
(994354,994404)
(994354,994413)
(994354,994417)
(994354,994426)
(994354,994444)
(994354,994454)
(994354,994462)
(994354,994465)
(994354,994471)
(994354,994478)
(994354,994483)
(994354,994491)
(994354,994497)
(994354,994498)
(994354,994508)
(994354,994518)
(994354,994524)
(994354,994532)
(994354,994546)
(994354,994555)
(994354,994558)
(994354,994566)
(994354,994573)
(994354,994576)
(994354,994582)
(994364,994369)
(994364,994373)
(994364,994376)
(994364,994390)
(994364,994394)
(994364,994397)
(994364,994401)
(994364,994404)
(994364,994413)
(994364,994417)
(994364,994426)
(994364,994444)
(994364,994454)
(994364,994462)
(994364,994465)
(994364,994471)
(994364,994478)
(994364,994483)
(994364,994491)
(994364,994497)
(994364,994498)
(994364,994508)
(994364,994518)
(994364,994524)
(994364,994532)
(994364,994546)
(994364,994555)
(994364,994558)
(994364,994566)
(994364,994573)
(994364,994576)
(994364,994582)
(994369,994373)
(994369,994376)
(994369,994390)
(994369,994394)
(994369,994397)
(994369,994401)
(994369,994404)
(994369,994413)
(994369,994417)
(994369,994426)
(994369,994444)
(994369,994454)
(994369,994462)
(994369,994465)
(994369,994471)
(994369,994478)
(994369,994483)
(994369,994491)
(994369,994497)
(994369,994498)
(994369,994508)
(994369,994518)
(994369,994524)
(994369,994532)
(994369,994546)
(994369,994555)
(994369,994558)
(994369,994566)
(994369,994573)
(994369,994576)
(994369,994582)
(994373,994376)
(994373,994390)
(994373,994394)
(994373,994397)
(994373,994401)
(994373,994404)
(994373,994413)
(994373,994417)
(994373,994426)
(994373,994444)
(994373,994454)
(994373,994462)
(994373,994465)
(994373,994471)
(994373,994478)
(994373,994483)
(994373,994491)
(994373,994497)
(994373,994498)
(994373,994508)
(994373,994518)
(994373,994524)
(994373,994532)
(994373,994546)
(994373,994555)
(994373,994558)
(994373,994566)
(994373,994573)
(994373,994576)
(994373,994582)
(994376,994390)
(994376,994394)
(994376,994397)
(994376,994401)
(994376,994404)
(994376,994413)
(994376,994417)
(994376,994426)
(994376,994444)
(994376,994454)
(994376,994462)
(994376,994465)
(994376,994471)
(994376,994478)
(994376,994483)
(994376,994491)
(994376,994497)
(994376,994498)
(994376,994508)
(994376,994518)
(994376,994524)
(994376,994532)
(994376,994546)
(994376,994555)
(994376,994558)
(994376,994566)
(994376,994573)
(994376,994576)
(994376,994582)
(994390,994394)
(994390,994397)
(994390,994401)
(994390,994404)
(994390,994413)
(994390,994417)
(994390,994426)
(994390,994444)
(994390,994454)
(994390,994462)
(994390,994465)
(994390,994471)
(994390,994478)
(994390,994483)
(994390,994491)
(994390,994497)
(994390,994498)
(994390,994508)
(994390,994518)
(994390,994524)
(994390,994532)
(994390,994546)
(994390,994555)
(994390,994558)
(994390,994566)
(994390,994573)
(994390,994576)
(994390,994582)
(994394,994397)
(994394,994401)
(994394,994404)
(994394,994413)
(994394,994417)
(994394,994426)
(994394,994444)
(994394,994454)
(994394,994462)
(994394,994465)
(994394,994471)
(994394,994478)
(994394,994483)
(994394,994491)
(994394,994497)
(994394,994498)
(994394,994508)
(994394,994518)
(994394,994524)
(994394,994532)
(994394,994546)
(994394,994555)
(994394,994558)
(994394,994566)
(994394,994573)
(994394,994576)
(994394,994582)
(994397,994401)
(994397,994404)
(994397,994413)
(994397,994417)
(994397,994426)
(994397,994444)
(994397,994454)
(994397,994462)
(994397,994465)
(994397,994471)
(994397,994478)
(994397,994483)
(994397,994491)
(994397,994497)
(994397,994498)
(994397,994508)
(994397,994518)
(994397,994524)
(994397,994532)
(994397,994546)
(994397,994555)
(994397,994558)
(994397,994566)
(994397,994573)
(994397,994576)
(994397,994582)
(994401,994404)
(994401,994413)
(994401,994417)
(994401,994426)
(994401,994444)
(994401,994454)
(994401,994462)
(994401,994465)
(994401,994471)
(994401,994478)
(994401,994483)
(994401,994491)
(994401,994497)
(994401,994498)
(994401,994508)
(994401,994518)
(994401,994524)
(994401,994532)
(994401,994546)
(994401,994555)
(994401,994558)
(994401,994566)
(994401,994573)
(994401,994576)
(994401,994582)
(994404,994413)
(994404,994417)
(994404,994426)
(994404,994444)
(994404,994454)
(994404,994462)
(994404,994465)
(994404,994471)
(994404,994478)
(994404,994483)
(994404,994491)
(994404,994497)
(994404,994498)
(994404,994508)
(994404,994518)
(994404,994524)
(994404,994532)
(994404,994546)
(994404,994555)
(994404,994558)
(994404,994566)
(994404,994573)
(994404,994576)
(994404,994582)
(994413,994417)
(994413,994426)
(994413,994444)
(994413,994454)
(994413,994462)
(994413,994465)
(994413,994471)
(994413,994478)
(994413,994483)
(994413,994491)
(994413,994497)
(994413,994498)
(994413,994508)
(994413,994518)
(994413,994524)
(994413,994532)
(994413,994546)
(994413,994555)
(994413,994558)
(994413,994566)
(994413,994573)
(994413,994576)
(994413,994582)
(994417,994426)
(994417,994444)
(994417,994454)
(994417,994462)
(994417,994465)
(994417,994471)
(994417,994478)
(994417,994483)
(994417,994491)
(994417,994497)
(994417,994498)
(994417,994508)
(994417,994518)
(994417,994524)
(994417,994532)
(994417,994546)
(994417,994555)
(994417,994558)
(994417,994566)
(994417,994573)
(994417,994576)
(994417,994582)
(994426,994444)
(994426,994454)
(994426,994462)
(994426,994465)
(994426,994471)
(994426,994478)
(994426,994483)
(994426,994491)
(994426,994497)
(994426,994498)
(994426,994508)
(994426,994518)
(994426,994524)
(994426,994532)
(994426,994546)
(994426,994555)
(994426,994558)
(994426,994566)
(994426,994573)
(994426,994576)
(994426,994582)
(994444,994454)
(994444,994462)
(994444,994465)
(994444,994471)
(994444,994478)
(994444,994483)
(994444,994491)
(994444,994497)
(994444,994498)
(994444,994508)
(994444,994518)
(994444,994524)
(994444,994532)
(994444,994546)
(994444,994555)
(994444,994558)
(994444,994566)
(994444,994573)
(994444,994576)
(994444,994582)
(994454,994462)
(994454,994465)
(994454,994471)
(994454,994478)
(994454,994483)
(994454,994491)
(994454,994497)
(994454,994498)
(994454,994508)
(994454,994518)
(994454,994524)
(994454,994532)
(994454,994546)
(994454,994555)
(994454,994558)
(994454,994566)
(994454,994573)
(994454,994576)
(994454,994582)
(994462,994465)
(994462,994471)
(994462,994478)
(994462,994483)
(994462,994491)
(994462,994497)
(994462,994498)
(994462,994508)
(994462,994518)
(994462,994524)
(994462,994532)
(994462,994546)
(994462,994555)
(994462,994558)
(994462,994566)
(994462,994573)
(994462,994576)
(994462,994582)
(994465,994471)
(994465,994478)
(994465,994483)
(994465,994491)
(994465,994497)
(994465,994498)
(994465,994508)
(994465,994518)
(994465,994524)
(994465,994532)
(994465,994546)
(994465,994555)
(994465,994558)
(994465,994566)
(994465,994573)
(994465,994576)
(994465,994582)
(994471,994478)
(994471,994483)
(994471,994491)
(994471,994497)
(994471,994498)
(994471,994508)
(994471,994518)
(994471,994524)
(994471,994532)
(994471,994546)
(994471,994555)
(994471,994558)
(994471,994566)
(994471,994573)
(994471,994576)
(994471,994582)
(994478,994483)
(994478,994491)
(994478,994497)
(994478,994498)
(994478,994508)
(994478,994518)
(994478,994524)
(994478,994532)
(994478,994546)
(994478,994555)
(994478,994558)
(994478,994566)
(994478,994573)
(994478,994576)
(994478,994582)
(994483,994491)
(994483,994497)
(994483,994498)
(994483,994508)
(994483,994518)
(994483,994524)
(994483,994532)
(994483,994546)
(994483,994555)
(994483,994558)
(994483,994566)
(994483,994573)
(994483,994576)
(994483,994582)
(994491,994497)
(994491,994498)
(994491,994508)
(994491,994518)
(994491,994524)
(994491,994532)
(994491,994546)
(994491,994555)
(994491,994558)
(994491,994566)
(994491,994573)
(994491,994576)
(994491,994582)
(994497,994498)
(994497,994508)
(994497,994518)
(994497,994524)
(994497,994532)
(994497,994546)
(994497,994555)
(994497,994558)
(994497,994566)
(994497,994573)
(994497,994576)
(994497,994582)
(994498,994508)
(994498,994518)
(994498,994524)
(994498,994532)
(994498,994546)
(994498,994555)
(994498,994558)
(994498,994566)
(994498,994573)
(994498,994576)
(994498,994582)
(994508,994518)
(994508,994524)
(994508,994532)
(994508,994546)
(994508,994555)
(994508,994558)
(994508,994566)
(994508,994573)
(994508,994576)
(994508,994582)
(994518,994524)
(994518,994532)
(994518,994546)
(994518,994555)
(994518,994558)
(994518,994566)
(994518,994573)
(994518,994576)
(994518,994582)
(994524,994532)
(994524,994546)
(994524,994555)
(994524,994558)
(994524,994566)
(994524,994573)
(994524,994576)
(994524,994582)
(994532,994546)
(994532,994555)
(994532,994558)
(994532,994566)
(994532,994573)
(994532,994576)
(994532,994582)
(994546,994555)
(994546,994558)
(994546,994566)
(994546,994573)
(994546,994576)
(994546,994582)
(994555,994558)
(994555,994566)
(994555,994573)
(994555,994576)
(994555,994582)
(994558,994566)
(994558,994573)
(994558,994576)
(994558,994582)
(994566,994573)
(994566,994576)
(994566,994582)
(994573,994576)
(994573,994582)
(994576,994582)
(676406,994658)
(676406,994663)
(676406,994666)
(676406,994668)
(676406,994672)
(676406,994674)
(676406,994678)
(676406,994681)
(676406,994688)
(676406,994689)
(676406,994694)
(676406,994696)
(676406,994701)
(676406,994705)
(676406,994711)
(676406,994713)
(676406,994716)
(676406,994719)
(676406,994721)
(676406,994724)
(676406,994729)
(676406,994731)
(676406,994737)
(676406,994738)
(676406,994743)
(676406,994748)
(676406,994752)
(676406,994755)
(676406,994757)
(676406,994762)
(994658,994663)
(994658,994666)
(994658,994668)
(994658,994672)
(994658,994674)
(994658,994678)
(994658,994681)
(994658,994688)
(994658,994689)
(994658,994694)
(994658,994696)
(994658,994701)
(994658,994705)
(994658,994711)
(994658,994713)
(994658,994716)
(994658,994719)
(994658,994721)
(994658,994724)
(994658,994729)
(994658,994731)
(994658,994737)
(994658,994738)
(994658,994743)
(994658,994748)
(994658,994752)
(994658,994755)
(994658,994757)
(994658,994762)
(994663,994666)
(994663,994668)
(994663,994672)
(994663,994674)
(994663,994678)
(994663,994681)
(994663,994688)
(994663,994689)
(994663,994694)
(994663,994696)
(994663,994701)
(994663,994705)
(994663,994711)
(994663,994713)
(994663,994716)
(994663,994719)
(994663,994721)
(994663,994724)
(994663,994729)
(994663,994731)
(994663,994737)
(994663,994738)
(994663,994743)
(994663,994748)
(994663,994752)
(994663,994755)
(994663,994757)
(994663,994762)
(994666,994668)
(994666,994672)
(994666,994674)
(994666,994678)
(994666,994681)
(994666,994688)
(994666,994689)
(994666,994694)
(994666,994696)
(994666,994701)
(994666,994705)
(994666,994711)
(994666,994713)
(994666,994716)
(994666,994719)
(994666,994721)
(994666,994724)
(994666,994729)
(994666,994731)
(994666,994737)
(994666,994738)
(994666,994743)
(994666,994748)
(994666,994752)
(994666,994755)
(994666,994757)
(994666,994762)
(994668,994672)
(994668,994674)
(994668,994678)
(994668,994681)
(994668,994688)
(994668,994689)
(994668,994694)
(994668,994696)
(994668,994701)
(994668,994705)
(994668,994711)
(994668,994713)
(994668,994716)
(994668,994719)
(994668,994721)
(994668,994724)
(994668,994729)
(994668,994731)
(994668,994737)
(994668,994738)
(994668,994743)
(994668,994748)
(994668,994752)
(994668,994755)
(994668,994757)
(994668,994762)
(994672,994674)
(994672,994678)
(994672,994681)
(994672,994688)
(994672,994689)
(994672,994694)
(994672,994696)
(994672,994701)
(994672,994705)
(994672,994711)
(994672,994713)
(994672,994716)
(994672,994719)
(994672,994721)
(994672,994724)
(994672,994729)
(994672,994731)
(994672,994737)
(994672,994738)
(994672,994743)
(994672,994748)
(994672,994752)
(994672,994755)
(994672,994757)
(994672,994762)
(994674,994678)
(994674,994681)
(994674,994688)
(994674,994689)
(994674,994694)
(994674,994696)
(994674,994701)
(994674,994705)
(994674,994711)
(994674,994713)
(994674,994716)
(994674,994719)
(994674,994721)
(994674,994724)
(994674,994729)
(994674,994731)
(994674,994737)
(994674,994738)
(994674,994743)
(994674,994748)
(994674,994752)
(994674,994755)
(994674,994757)
(994674,994762)
(994678,994681)
(994678,994688)
(994678,994689)
(994678,994694)
(994678,994696)
(994678,994701)
(994678,994705)
(994678,994711)
(994678,994713)
(994678,994716)
(994678,994719)
(994678,994721)
(994678,994724)
(994678,994729)
(994678,994731)
(994678,994737)
(994678,994738)
(994678,994743)
(994678,994748)
(994678,994752)
(994678,994755)
(994678,994757)
(994678,994762)
(994681,994688)
(994681,994689)
(994681,994694)
(994681,994696)
(994681,994701)
(994681,994705)
(994681,994711)
(994681,994713)
(994681,994716)
(994681,994719)
(994681,994721)
(994681,994724)
(994681,994729)
(994681,994731)
(994681,994737)
(994681,994738)
(994681,994743)
(994681,994748)
(994681,994752)
(994681,994755)
(994681,994757)
(994681,994762)
(994688,994689)
(994688,994694)
(994688,994696)
(994688,994701)
(994688,994705)
(994688,994711)
(994688,994713)
(994688,994716)
(994688,994719)
(994688,994721)
(994688,994724)
(994688,994729)
(994688,994731)
(994688,994737)
(994688,994738)
(994688,994743)
(994688,994748)
(994688,994752)
(994688,994755)
(994688,994757)
(994688,994762)
(994689,994694)
(994689,994696)
(994689,994701)
(994689,994705)
(994689,994711)
(994689,994713)
(994689,994716)
(994689,994719)
(994689,994721)
(994689,994724)
(994689,994729)
(994689,994731)
(994689,994737)
(994689,994738)
(994689,994743)
(994689,994748)
(994689,994752)
(994689,994755)
(994689,994757)
(994689,994762)
(994694,994696)
(994694,994701)
(994694,994705)
(994694,994711)
(994694,994713)
(994694,994716)
(994694,994719)
(994694,994721)
(994694,994724)
(994694,994729)
(994694,994731)
(994694,994737)
(994694,994738)
(994694,994743)
(994694,994748)
(994694,994752)
(994694,994755)
(994694,994757)
(994694,994762)
(994696,994701)
(994696,994705)
(994696,994711)
(994696,994713)
(994696,994716)
(994696,994719)
(994696,994721)
(994696,994724)
(994696,994729)
(994696,994731)
(994696,994737)
(994696,994738)
(994696,994743)
(994696,994748)
(994696,994752)
(994696,994755)
(994696,994757)
(994696,994762)
(994701,994705)
(994701,994711)
(994701,994713)
(994701,994716)
(994701,994719)
(994701,994721)
(994701,994724)
(994701,994729)
(994701,994731)
(994701,994737)
(994701,994738)
(994701,994743)
(994701,994748)
(994701,994752)
(994701,994755)
(994701,994757)
(994701,994762)
(994705,994711)
(994705,994713)
(994705,994716)
(994705,994719)
(994705,994721)
(994705,994724)
(994705,994729)
(994705,994731)
(994705,994737)
(994705,994738)
(994705,994743)
(994705,994748)
(994705,994752)
(994705,994755)
(994705,994757)
(994705,994762)
(994711,994713)
(994711,994716)
(994711,994719)
(994711,994721)
(994711,994724)
(994711,994729)
(994711,994731)
(994711,994737)
(994711,994738)
(994711,994743)
(994711,994748)
(994711,994752)
(994711,994755)
(994711,994757)
(994711,994762)
(994713,994716)
(994713,994719)
(994713,994721)
(994713,994724)
(994713,994729)
(994713,994731)
(994713,994737)
(994713,994738)
(994713,994743)
(994713,994748)
(994713,994752)
(994713,994755)
(994713,994757)
(994713,994762)
(994716,994719)
(994716,994721)
(994716,994724)
(994716,994729)
(994716,994731)
(994716,994737)
(994716,994738)
(994716,994743)
(994716,994748)
(994716,994752)
(994716,994755)
(994716,994757)
(994716,994762)
(994719,994721)
(994719,994724)
(994719,994729)
(994719,994731)
(994719,994737)
(994719,994738)
(994719,994743)
(994719,994748)
(994719,994752)
(994719,994755)
(994719,994757)
(994719,994762)
(994721,994724)
(994721,994729)
(994721,994731)
(994721,994737)
(994721,994738)
(994721,994743)
(994721,994748)
(994721,994752)
(994721,994755)
(994721,994757)
(994721,994762)
(994724,994729)
(994724,994731)
(994724,994737)
(994724,994738)
(994724,994743)
(994724,994748)
(994724,994752)
(994724,994755)
(994724,994757)
(994724,994762)
(994729,994731)
(994729,994737)
(994729,994738)
(994729,994743)
(994729,994748)
(994729,994752)
(994729,994755)
(994729,994757)
(994729,994762)
(994731,994737)
(994731,994738)
(994731,994743)
(994731,994748)
(994731,994752)
(994731,994755)
(994731,994757)
(994731,994762)
(994737,994738)
(994737,994743)
(994737,994748)
(994737,994752)
(994737,994755)
(994737,994757)
(994737,994762)
(994738,994743)
(994738,994748)
(994738,994752)
(994738,994755)
(994738,994757)
(994738,994762)
(994743,994748)
(994743,994752)
(994743,994755)
(994743,994757)
(994743,994762)
(994748,994752)
(994748,994755)
(994748,994757)
(994748,994762)
(994752,994755)
(994752,994757)
(994752,994762)
(994755,994757)
(994755,994762)
(994757,994762)
(993997,993999)
(993997,994004)
(993997,994008)
(993997,994011)
(993997,994013)
(993997,994015)
(993997,994021)
(993997,994022)
(993997,994028)
(993997,994032)
(993997,994037)
(993997,994043)
(993997,994046)
(993997,994049)
(993997,994054)
(993997,994058)
(993997,994062)
(993997,994063)
(993997,994070)
(993997,994073)
(993997,994078)
(993997,994082)
(993999,994004)
(993999,994008)
(993999,994011)
(993999,994013)
(993999,994015)
(993999,994021)
(993999,994022)
(993999,994028)
(993999,994032)
(993999,994037)
(993999,994043)
(993999,994046)
(993999,994049)
(993999,994054)
(993999,994058)
(993999,994062)
(993999,994063)
(993999,994070)
(993999,994073)
(993999,994078)
(993999,994082)
(994004,994008)
(994004,994011)
(994004,994013)
(994004,994015)
(994004,994021)
(994004,994022)
(994004,994028)
(994004,994032)
(994004,994037)
(994004,994043)
(994004,994046)
(994004,994049)
(994004,994054)
(994004,994058)
(994004,994062)
(994004,994063)
(994004,994070)
(994004,994073)
(994004,994078)
(994004,994082)
(994008,994011)
(994008,994013)
(994008,994015)
(994008,994021)
(994008,994022)
(994008,994028)
(994008,994032)
(994008,994037)
(994008,994043)
(994008,994046)
(994008,994049)
(994008,994054)
(994008,994058)
(994008,994062)
(994008,994063)
(994008,994070)
(994008,994073)
(994008,994078)
(994008,994082)
(994011,994013)
(994011,994015)
(994011,994021)
(994011,994022)
(994011,994028)
(994011,994032)
(994011,994037)
(994011,994043)
(994011,994046)
(994011,994049)
(994011,994054)
(994011,994058)
(994011,994062)
(994011,994063)
(994011,994070)
(994011,994073)
(994011,994078)
(994011,994082)
(994013,994015)
(994013,994021)
(994013,994022)
(994013,994028)
(994013,994032)
(994013,994037)
(994013,994043)
(994013,994046)
(994013,994049)
(994013,994054)
(994013,994058)
(994013,994062)
(994013,994063)
(994013,994070)
(994013,994073)
(994013,994078)
(994013,994082)
(994015,994021)
(994015,994022)
(994015,994028)
(994015,994032)
(994015,994037)
(994015,994043)
(994015,994046)
(994015,994049)
(994015,994054)
(994015,994058)
(994015,994062)
(994015,994063)
(994015,994070)
(994015,994073)
(994015,994078)
(994015,994082)
(994021,994022)
(994021,994028)
(994021,994032)
(994021,994037)
(994021,994043)
(994021,994046)
(994021,994049)
(994021,994054)
(994021,994058)
(994021,994062)
(994021,994063)
(994021,994070)
(994021,994073)
(994021,994078)
(994021,994082)
(994022,994028)
(994022,994032)
(994022,994037)
(994022,994043)
(994022,994046)
(994022,994049)
(994022,994054)
(994022,994058)
(994022,994062)
(994022,994063)
(994022,994070)
(994022,994073)
(994022,994078)
(994022,994082)
(994028,994032)
(994028,994037)
(994028,994043)
(994028,994046)
(994028,994049)
(994028,994054)
(994028,994058)
(994028,994062)
(994028,994063)
(994028,994070)
(994028,994073)
(994028,994078)
(994028,994082)
(994032,994037)
(994032,994043)
(994032,994046)
(994032,994049)
(994032,994054)
(994032,994058)
(994032,994062)
(994032,994063)
(994032,994070)
(994032,994073)
(994032,994078)
(994032,994082)
(994037,994043)
(994037,994046)
(994037,994049)
(994037,994054)
(994037,994058)
(994037,994062)
(994037,994063)
(994037,994070)
(994037,994073)
(994037,994078)
(994037,994082)
(994043,994046)
(994043,994049)
(994043,994054)
(994043,994058)
(994043,994062)
(994043,994063)
(994043,994070)
(994043,994073)
(994043,994078)
(994043,994082)
(994046,994049)
(994046,994054)
(994046,994058)
(994046,994062)
(994046,994063)
(994046,994070)
(994046,994073)
(994046,994078)
(994046,994082)
(994049,994054)
(994049,994058)
(994049,994062)
(994049,994063)
(994049,994070)
(994049,994073)
(994049,994078)
(994049,994082)
(994054,994058)
(994054,994062)
(994054,994063)
(994054,994070)
(994054,994073)
(994054,994078)
(994054,994082)
(994058,994062)
(994058,994063)
(994058,994070)
(994058,994073)
(994058,994078)
(994058,994082)
(994062,994063)
(994062,994070)
(994062,994073)
(994062,994078)
(994062,994082)
(994063,994070)
(994063,994073)
(994063,994078)
(994063,994082)
(994070,994073)
(994070,994078)
(994070,994082)
(994073,994078)
(994073,994082)
(994078,994082)
(994588,994592)
(994588,994597)
(994588,994599)
(994588,994606)
(994588,994609)
(994592,994597)
(994592,994599)
(994592,994606)
(994592,994609)
(994597,994599)
(994597,994606)
(994597,994609)
(994599,994606)
(994599,994609)
(994606,994609)
(994614,994617)
(994619,994625)
(994619,994632)
(994619,994635)
(994619,994638)
(994619,994643)
(994619,994652)
(994625,994632)
(994625,994635)
(994625,994638)
(994625,994643)
(994625,994652)
(994632,994635)
(994632,994638)
(994632,994643)
(994632,994652)
(994635,994638)
(994635,994643)
(994635,994652)
(994638,994643)
(994638,994652)
(994643,994652)
(994767,994768)
(994767,994773)
(994767,994777)
(994767,994781)
(994767,994786)
(994768,994773)
(994768,994777)
(994768,994781)
(994768,994786)
(994773,994777)
(994773,994781)
(994773,994786)
(994777,994781)
(994777,994786)
(994781,994786)
(994787,994791)
(994787,994800)
(994787,994806)
(994787,994809)
(994787,994816)
(994787,994821)
(994791,994800)
(994791,994806)
(994791,994809)
(994791,994816)
(994791,994821)
(994800,994806)
(994800,994809)
(994800,994816)
(994800,994821)
(994806,994809)
(994806,994816)
(994806,994821)
(994809,994816)
(994809,994821)
(994816,994821)
(994826,994830)
(994826,994837)
(994830,994837)
(995045,995046)
(995078,995081)
(995097,995099)
(995097,995102)
(995099,995102)
(995129,995133)
(995129,995138)
(995129,995146)
(995133,995138)
(995133,995146)
(995138,995146)
(995153,995159)
(995153,995169)
(995153,995172)
(995153,995184)
(995159,995169)
(995159,995172)
(995159,995184)
(995169,995172)
(995169,995184)
(995172,995184)
(995194,995199)
(995223,995230)
(995235,995239)
(995245,995247)
(995245,995249)
(995245,995250)
(995247,995249)
(995247,995250)
(995249,995250)
(995264,995268)
(995264,995280)
(995264,995286)
(995268,995280)
(995268,995286)
(995280,995286)
(995293,995297)
(995329,995335)
(995338,995343)
