(247558,1030650)
(247558,1030653)
(247558,1030658)
(1030650,1030653)
(1030650,1030658)
(1030653,1030658)
(954662,1029910)
(954662,1029916)
(954662,1029925)
(954662,1029928)
(954662,1029937)
(954662,1029945)
(954662,1029953)
(954662,1029962)
(954662,1029965)
(954662,1029971)
(954662,1029986)
(954662,1029994)
(954662,1030003)
(954662,1030011)
(954662,1030017)
(954662,1030032)
(954662,1030034)
(954662,1030055)
(954662,1030067)
(954662,1030076)
(954662,1030082)
(954662,1030088)
(954662,1030102)
(954662,1030113)
(954662,1030116)
(954662,1030127)
(954662,1030132)
(954662,1030144)
(954662,1030160)
(954662,1030162)
(954662,1030175)
(954662,1030183)
(954662,1030191)
(954662,1030201)
(954662,1030209)
(954662,1030212)
(954662,1030218)
(954662,1030230)
(954662,1030242)
(954662,1030249)
(954662,1030259)
(954662,1030269)
(954662,1030274)
(954662,1030292)
(954662,1030301)
(954662,1030307)
(954662,1030314)
(954662,1030331)
(954662,1030341)
(954662,1030352)
(954662,1030368)
(954662,1030373)
(954662,1030382)
(954662,1030389)
(954662,1030396)
(954662,1030413)
(954662,1030415)
(954662,1030420)
(954662,1030426)
(954662,1030433)
(954662,1030440)
(954662,1030444)
(954662,1030454)
(954662,1030455)
(954662,1030467)
(954662,1030471)
(954662,1030476)
(954662,1030479)
(954662,1030485)
(1029910,1029916)
(1029910,1029925)
(1029910,1029928)
(1029910,1029937)
(1029910,1029945)
(1029910,1029953)
(1029910,1029962)
(1029910,1029965)
(1029910,1029971)
(1029910,1029986)
(1029910,1029994)
(1029910,1030003)
(1029910,1030011)
(1029910,1030017)
(1029910,1030032)
(1029910,1030034)
(1029910,1030055)
(1029910,1030067)
(1029910,1030076)
(1029910,1030082)
(1029910,1030088)
(1029910,1030102)
(1029910,1030113)
(1029910,1030116)
(1029910,1030127)
(1029910,1030132)
(1029910,1030144)
(1029910,1030160)
(1029910,1030162)
(1029910,1030175)
(1029910,1030183)
(1029910,1030191)
(1029910,1030201)
(1029910,1030209)
(1029910,1030212)
(1029910,1030218)
(1029910,1030230)
(1029910,1030242)
(1029910,1030249)
(1029910,1030259)
(1029910,1030269)
(1029910,1030274)
(1029910,1030292)
(1029910,1030301)
(1029910,1030307)
(1029910,1030314)
(1029910,1030331)
(1029910,1030341)
(1029910,1030352)
(1029910,1030368)
(1029910,1030373)
(1029910,1030382)
(1029910,1030389)
(1029910,1030396)
(1029910,1030413)
(1029910,1030415)
(1029910,1030420)
(1029910,1030426)
(1029910,1030433)
(1029910,1030440)
(1029910,1030444)
(1029910,1030454)
(1029910,1030455)
(1029910,1030467)
(1029910,1030471)
(1029910,1030476)
(1029910,1030479)
(1029910,1030485)
(1029916,1029925)
(1029916,1029928)
(1029916,1029937)
(1029916,1029945)
(1029916,1029953)
(1029916,1029962)
(1029916,1029965)
(1029916,1029971)
(1029916,1029986)
(1029916,1029994)
(1029916,1030003)
(1029916,1030011)
(1029916,1030017)
(1029916,1030032)
(1029916,1030034)
(1029916,1030055)
(1029916,1030067)
(1029916,1030076)
(1029916,1030082)
(1029916,1030088)
(1029916,1030102)
(1029916,1030113)
(1029916,1030116)
(1029916,1030127)
(1029916,1030132)
(1029916,1030144)
(1029916,1030160)
(1029916,1030162)
(1029916,1030175)
(1029916,1030183)
(1029916,1030191)
(1029916,1030201)
(1029916,1030209)
(1029916,1030212)
(1029916,1030218)
(1029916,1030230)
(1029916,1030242)
(1029916,1030249)
(1029916,1030259)
(1029916,1030269)
(1029916,1030274)
(1029916,1030292)
(1029916,1030301)
(1029916,1030307)
(1029916,1030314)
(1029916,1030331)
(1029916,1030341)
(1029916,1030352)
(1029916,1030368)
(1029916,1030373)
(1029916,1030382)
(1029916,1030389)
(1029916,1030396)
(1029916,1030413)
(1029916,1030415)
(1029916,1030420)
(1029916,1030426)
(1029916,1030433)
(1029916,1030440)
(1029916,1030444)
(1029916,1030454)
(1029916,1030455)
(1029916,1030467)
(1029916,1030471)
(1029916,1030476)
(1029916,1030479)
(1029916,1030485)
(1029925,1029928)
(1029925,1029937)
(1029925,1029945)
(1029925,1029953)
(1029925,1029962)
(1029925,1029965)
(1029925,1029971)
(1029925,1029986)
(1029925,1029994)
(1029925,1030003)
(1029925,1030011)
(1029925,1030017)
(1029925,1030032)
(1029925,1030034)
(1029925,1030055)
(1029925,1030067)
(1029925,1030076)
(1029925,1030082)
(1029925,1030088)
(1029925,1030102)
(1029925,1030113)
(1029925,1030116)
(1029925,1030127)
(1029925,1030132)
(1029925,1030144)
(1029925,1030160)
(1029925,1030162)
(1029925,1030175)
(1029925,1030183)
(1029925,1030191)
(1029925,1030201)
(1029925,1030209)
(1029925,1030212)
(1029925,1030218)
(1029925,1030230)
(1029925,1030242)
(1029925,1030249)
(1029925,1030259)
(1029925,1030269)
(1029925,1030274)
(1029925,1030292)
(1029925,1030301)
(1029925,1030307)
(1029925,1030314)
(1029925,1030331)
(1029925,1030341)
(1029925,1030352)
(1029925,1030368)
(1029925,1030373)
(1029925,1030382)
(1029925,1030389)
(1029925,1030396)
(1029925,1030413)
(1029925,1030415)
(1029925,1030420)
(1029925,1030426)
(1029925,1030433)
(1029925,1030440)
(1029925,1030444)
(1029925,1030454)
(1029925,1030455)
(1029925,1030467)
(1029925,1030471)
(1029925,1030476)
(1029925,1030479)
(1029925,1030485)
(1029928,1029937)
(1029928,1029945)
(1029928,1029953)
(1029928,1029962)
(1029928,1029965)
(1029928,1029971)
(1029928,1029986)
(1029928,1029994)
(1029928,1030003)
(1029928,1030011)
(1029928,1030017)
(1029928,1030032)
(1029928,1030034)
(1029928,1030055)
(1029928,1030067)
(1029928,1030076)
(1029928,1030082)
(1029928,1030088)
(1029928,1030102)
(1029928,1030113)
(1029928,1030116)
(1029928,1030127)
(1029928,1030132)
(1029928,1030144)
(1029928,1030160)
(1029928,1030162)
(1029928,1030175)
(1029928,1030183)
(1029928,1030191)
(1029928,1030201)
(1029928,1030209)
(1029928,1030212)
(1029928,1030218)
(1029928,1030230)
(1029928,1030242)
(1029928,1030249)
(1029928,1030259)
(1029928,1030269)
(1029928,1030274)
(1029928,1030292)
(1029928,1030301)
(1029928,1030307)
(1029928,1030314)
(1029928,1030331)
(1029928,1030341)
(1029928,1030352)
(1029928,1030368)
(1029928,1030373)
(1029928,1030382)
(1029928,1030389)
(1029928,1030396)
(1029928,1030413)
(1029928,1030415)
(1029928,1030420)
(1029928,1030426)
(1029928,1030433)
(1029928,1030440)
(1029928,1030444)
(1029928,1030454)
(1029928,1030455)
(1029928,1030467)
(1029928,1030471)
(1029928,1030476)
(1029928,1030479)
(1029928,1030485)
(1029937,1029945)
(1029937,1029953)
(1029937,1029962)
(1029937,1029965)
(1029937,1029971)
(1029937,1029986)
(1029937,1029994)
(1029937,1030003)
(1029937,1030011)
(1029937,1030017)
(1029937,1030032)
(1029937,1030034)
(1029937,1030055)
(1029937,1030067)
(1029937,1030076)
(1029937,1030082)
(1029937,1030088)
(1029937,1030102)
(1029937,1030113)
(1029937,1030116)
(1029937,1030127)
(1029937,1030132)
(1029937,1030144)
(1029937,1030160)
(1029937,1030162)
(1029937,1030175)
(1029937,1030183)
(1029937,1030191)
(1029937,1030201)
(1029937,1030209)
(1029937,1030212)
(1029937,1030218)
(1029937,1030230)
(1029937,1030242)
(1029937,1030249)
(1029937,1030259)
(1029937,1030269)
(1029937,1030274)
(1029937,1030292)
(1029937,1030301)
(1029937,1030307)
(1029937,1030314)
(1029937,1030331)
(1029937,1030341)
(1029937,1030352)
(1029937,1030368)
(1029937,1030373)
(1029937,1030382)
(1029937,1030389)
(1029937,1030396)
(1029937,1030413)
(1029937,1030415)
(1029937,1030420)
(1029937,1030426)
(1029937,1030433)
(1029937,1030440)
(1029937,1030444)
(1029937,1030454)
(1029937,1030455)
(1029937,1030467)
(1029937,1030471)
(1029937,1030476)
(1029937,1030479)
(1029937,1030485)
(1029945,1029953)
(1029945,1029962)
(1029945,1029965)
(1029945,1029971)
(1029945,1029986)
(1029945,1029994)
(1029945,1030003)
(1029945,1030011)
(1029945,1030017)
(1029945,1030032)
(1029945,1030034)
(1029945,1030055)
(1029945,1030067)
(1029945,1030076)
(1029945,1030082)
(1029945,1030088)
(1029945,1030102)
(1029945,1030113)
(1029945,1030116)
(1029945,1030127)
(1029945,1030132)
(1029945,1030144)
(1029945,1030160)
(1029945,1030162)
(1029945,1030175)
(1029945,1030183)
(1029945,1030191)
(1029945,1030201)
(1029945,1030209)
(1029945,1030212)
(1029945,1030218)
(1029945,1030230)
(1029945,1030242)
(1029945,1030249)
(1029945,1030259)
(1029945,1030269)
(1029945,1030274)
(1029945,1030292)
(1029945,1030301)
(1029945,1030307)
(1029945,1030314)
(1029945,1030331)
(1029945,1030341)
(1029945,1030352)
(1029945,1030368)
(1029945,1030373)
(1029945,1030382)
(1029945,1030389)
(1029945,1030396)
(1029945,1030413)
(1029945,1030415)
(1029945,1030420)
(1029945,1030426)
(1029945,1030433)
(1029945,1030440)
(1029945,1030444)
(1029945,1030454)
(1029945,1030455)
(1029945,1030467)
(1029945,1030471)
(1029945,1030476)
(1029945,1030479)
(1029945,1030485)
(1029953,1029962)
(1029953,1029965)
(1029953,1029971)
(1029953,1029986)
(1029953,1029994)
(1029953,1030003)
(1029953,1030011)
(1029953,1030017)
(1029953,1030032)
(1029953,1030034)
(1029953,1030055)
(1029953,1030067)
(1029953,1030076)
(1029953,1030082)
(1029953,1030088)
(1029953,1030102)
(1029953,1030113)
(1029953,1030116)
(1029953,1030127)
(1029953,1030132)
(1029953,1030144)
(1029953,1030160)
(1029953,1030162)
(1029953,1030175)
(1029953,1030183)
(1029953,1030191)
(1029953,1030201)
(1029953,1030209)
(1029953,1030212)
(1029953,1030218)
(1029953,1030230)
(1029953,1030242)
(1029953,1030249)
(1029953,1030259)
(1029953,1030269)
(1029953,1030274)
(1029953,1030292)
(1029953,1030301)
(1029953,1030307)
(1029953,1030314)
(1029953,1030331)
(1029953,1030341)
(1029953,1030352)
(1029953,1030368)
(1029953,1030373)
(1029953,1030382)
(1029953,1030389)
(1029953,1030396)
(1029953,1030413)
(1029953,1030415)
(1029953,1030420)
(1029953,1030426)
(1029953,1030433)
(1029953,1030440)
(1029953,1030444)
(1029953,1030454)
(1029953,1030455)
(1029953,1030467)
(1029953,1030471)
(1029953,1030476)
(1029953,1030479)
(1029953,1030485)
(1029962,1029965)
(1029962,1029971)
(1029962,1029986)
(1029962,1029994)
(1029962,1030003)
(1029962,1030011)
(1029962,1030017)
(1029962,1030032)
(1029962,1030034)
(1029962,1030055)
(1029962,1030067)
(1029962,1030076)
(1029962,1030082)
(1029962,1030088)
(1029962,1030102)
(1029962,1030113)
(1029962,1030116)
(1029962,1030127)
(1029962,1030132)
(1029962,1030144)
(1029962,1030160)
(1029962,1030162)
(1029962,1030175)
(1029962,1030183)
(1029962,1030191)
(1029962,1030201)
(1029962,1030209)
(1029962,1030212)
(1029962,1030218)
(1029962,1030230)
(1029962,1030242)
(1029962,1030249)
(1029962,1030259)
(1029962,1030269)
(1029962,1030274)
(1029962,1030292)
(1029962,1030301)
(1029962,1030307)
(1029962,1030314)
(1029962,1030331)
(1029962,1030341)
(1029962,1030352)
(1029962,1030368)
(1029962,1030373)
(1029962,1030382)
(1029962,1030389)
(1029962,1030396)
(1029962,1030413)
(1029962,1030415)
(1029962,1030420)
(1029962,1030426)
(1029962,1030433)
(1029962,1030440)
(1029962,1030444)
(1029962,1030454)
(1029962,1030455)
(1029962,1030467)
(1029962,1030471)
(1029962,1030476)
(1029962,1030479)
(1029962,1030485)
(1029965,1029971)
(1029965,1029986)
(1029965,1029994)
(1029965,1030003)
(1029965,1030011)
(1029965,1030017)
(1029965,1030032)
(1029965,1030034)
(1029965,1030055)
(1029965,1030067)
(1029965,1030076)
(1029965,1030082)
(1029965,1030088)
(1029965,1030102)
(1029965,1030113)
(1029965,1030116)
(1029965,1030127)
(1029965,1030132)
(1029965,1030144)
(1029965,1030160)
(1029965,1030162)
(1029965,1030175)
(1029965,1030183)
(1029965,1030191)
(1029965,1030201)
(1029965,1030209)
(1029965,1030212)
(1029965,1030218)
(1029965,1030230)
(1029965,1030242)
(1029965,1030249)
(1029965,1030259)
(1029965,1030269)
(1029965,1030274)
(1029965,1030292)
(1029965,1030301)
(1029965,1030307)
(1029965,1030314)
(1029965,1030331)
(1029965,1030341)
(1029965,1030352)
(1029965,1030368)
(1029965,1030373)
(1029965,1030382)
(1029965,1030389)
(1029965,1030396)
(1029965,1030413)
(1029965,1030415)
(1029965,1030420)
(1029965,1030426)
(1029965,1030433)
(1029965,1030440)
(1029965,1030444)
(1029965,1030454)
(1029965,1030455)
(1029965,1030467)
(1029965,1030471)
(1029965,1030476)
(1029965,1030479)
(1029965,1030485)
(1029971,1029986)
(1029971,1029994)
(1029971,1030003)
(1029971,1030011)
(1029971,1030017)
(1029971,1030032)
(1029971,1030034)
(1029971,1030055)
(1029971,1030067)
(1029971,1030076)
(1029971,1030082)
(1029971,1030088)
(1029971,1030102)
(1029971,1030113)
(1029971,1030116)
(1029971,1030127)
(1029971,1030132)
(1029971,1030144)
(1029971,1030160)
(1029971,1030162)
(1029971,1030175)
(1029971,1030183)
(1029971,1030191)
(1029971,1030201)
(1029971,1030209)
(1029971,1030212)
(1029971,1030218)
(1029971,1030230)
(1029971,1030242)
(1029971,1030249)
(1029971,1030259)
(1029971,1030269)
(1029971,1030274)
(1029971,1030292)
(1029971,1030301)
(1029971,1030307)
(1029971,1030314)
(1029971,1030331)
(1029971,1030341)
(1029971,1030352)
(1029971,1030368)
(1029971,1030373)
(1029971,1030382)
(1029971,1030389)
(1029971,1030396)
(1029971,1030413)
(1029971,1030415)
(1029971,1030420)
(1029971,1030426)
(1029971,1030433)
(1029971,1030440)
(1029971,1030444)
(1029971,1030454)
(1029971,1030455)
(1029971,1030467)
(1029971,1030471)
(1029971,1030476)
(1029971,1030479)
(1029971,1030485)
(1029986,1029994)
(1029986,1030003)
(1029986,1030011)
(1029986,1030017)
(1029986,1030032)
(1029986,1030034)
(1029986,1030055)
(1029986,1030067)
(1029986,1030076)
(1029986,1030082)
(1029986,1030088)
(1029986,1030102)
(1029986,1030113)
(1029986,1030116)
(1029986,1030127)
(1029986,1030132)
(1029986,1030144)
(1029986,1030160)
(1029986,1030162)
(1029986,1030175)
(1029986,1030183)
(1029986,1030191)
(1029986,1030201)
(1029986,1030209)
(1029986,1030212)
(1029986,1030218)
(1029986,1030230)
(1029986,1030242)
(1029986,1030249)
(1029986,1030259)
(1029986,1030269)
(1029986,1030274)
(1029986,1030292)
(1029986,1030301)
(1029986,1030307)
(1029986,1030314)
(1029986,1030331)
(1029986,1030341)
(1029986,1030352)
(1029986,1030368)
(1029986,1030373)
(1029986,1030382)
(1029986,1030389)
(1029986,1030396)
(1029986,1030413)
(1029986,1030415)
(1029986,1030420)
(1029986,1030426)
(1029986,1030433)
(1029986,1030440)
(1029986,1030444)
(1029986,1030454)
(1029986,1030455)
(1029986,1030467)
(1029986,1030471)
(1029986,1030476)
(1029986,1030479)
(1029986,1030485)
(1029994,1030003)
(1029994,1030011)
(1029994,1030017)
(1029994,1030032)
(1029994,1030034)
(1029994,1030055)
(1029994,1030067)
(1029994,1030076)
(1029994,1030082)
(1029994,1030088)
(1029994,1030102)
(1029994,1030113)
(1029994,1030116)
(1029994,1030127)
(1029994,1030132)
(1029994,1030144)
(1029994,1030160)
(1029994,1030162)
(1029994,1030175)
(1029994,1030183)
(1029994,1030191)
(1029994,1030201)
(1029994,1030209)
(1029994,1030212)
(1029994,1030218)
(1029994,1030230)
(1029994,1030242)
(1029994,1030249)
(1029994,1030259)
(1029994,1030269)
(1029994,1030274)
(1029994,1030292)
(1029994,1030301)
(1029994,1030307)
(1029994,1030314)
(1029994,1030331)
(1029994,1030341)
(1029994,1030352)
(1029994,1030368)
(1029994,1030373)
(1029994,1030382)
(1029994,1030389)
(1029994,1030396)
(1029994,1030413)
(1029994,1030415)
(1029994,1030420)
(1029994,1030426)
(1029994,1030433)
(1029994,1030440)
(1029994,1030444)
(1029994,1030454)
(1029994,1030455)
(1029994,1030467)
(1029994,1030471)
(1029994,1030476)
(1029994,1030479)
(1029994,1030485)
(1030003,1030011)
(1030003,1030017)
(1030003,1030032)
(1030003,1030034)
(1030003,1030055)
(1030003,1030067)
(1030003,1030076)
(1030003,1030082)
(1030003,1030088)
(1030003,1030102)
(1030003,1030113)
(1030003,1030116)
(1030003,1030127)
(1030003,1030132)
(1030003,1030144)
(1030003,1030160)
(1030003,1030162)
(1030003,1030175)
(1030003,1030183)
(1030003,1030191)
(1030003,1030201)
(1030003,1030209)
(1030003,1030212)
(1030003,1030218)
(1030003,1030230)
(1030003,1030242)
(1030003,1030249)
(1030003,1030259)
(1030003,1030269)
(1030003,1030274)
(1030003,1030292)
(1030003,1030301)
(1030003,1030307)
(1030003,1030314)
(1030003,1030331)
(1030003,1030341)
(1030003,1030352)
(1030003,1030368)
(1030003,1030373)
(1030003,1030382)
(1030003,1030389)
(1030003,1030396)
(1030003,1030413)
(1030003,1030415)
(1030003,1030420)
(1030003,1030426)
(1030003,1030433)
(1030003,1030440)
(1030003,1030444)
(1030003,1030454)
(1030003,1030455)
(1030003,1030467)
(1030003,1030471)
(1030003,1030476)
(1030003,1030479)
(1030003,1030485)
(1030011,1030017)
(1030011,1030032)
(1030011,1030034)
(1030011,1030055)
(1030011,1030067)
(1030011,1030076)
(1030011,1030082)
(1030011,1030088)
(1030011,1030102)
(1030011,1030113)
(1030011,1030116)
(1030011,1030127)
(1030011,1030132)
(1030011,1030144)
(1030011,1030160)
(1030011,1030162)
(1030011,1030175)
(1030011,1030183)
(1030011,1030191)
(1030011,1030201)
(1030011,1030209)
(1030011,1030212)
(1030011,1030218)
(1030011,1030230)
(1030011,1030242)
(1030011,1030249)
(1030011,1030259)
(1030011,1030269)
(1030011,1030274)
(1030011,1030292)
(1030011,1030301)
(1030011,1030307)
(1030011,1030314)
(1030011,1030331)
(1030011,1030341)
(1030011,1030352)
(1030011,1030368)
(1030011,1030373)
(1030011,1030382)
(1030011,1030389)
(1030011,1030396)
(1030011,1030413)
(1030011,1030415)
(1030011,1030420)
(1030011,1030426)
(1030011,1030433)
(1030011,1030440)
(1030011,1030444)
(1030011,1030454)
(1030011,1030455)
(1030011,1030467)
(1030011,1030471)
(1030011,1030476)
(1030011,1030479)
(1030011,1030485)
(1030017,1030032)
(1030017,1030034)
(1030017,1030055)
(1030017,1030067)
(1030017,1030076)
(1030017,1030082)
(1030017,1030088)
(1030017,1030102)
(1030017,1030113)
(1030017,1030116)
(1030017,1030127)
(1030017,1030132)
(1030017,1030144)
(1030017,1030160)
(1030017,1030162)
(1030017,1030175)
(1030017,1030183)
(1030017,1030191)
(1030017,1030201)
(1030017,1030209)
(1030017,1030212)
(1030017,1030218)
(1030017,1030230)
(1030017,1030242)
(1030017,1030249)
(1030017,1030259)
(1030017,1030269)
(1030017,1030274)
(1030017,1030292)
(1030017,1030301)
(1030017,1030307)
(1030017,1030314)
(1030017,1030331)
(1030017,1030341)
(1030017,1030352)
(1030017,1030368)
(1030017,1030373)
(1030017,1030382)
(1030017,1030389)
(1030017,1030396)
(1030017,1030413)
(1030017,1030415)
(1030017,1030420)
(1030017,1030426)
(1030017,1030433)
(1030017,1030440)
(1030017,1030444)
(1030017,1030454)
(1030017,1030455)
(1030017,1030467)
(1030017,1030471)
(1030017,1030476)
(1030017,1030479)
(1030017,1030485)
(1030032,1030034)
(1030032,1030055)
(1030032,1030067)
(1030032,1030076)
(1030032,1030082)
(1030032,1030088)
(1030032,1030102)
(1030032,1030113)
(1030032,1030116)
(1030032,1030127)
(1030032,1030132)
(1030032,1030144)
(1030032,1030160)
(1030032,1030162)
(1030032,1030175)
(1030032,1030183)
(1030032,1030191)
(1030032,1030201)
(1030032,1030209)
(1030032,1030212)
(1030032,1030218)
(1030032,1030230)
(1030032,1030242)
(1030032,1030249)
(1030032,1030259)
(1030032,1030269)
(1030032,1030274)
(1030032,1030292)
(1030032,1030301)
(1030032,1030307)
(1030032,1030314)
(1030032,1030331)
(1030032,1030341)
(1030032,1030352)
(1030032,1030368)
(1030032,1030373)
(1030032,1030382)
(1030032,1030389)
(1030032,1030396)
(1030032,1030413)
(1030032,1030415)
(1030032,1030420)
(1030032,1030426)
(1030032,1030433)
(1030032,1030440)
(1030032,1030444)
(1030032,1030454)
(1030032,1030455)
(1030032,1030467)
(1030032,1030471)
(1030032,1030476)
(1030032,1030479)
(1030032,1030485)
(1030034,1030055)
(1030034,1030067)
(1030034,1030076)
(1030034,1030082)
(1030034,1030088)
(1030034,1030102)
(1030034,1030113)
(1030034,1030116)
(1030034,1030127)
(1030034,1030132)
(1030034,1030144)
(1030034,1030160)
(1030034,1030162)
(1030034,1030175)
(1030034,1030183)
(1030034,1030191)
(1030034,1030201)
(1030034,1030209)
(1030034,1030212)
(1030034,1030218)
(1030034,1030230)
(1030034,1030242)
(1030034,1030249)
(1030034,1030259)
(1030034,1030269)
(1030034,1030274)
(1030034,1030292)
(1030034,1030301)
(1030034,1030307)
(1030034,1030314)
(1030034,1030331)
(1030034,1030341)
(1030034,1030352)
(1030034,1030368)
(1030034,1030373)
(1030034,1030382)
(1030034,1030389)
(1030034,1030396)
(1030034,1030413)
(1030034,1030415)
(1030034,1030420)
(1030034,1030426)
(1030034,1030433)
(1030034,1030440)
(1030034,1030444)
(1030034,1030454)
(1030034,1030455)
(1030034,1030467)
(1030034,1030471)
(1030034,1030476)
(1030034,1030479)
(1030034,1030485)
(1030055,1030067)
(1030055,1030076)
(1030055,1030082)
(1030055,1030088)
(1030055,1030102)
(1030055,1030113)
(1030055,1030116)
(1030055,1030127)
(1030055,1030132)
(1030055,1030144)
(1030055,1030160)
(1030055,1030162)
(1030055,1030175)
(1030055,1030183)
(1030055,1030191)
(1030055,1030201)
(1030055,1030209)
(1030055,1030212)
(1030055,1030218)
(1030055,1030230)
(1030055,1030242)
(1030055,1030249)
(1030055,1030259)
(1030055,1030269)
(1030055,1030274)
(1030055,1030292)
(1030055,1030301)
(1030055,1030307)
(1030055,1030314)
(1030055,1030331)
(1030055,1030341)
(1030055,1030352)
(1030055,1030368)
(1030055,1030373)
(1030055,1030382)
(1030055,1030389)
(1030055,1030396)
(1030055,1030413)
(1030055,1030415)
(1030055,1030420)
(1030055,1030426)
(1030055,1030433)
(1030055,1030440)
(1030055,1030444)
(1030055,1030454)
(1030055,1030455)
(1030055,1030467)
(1030055,1030471)
(1030055,1030476)
(1030055,1030479)
(1030055,1030485)
(1030067,1030076)
(1030067,1030082)
(1030067,1030088)
(1030067,1030102)
(1030067,1030113)
(1030067,1030116)
(1030067,1030127)
(1030067,1030132)
(1030067,1030144)
(1030067,1030160)
(1030067,1030162)
(1030067,1030175)
(1030067,1030183)
(1030067,1030191)
(1030067,1030201)
(1030067,1030209)
(1030067,1030212)
(1030067,1030218)
(1030067,1030230)
(1030067,1030242)
(1030067,1030249)
(1030067,1030259)
(1030067,1030269)
(1030067,1030274)
(1030067,1030292)
(1030067,1030301)
(1030067,1030307)
(1030067,1030314)
(1030067,1030331)
(1030067,1030341)
(1030067,1030352)
(1030067,1030368)
(1030067,1030373)
(1030067,1030382)
(1030067,1030389)
(1030067,1030396)
(1030067,1030413)
(1030067,1030415)
(1030067,1030420)
(1030067,1030426)
(1030067,1030433)
(1030067,1030440)
(1030067,1030444)
(1030067,1030454)
(1030067,1030455)
(1030067,1030467)
(1030067,1030471)
(1030067,1030476)
(1030067,1030479)
(1030067,1030485)
(1030076,1030082)
(1030076,1030088)
(1030076,1030102)
(1030076,1030113)
(1030076,1030116)
(1030076,1030127)
(1030076,1030132)
(1030076,1030144)
(1030076,1030160)
(1030076,1030162)
(1030076,1030175)
(1030076,1030183)
(1030076,1030191)
(1030076,1030201)
(1030076,1030209)
(1030076,1030212)
(1030076,1030218)
(1030076,1030230)
(1030076,1030242)
(1030076,1030249)
(1030076,1030259)
(1030076,1030269)
(1030076,1030274)
(1030076,1030292)
(1030076,1030301)
(1030076,1030307)
(1030076,1030314)
(1030076,1030331)
(1030076,1030341)
(1030076,1030352)
(1030076,1030368)
(1030076,1030373)
(1030076,1030382)
(1030076,1030389)
(1030076,1030396)
(1030076,1030413)
(1030076,1030415)
(1030076,1030420)
(1030076,1030426)
(1030076,1030433)
(1030076,1030440)
(1030076,1030444)
(1030076,1030454)
(1030076,1030455)
(1030076,1030467)
(1030076,1030471)
(1030076,1030476)
(1030076,1030479)
(1030076,1030485)
(1030082,1030088)
(1030082,1030102)
(1030082,1030113)
(1030082,1030116)
(1030082,1030127)
(1030082,1030132)
(1030082,1030144)
(1030082,1030160)
(1030082,1030162)
(1030082,1030175)
(1030082,1030183)
(1030082,1030191)
(1030082,1030201)
(1030082,1030209)
(1030082,1030212)
(1030082,1030218)
(1030082,1030230)
(1030082,1030242)
(1030082,1030249)
(1030082,1030259)
(1030082,1030269)
(1030082,1030274)
(1030082,1030292)
(1030082,1030301)
(1030082,1030307)
(1030082,1030314)
(1030082,1030331)
(1030082,1030341)
(1030082,1030352)
(1030082,1030368)
(1030082,1030373)
(1030082,1030382)
(1030082,1030389)
(1030082,1030396)
(1030082,1030413)
(1030082,1030415)
(1030082,1030420)
(1030082,1030426)
(1030082,1030433)
(1030082,1030440)
(1030082,1030444)
(1030082,1030454)
(1030082,1030455)
(1030082,1030467)
(1030082,1030471)
(1030082,1030476)
(1030082,1030479)
(1030082,1030485)
(1030088,1030102)
(1030088,1030113)
(1030088,1030116)
(1030088,1030127)
(1030088,1030132)
(1030088,1030144)
(1030088,1030160)
(1030088,1030162)
(1030088,1030175)
(1030088,1030183)
(1030088,1030191)
(1030088,1030201)
(1030088,1030209)
(1030088,1030212)
(1030088,1030218)
(1030088,1030230)
(1030088,1030242)
(1030088,1030249)
(1030088,1030259)
(1030088,1030269)
(1030088,1030274)
(1030088,1030292)
(1030088,1030301)
(1030088,1030307)
(1030088,1030314)
(1030088,1030331)
(1030088,1030341)
(1030088,1030352)
(1030088,1030368)
(1030088,1030373)
(1030088,1030382)
(1030088,1030389)
(1030088,1030396)
(1030088,1030413)
(1030088,1030415)
(1030088,1030420)
(1030088,1030426)
(1030088,1030433)
(1030088,1030440)
(1030088,1030444)
(1030088,1030454)
(1030088,1030455)
(1030088,1030467)
(1030088,1030471)
(1030088,1030476)
(1030088,1030479)
(1030088,1030485)
(1030102,1030113)
(1030102,1030116)
(1030102,1030127)
(1030102,1030132)
(1030102,1030144)
(1030102,1030160)
(1030102,1030162)
(1030102,1030175)
(1030102,1030183)
(1030102,1030191)
(1030102,1030201)
(1030102,1030209)
(1030102,1030212)
(1030102,1030218)
(1030102,1030230)
(1030102,1030242)
(1030102,1030249)
(1030102,1030259)
(1030102,1030269)
(1030102,1030274)
(1030102,1030292)
(1030102,1030301)
(1030102,1030307)
(1030102,1030314)
(1030102,1030331)
(1030102,1030341)
(1030102,1030352)
(1030102,1030368)
(1030102,1030373)
(1030102,1030382)
(1030102,1030389)
(1030102,1030396)
(1030102,1030413)
(1030102,1030415)
(1030102,1030420)
(1030102,1030426)
(1030102,1030433)
(1030102,1030440)
(1030102,1030444)
(1030102,1030454)
(1030102,1030455)
(1030102,1030467)
(1030102,1030471)
(1030102,1030476)
(1030102,1030479)
(1030102,1030485)
(1030113,1030116)
(1030113,1030127)
(1030113,1030132)
(1030113,1030144)
(1030113,1030160)
(1030113,1030162)
(1030113,1030175)
(1030113,1030183)
(1030113,1030191)
(1030113,1030201)
(1030113,1030209)
(1030113,1030212)
(1030113,1030218)
(1030113,1030230)
(1030113,1030242)
(1030113,1030249)
(1030113,1030259)
(1030113,1030269)
(1030113,1030274)
(1030113,1030292)
(1030113,1030301)
(1030113,1030307)
(1030113,1030314)
(1030113,1030331)
(1030113,1030341)
(1030113,1030352)
(1030113,1030368)
(1030113,1030373)
(1030113,1030382)
(1030113,1030389)
(1030113,1030396)
(1030113,1030413)
(1030113,1030415)
(1030113,1030420)
(1030113,1030426)
(1030113,1030433)
(1030113,1030440)
(1030113,1030444)
(1030113,1030454)
(1030113,1030455)
(1030113,1030467)
(1030113,1030471)
(1030113,1030476)
(1030113,1030479)
(1030113,1030485)
(1030116,1030127)
(1030116,1030132)
(1030116,1030144)
(1030116,1030160)
(1030116,1030162)
(1030116,1030175)
(1030116,1030183)
(1030116,1030191)
(1030116,1030201)
(1030116,1030209)
(1030116,1030212)
(1030116,1030218)
(1030116,1030230)
(1030116,1030242)
(1030116,1030249)
(1030116,1030259)
(1030116,1030269)
(1030116,1030274)
(1030116,1030292)
(1030116,1030301)
(1030116,1030307)
(1030116,1030314)
(1030116,1030331)
(1030116,1030341)
(1030116,1030352)
(1030116,1030368)
(1030116,1030373)
(1030116,1030382)
(1030116,1030389)
(1030116,1030396)
(1030116,1030413)
(1030116,1030415)
(1030116,1030420)
(1030116,1030426)
(1030116,1030433)
(1030116,1030440)
(1030116,1030444)
(1030116,1030454)
(1030116,1030455)
(1030116,1030467)
(1030116,1030471)
(1030116,1030476)
(1030116,1030479)
(1030116,1030485)
(1030127,1030132)
(1030127,1030144)
(1030127,1030160)
(1030127,1030162)
(1030127,1030175)
(1030127,1030183)
(1030127,1030191)
(1030127,1030201)
(1030127,1030209)
(1030127,1030212)
(1030127,1030218)
(1030127,1030230)
(1030127,1030242)
(1030127,1030249)
(1030127,1030259)
(1030127,1030269)
(1030127,1030274)
(1030127,1030292)
(1030127,1030301)
(1030127,1030307)
(1030127,1030314)
(1030127,1030331)
(1030127,1030341)
(1030127,1030352)
(1030127,1030368)
(1030127,1030373)
(1030127,1030382)
(1030127,1030389)
(1030127,1030396)
(1030127,1030413)
(1030127,1030415)
(1030127,1030420)
(1030127,1030426)
(1030127,1030433)
(1030127,1030440)
(1030127,1030444)
(1030127,1030454)
(1030127,1030455)
(1030127,1030467)
(1030127,1030471)
(1030127,1030476)
(1030127,1030479)
(1030127,1030485)
(1030132,1030144)
(1030132,1030160)
(1030132,1030162)
(1030132,1030175)
(1030132,1030183)
(1030132,1030191)
(1030132,1030201)
(1030132,1030209)
(1030132,1030212)
(1030132,1030218)
(1030132,1030230)
(1030132,1030242)
(1030132,1030249)
(1030132,1030259)
(1030132,1030269)
(1030132,1030274)
(1030132,1030292)
(1030132,1030301)
(1030132,1030307)
(1030132,1030314)
(1030132,1030331)
(1030132,1030341)
(1030132,1030352)
(1030132,1030368)
(1030132,1030373)
(1030132,1030382)
(1030132,1030389)
(1030132,1030396)
(1030132,1030413)
(1030132,1030415)
(1030132,1030420)
(1030132,1030426)
(1030132,1030433)
(1030132,1030440)
(1030132,1030444)
(1030132,1030454)
(1030132,1030455)
(1030132,1030467)
(1030132,1030471)
(1030132,1030476)
(1030132,1030479)
(1030132,1030485)
(1030144,1030160)
(1030144,1030162)
(1030144,1030175)
(1030144,1030183)
(1030144,1030191)
(1030144,1030201)
(1030144,1030209)
(1030144,1030212)
(1030144,1030218)
(1030144,1030230)
(1030144,1030242)
(1030144,1030249)
(1030144,1030259)
(1030144,1030269)
(1030144,1030274)
(1030144,1030292)
(1030144,1030301)
(1030144,1030307)
(1030144,1030314)
(1030144,1030331)
(1030144,1030341)
(1030144,1030352)
(1030144,1030368)
(1030144,1030373)
(1030144,1030382)
(1030144,1030389)
(1030144,1030396)
(1030144,1030413)
(1030144,1030415)
(1030144,1030420)
(1030144,1030426)
(1030144,1030433)
(1030144,1030440)
(1030144,1030444)
(1030144,1030454)
(1030144,1030455)
(1030144,1030467)
(1030144,1030471)
(1030144,1030476)
(1030144,1030479)
(1030144,1030485)
(1030160,1030162)
(1030160,1030175)
(1030160,1030183)
(1030160,1030191)
(1030160,1030201)
(1030160,1030209)
(1030160,1030212)
(1030160,1030218)
(1030160,1030230)
(1030160,1030242)
(1030160,1030249)
(1030160,1030259)
(1030160,1030269)
(1030160,1030274)
(1030160,1030292)
(1030160,1030301)
(1030160,1030307)
(1030160,1030314)
(1030160,1030331)
(1030160,1030341)
(1030160,1030352)
(1030160,1030368)
(1030160,1030373)
(1030160,1030382)
(1030160,1030389)
(1030160,1030396)
(1030160,1030413)
(1030160,1030415)
(1030160,1030420)
(1030160,1030426)
(1030160,1030433)
(1030160,1030440)
(1030160,1030444)
(1030160,1030454)
(1030160,1030455)
(1030160,1030467)
(1030160,1030471)
(1030160,1030476)
(1030160,1030479)
(1030160,1030485)
(1030162,1030175)
(1030162,1030183)
(1030162,1030191)
(1030162,1030201)
(1030162,1030209)
(1030162,1030212)
(1030162,1030218)
(1030162,1030230)
(1030162,1030242)
(1030162,1030249)
(1030162,1030259)
(1030162,1030269)
(1030162,1030274)
(1030162,1030292)
(1030162,1030301)
(1030162,1030307)
(1030162,1030314)
(1030162,1030331)
(1030162,1030341)
(1030162,1030352)
(1030162,1030368)
(1030162,1030373)
(1030162,1030382)
(1030162,1030389)
(1030162,1030396)
(1030162,1030413)
(1030162,1030415)
(1030162,1030420)
(1030162,1030426)
(1030162,1030433)
(1030162,1030440)
(1030162,1030444)
(1030162,1030454)
(1030162,1030455)
(1030162,1030467)
(1030162,1030471)
(1030162,1030476)
(1030162,1030479)
(1030162,1030485)
(1030175,1030183)
(1030175,1030191)
(1030175,1030201)
(1030175,1030209)
(1030175,1030212)
(1030175,1030218)
(1030175,1030230)
(1030175,1030242)
(1030175,1030249)
(1030175,1030259)
(1030175,1030269)
(1030175,1030274)
(1030175,1030292)
(1030175,1030301)
(1030175,1030307)
(1030175,1030314)
(1030175,1030331)
(1030175,1030341)
(1030175,1030352)
(1030175,1030368)
(1030175,1030373)
(1030175,1030382)
(1030175,1030389)
(1030175,1030396)
(1030175,1030413)
(1030175,1030415)
(1030175,1030420)
(1030175,1030426)
(1030175,1030433)
(1030175,1030440)
(1030175,1030444)
(1030175,1030454)
(1030175,1030455)
(1030175,1030467)
(1030175,1030471)
(1030175,1030476)
(1030175,1030479)
(1030175,1030485)
(1030183,1030191)
(1030183,1030201)
(1030183,1030209)
(1030183,1030212)
(1030183,1030218)
(1030183,1030230)
(1030183,1030242)
(1030183,1030249)
(1030183,1030259)
(1030183,1030269)
(1030183,1030274)
(1030183,1030292)
(1030183,1030301)
(1030183,1030307)
(1030183,1030314)
(1030183,1030331)
(1030183,1030341)
(1030183,1030352)
(1030183,1030368)
(1030183,1030373)
(1030183,1030382)
(1030183,1030389)
(1030183,1030396)
(1030183,1030413)
(1030183,1030415)
(1030183,1030420)
(1030183,1030426)
(1030183,1030433)
(1030183,1030440)
(1030183,1030444)
(1030183,1030454)
(1030183,1030455)
(1030183,1030467)
(1030183,1030471)
(1030183,1030476)
(1030183,1030479)
(1030183,1030485)
(1030191,1030201)
(1030191,1030209)
(1030191,1030212)
(1030191,1030218)
(1030191,1030230)
(1030191,1030242)
(1030191,1030249)
(1030191,1030259)
(1030191,1030269)
(1030191,1030274)
(1030191,1030292)
(1030191,1030301)
(1030191,1030307)
(1030191,1030314)
(1030191,1030331)
(1030191,1030341)
(1030191,1030352)
(1030191,1030368)
(1030191,1030373)
(1030191,1030382)
(1030191,1030389)
(1030191,1030396)
(1030191,1030413)
(1030191,1030415)
(1030191,1030420)
(1030191,1030426)
(1030191,1030433)
(1030191,1030440)
(1030191,1030444)
(1030191,1030454)
(1030191,1030455)
(1030191,1030467)
(1030191,1030471)
(1030191,1030476)
(1030191,1030479)
(1030191,1030485)
(1030201,1030209)
(1030201,1030212)
(1030201,1030218)
(1030201,1030230)
(1030201,1030242)
(1030201,1030249)
(1030201,1030259)
(1030201,1030269)
(1030201,1030274)
(1030201,1030292)
(1030201,1030301)
(1030201,1030307)
(1030201,1030314)
(1030201,1030331)
(1030201,1030341)
(1030201,1030352)
(1030201,1030368)
(1030201,1030373)
(1030201,1030382)
(1030201,1030389)
(1030201,1030396)
(1030201,1030413)
(1030201,1030415)
(1030201,1030420)
(1030201,1030426)
(1030201,1030433)
(1030201,1030440)
(1030201,1030444)
(1030201,1030454)
(1030201,1030455)
(1030201,1030467)
(1030201,1030471)
(1030201,1030476)
(1030201,1030479)
(1030201,1030485)
(1030209,1030212)
(1030209,1030218)
(1030209,1030230)
(1030209,1030242)
(1030209,1030249)
(1030209,1030259)
(1030209,1030269)
(1030209,1030274)
(1030209,1030292)
(1030209,1030301)
(1030209,1030307)
(1030209,1030314)
(1030209,1030331)
(1030209,1030341)
(1030209,1030352)
(1030209,1030368)
(1030209,1030373)
(1030209,1030382)
(1030209,1030389)
(1030209,1030396)
(1030209,1030413)
(1030209,1030415)
(1030209,1030420)
(1030209,1030426)
(1030209,1030433)
(1030209,1030440)
(1030209,1030444)
(1030209,1030454)
(1030209,1030455)
(1030209,1030467)
(1030209,1030471)
(1030209,1030476)
(1030209,1030479)
(1030209,1030485)
(1030212,1030218)
(1030212,1030230)
(1030212,1030242)
(1030212,1030249)
(1030212,1030259)
(1030212,1030269)
(1030212,1030274)
(1030212,1030292)
(1030212,1030301)
(1030212,1030307)
(1030212,1030314)
(1030212,1030331)
(1030212,1030341)
(1030212,1030352)
(1030212,1030368)
(1030212,1030373)
(1030212,1030382)
(1030212,1030389)
(1030212,1030396)
(1030212,1030413)
(1030212,1030415)
(1030212,1030420)
(1030212,1030426)
(1030212,1030433)
(1030212,1030440)
(1030212,1030444)
(1030212,1030454)
(1030212,1030455)
(1030212,1030467)
(1030212,1030471)
(1030212,1030476)
(1030212,1030479)
(1030212,1030485)
(1030218,1030230)
(1030218,1030242)
(1030218,1030249)
(1030218,1030259)
(1030218,1030269)
(1030218,1030274)
(1030218,1030292)
(1030218,1030301)
(1030218,1030307)
(1030218,1030314)
(1030218,1030331)
(1030218,1030341)
(1030218,1030352)
(1030218,1030368)
(1030218,1030373)
(1030218,1030382)
(1030218,1030389)
(1030218,1030396)
(1030218,1030413)
(1030218,1030415)
(1030218,1030420)
(1030218,1030426)
(1030218,1030433)
(1030218,1030440)
(1030218,1030444)
(1030218,1030454)
(1030218,1030455)
(1030218,1030467)
(1030218,1030471)
(1030218,1030476)
(1030218,1030479)
(1030218,1030485)
(1030230,1030242)
(1030230,1030249)
(1030230,1030259)
(1030230,1030269)
(1030230,1030274)
(1030230,1030292)
(1030230,1030301)
(1030230,1030307)
(1030230,1030314)
(1030230,1030331)
(1030230,1030341)
(1030230,1030352)
(1030230,1030368)
(1030230,1030373)
(1030230,1030382)
(1030230,1030389)
(1030230,1030396)
(1030230,1030413)
(1030230,1030415)
(1030230,1030420)
(1030230,1030426)
(1030230,1030433)
(1030230,1030440)
(1030230,1030444)
(1030230,1030454)
(1030230,1030455)
(1030230,1030467)
(1030230,1030471)
(1030230,1030476)
(1030230,1030479)
(1030230,1030485)
(1030242,1030249)
(1030242,1030259)
(1030242,1030269)
(1030242,1030274)
(1030242,1030292)
(1030242,1030301)
(1030242,1030307)
(1030242,1030314)
(1030242,1030331)
(1030242,1030341)
(1030242,1030352)
(1030242,1030368)
(1030242,1030373)
(1030242,1030382)
(1030242,1030389)
(1030242,1030396)
(1030242,1030413)
(1030242,1030415)
(1030242,1030420)
(1030242,1030426)
(1030242,1030433)
(1030242,1030440)
(1030242,1030444)
(1030242,1030454)
(1030242,1030455)
(1030242,1030467)
(1030242,1030471)
(1030242,1030476)
(1030242,1030479)
(1030242,1030485)
(1030249,1030259)
(1030249,1030269)
(1030249,1030274)
(1030249,1030292)
(1030249,1030301)
(1030249,1030307)
(1030249,1030314)
(1030249,1030331)
(1030249,1030341)
(1030249,1030352)
(1030249,1030368)
(1030249,1030373)
(1030249,1030382)
(1030249,1030389)
(1030249,1030396)
(1030249,1030413)
(1030249,1030415)
(1030249,1030420)
(1030249,1030426)
(1030249,1030433)
(1030249,1030440)
(1030249,1030444)
(1030249,1030454)
(1030249,1030455)
(1030249,1030467)
(1030249,1030471)
(1030249,1030476)
(1030249,1030479)
(1030249,1030485)
(1030259,1030269)
(1030259,1030274)
(1030259,1030292)
(1030259,1030301)
(1030259,1030307)
(1030259,1030314)
(1030259,1030331)
(1030259,1030341)
(1030259,1030352)
(1030259,1030368)
(1030259,1030373)
(1030259,1030382)
(1030259,1030389)
(1030259,1030396)
(1030259,1030413)
(1030259,1030415)
(1030259,1030420)
(1030259,1030426)
(1030259,1030433)
(1030259,1030440)
(1030259,1030444)
(1030259,1030454)
(1030259,1030455)
(1030259,1030467)
(1030259,1030471)
(1030259,1030476)
(1030259,1030479)
(1030259,1030485)
(1030269,1030274)
(1030269,1030292)
(1030269,1030301)
(1030269,1030307)
(1030269,1030314)
(1030269,1030331)
(1030269,1030341)
(1030269,1030352)
(1030269,1030368)
(1030269,1030373)
(1030269,1030382)
(1030269,1030389)
(1030269,1030396)
(1030269,1030413)
(1030269,1030415)
(1030269,1030420)
(1030269,1030426)
(1030269,1030433)
(1030269,1030440)
(1030269,1030444)
(1030269,1030454)
(1030269,1030455)
(1030269,1030467)
(1030269,1030471)
(1030269,1030476)
(1030269,1030479)
(1030269,1030485)
(1030274,1030292)
(1030274,1030301)
(1030274,1030307)
(1030274,1030314)
(1030274,1030331)
(1030274,1030341)
(1030274,1030352)
(1030274,1030368)
(1030274,1030373)
(1030274,1030382)
(1030274,1030389)
(1030274,1030396)
(1030274,1030413)
(1030274,1030415)
(1030274,1030420)
(1030274,1030426)
(1030274,1030433)
(1030274,1030440)
(1030274,1030444)
(1030274,1030454)
(1030274,1030455)
(1030274,1030467)
(1030274,1030471)
(1030274,1030476)
(1030274,1030479)
(1030274,1030485)
(1030292,1030301)
(1030292,1030307)
(1030292,1030314)
(1030292,1030331)
(1030292,1030341)
(1030292,1030352)
(1030292,1030368)
(1030292,1030373)
(1030292,1030382)
(1030292,1030389)
(1030292,1030396)
(1030292,1030413)
(1030292,1030415)
(1030292,1030420)
(1030292,1030426)
(1030292,1030433)
(1030292,1030440)
(1030292,1030444)
(1030292,1030454)
(1030292,1030455)
(1030292,1030467)
(1030292,1030471)
(1030292,1030476)
(1030292,1030479)
(1030292,1030485)
(1030301,1030307)
(1030301,1030314)
(1030301,1030331)
(1030301,1030341)
(1030301,1030352)
(1030301,1030368)
(1030301,1030373)
(1030301,1030382)
(1030301,1030389)
(1030301,1030396)
(1030301,1030413)
(1030301,1030415)
(1030301,1030420)
(1030301,1030426)
(1030301,1030433)
(1030301,1030440)
(1030301,1030444)
(1030301,1030454)
(1030301,1030455)
(1030301,1030467)
(1030301,1030471)
(1030301,1030476)
(1030301,1030479)
(1030301,1030485)
(1030307,1030314)
(1030307,1030331)
(1030307,1030341)
(1030307,1030352)
(1030307,1030368)
(1030307,1030373)
(1030307,1030382)
(1030307,1030389)
(1030307,1030396)
(1030307,1030413)
(1030307,1030415)
(1030307,1030420)
(1030307,1030426)
(1030307,1030433)
(1030307,1030440)
(1030307,1030444)
(1030307,1030454)
(1030307,1030455)
(1030307,1030467)
(1030307,1030471)
(1030307,1030476)
(1030307,1030479)
(1030307,1030485)
(1030314,1030331)
(1030314,1030341)
(1030314,1030352)
(1030314,1030368)
(1030314,1030373)
(1030314,1030382)
(1030314,1030389)
(1030314,1030396)
(1030314,1030413)
(1030314,1030415)
(1030314,1030420)
(1030314,1030426)
(1030314,1030433)
(1030314,1030440)
(1030314,1030444)
(1030314,1030454)
(1030314,1030455)
(1030314,1030467)
(1030314,1030471)
(1030314,1030476)
(1030314,1030479)
(1030314,1030485)
(1030331,1030341)
(1030331,1030352)
(1030331,1030368)
(1030331,1030373)
(1030331,1030382)
(1030331,1030389)
(1030331,1030396)
(1030331,1030413)
(1030331,1030415)
(1030331,1030420)
(1030331,1030426)
(1030331,1030433)
(1030331,1030440)
(1030331,1030444)
(1030331,1030454)
(1030331,1030455)
(1030331,1030467)
(1030331,1030471)
(1030331,1030476)
(1030331,1030479)
(1030331,1030485)
(1030341,1030352)
(1030341,1030368)
(1030341,1030373)
(1030341,1030382)
(1030341,1030389)
(1030341,1030396)
(1030341,1030413)
(1030341,1030415)
(1030341,1030420)
(1030341,1030426)
(1030341,1030433)
(1030341,1030440)
(1030341,1030444)
(1030341,1030454)
(1030341,1030455)
(1030341,1030467)
(1030341,1030471)
(1030341,1030476)
(1030341,1030479)
(1030341,1030485)
(1030352,1030368)
(1030352,1030373)
(1030352,1030382)
(1030352,1030389)
(1030352,1030396)
(1030352,1030413)
(1030352,1030415)
(1030352,1030420)
(1030352,1030426)
(1030352,1030433)
(1030352,1030440)
(1030352,1030444)
(1030352,1030454)
(1030352,1030455)
(1030352,1030467)
(1030352,1030471)
(1030352,1030476)
(1030352,1030479)
(1030352,1030485)
(1030368,1030373)
(1030368,1030382)
(1030368,1030389)
(1030368,1030396)
(1030368,1030413)
(1030368,1030415)
(1030368,1030420)
(1030368,1030426)
(1030368,1030433)
(1030368,1030440)
(1030368,1030444)
(1030368,1030454)
(1030368,1030455)
(1030368,1030467)
(1030368,1030471)
(1030368,1030476)
(1030368,1030479)
(1030368,1030485)
(1030373,1030382)
(1030373,1030389)
(1030373,1030396)
(1030373,1030413)
(1030373,1030415)
(1030373,1030420)
(1030373,1030426)
(1030373,1030433)
(1030373,1030440)
(1030373,1030444)
(1030373,1030454)
(1030373,1030455)
(1030373,1030467)
(1030373,1030471)
(1030373,1030476)
(1030373,1030479)
(1030373,1030485)
(1030382,1030389)
(1030382,1030396)
(1030382,1030413)
(1030382,1030415)
(1030382,1030420)
(1030382,1030426)
(1030382,1030433)
(1030382,1030440)
(1030382,1030444)
(1030382,1030454)
(1030382,1030455)
(1030382,1030467)
(1030382,1030471)
(1030382,1030476)
(1030382,1030479)
(1030382,1030485)
(1030389,1030396)
(1030389,1030413)
(1030389,1030415)
(1030389,1030420)
(1030389,1030426)
(1030389,1030433)
(1030389,1030440)
(1030389,1030444)
(1030389,1030454)
(1030389,1030455)
(1030389,1030467)
(1030389,1030471)
(1030389,1030476)
(1030389,1030479)
(1030389,1030485)
(1030396,1030413)
(1030396,1030415)
(1030396,1030420)
(1030396,1030426)
(1030396,1030433)
(1030396,1030440)
(1030396,1030444)
(1030396,1030454)
(1030396,1030455)
(1030396,1030467)
(1030396,1030471)
(1030396,1030476)
(1030396,1030479)
(1030396,1030485)
(1030413,1030415)
(1030413,1030420)
(1030413,1030426)
(1030413,1030433)
(1030413,1030440)
(1030413,1030444)
(1030413,1030454)
(1030413,1030455)
(1030413,1030467)
(1030413,1030471)
(1030413,1030476)
(1030413,1030479)
(1030413,1030485)
(1030415,1030420)
(1030415,1030426)
(1030415,1030433)
(1030415,1030440)
(1030415,1030444)
(1030415,1030454)
(1030415,1030455)
(1030415,1030467)
(1030415,1030471)
(1030415,1030476)
(1030415,1030479)
(1030415,1030485)
(1030420,1030426)
(1030420,1030433)
(1030420,1030440)
(1030420,1030444)
(1030420,1030454)
(1030420,1030455)
(1030420,1030467)
(1030420,1030471)
(1030420,1030476)
(1030420,1030479)
(1030420,1030485)
(1030426,1030433)
(1030426,1030440)
(1030426,1030444)
(1030426,1030454)
(1030426,1030455)
(1030426,1030467)
(1030426,1030471)
(1030426,1030476)
(1030426,1030479)
(1030426,1030485)
(1030433,1030440)
(1030433,1030444)
(1030433,1030454)
(1030433,1030455)
(1030433,1030467)
(1030433,1030471)
(1030433,1030476)
(1030433,1030479)
(1030433,1030485)
(1030440,1030444)
(1030440,1030454)
(1030440,1030455)
(1030440,1030467)
(1030440,1030471)
(1030440,1030476)
(1030440,1030479)
(1030440,1030485)
(1030444,1030454)
(1030444,1030455)
(1030444,1030467)
(1030444,1030471)
(1030444,1030476)
(1030444,1030479)
(1030444,1030485)
(1030454,1030455)
(1030454,1030467)
(1030454,1030471)
(1030454,1030476)
(1030454,1030479)
(1030454,1030485)
(1030455,1030467)
(1030455,1030471)
(1030455,1030476)
(1030455,1030479)
(1030455,1030485)
(1030467,1030471)
(1030467,1030476)
(1030467,1030479)
(1030467,1030485)
(1030471,1030476)
(1030471,1030479)
(1030471,1030485)
(1030476,1030479)
(1030476,1030485)
(1030479,1030485)
(1029534,1029539)
(1029534,1029547)
(1029534,1029549)
(1029534,1029555)
(1029534,1029559)
(1029534,1029568)
(1029534,1029575)
(1029534,1029581)
(1029534,1029588)
(1029534,1029594)
(1029534,1029596)
(1029534,1029605)
(1029534,1029613)
(1029534,1029617)
(1029534,1029624)
(1029534,1029632)
(1029534,1029638)
(1029534,1029642)
(1029534,1029650)
(1029534,1029655)
(1029534,1029660)
(1029534,1029663)
(1029534,1029666)
(1029534,1029675)
(1029539,1029547)
(1029539,1029549)
(1029539,1029555)
(1029539,1029559)
(1029539,1029568)
(1029539,1029575)
(1029539,1029581)
(1029539,1029588)
(1029539,1029594)
(1029539,1029596)
(1029539,1029605)
(1029539,1029613)
(1029539,1029617)
(1029539,1029624)
(1029539,1029632)
(1029539,1029638)
(1029539,1029642)
(1029539,1029650)
(1029539,1029655)
(1029539,1029660)
(1029539,1029663)
(1029539,1029666)
(1029539,1029675)
(1029547,1029549)
(1029547,1029555)
(1029547,1029559)
(1029547,1029568)
(1029547,1029575)
(1029547,1029581)
(1029547,1029588)
(1029547,1029594)
(1029547,1029596)
(1029547,1029605)
(1029547,1029613)
(1029547,1029617)
(1029547,1029624)
(1029547,1029632)
(1029547,1029638)
(1029547,1029642)
(1029547,1029650)
(1029547,1029655)
(1029547,1029660)
(1029547,1029663)
(1029547,1029666)
(1029547,1029675)
(1029549,1029555)
(1029549,1029559)
(1029549,1029568)
(1029549,1029575)
(1029549,1029581)
(1029549,1029588)
(1029549,1029594)
(1029549,1029596)
(1029549,1029605)
(1029549,1029613)
(1029549,1029617)
(1029549,1029624)
(1029549,1029632)
(1029549,1029638)
(1029549,1029642)
(1029549,1029650)
(1029549,1029655)
(1029549,1029660)
(1029549,1029663)
(1029549,1029666)
(1029549,1029675)
(1029555,1029559)
(1029555,1029568)
(1029555,1029575)
(1029555,1029581)
(1029555,1029588)
(1029555,1029594)
(1029555,1029596)
(1029555,1029605)
(1029555,1029613)
(1029555,1029617)
(1029555,1029624)
(1029555,1029632)
(1029555,1029638)
(1029555,1029642)
(1029555,1029650)
(1029555,1029655)
(1029555,1029660)
(1029555,1029663)
(1029555,1029666)
(1029555,1029675)
(1029559,1029568)
(1029559,1029575)
(1029559,1029581)
(1029559,1029588)
(1029559,1029594)
(1029559,1029596)
(1029559,1029605)
(1029559,1029613)
(1029559,1029617)
(1029559,1029624)
(1029559,1029632)
(1029559,1029638)
(1029559,1029642)
(1029559,1029650)
(1029559,1029655)
(1029559,1029660)
(1029559,1029663)
(1029559,1029666)
(1029559,1029675)
(1029568,1029575)
(1029568,1029581)
(1029568,1029588)
(1029568,1029594)
(1029568,1029596)
(1029568,1029605)
(1029568,1029613)
(1029568,1029617)
(1029568,1029624)
(1029568,1029632)
(1029568,1029638)
(1029568,1029642)
(1029568,1029650)
(1029568,1029655)
(1029568,1029660)
(1029568,1029663)
(1029568,1029666)
(1029568,1029675)
(1029575,1029581)
(1029575,1029588)
(1029575,1029594)
(1029575,1029596)
(1029575,1029605)
(1029575,1029613)
(1029575,1029617)
(1029575,1029624)
(1029575,1029632)
(1029575,1029638)
(1029575,1029642)
(1029575,1029650)
(1029575,1029655)
(1029575,1029660)
(1029575,1029663)
(1029575,1029666)
(1029575,1029675)
(1029581,1029588)
(1029581,1029594)
(1029581,1029596)
(1029581,1029605)
(1029581,1029613)
(1029581,1029617)
(1029581,1029624)
(1029581,1029632)
(1029581,1029638)
(1029581,1029642)
(1029581,1029650)
(1029581,1029655)
(1029581,1029660)
(1029581,1029663)
(1029581,1029666)
(1029581,1029675)
(1029588,1029594)
(1029588,1029596)
(1029588,1029605)
(1029588,1029613)
(1029588,1029617)
(1029588,1029624)
(1029588,1029632)
(1029588,1029638)
(1029588,1029642)
(1029588,1029650)
(1029588,1029655)
(1029588,1029660)
(1029588,1029663)
(1029588,1029666)
(1029588,1029675)
(1029594,1029596)
(1029594,1029605)
(1029594,1029613)
(1029594,1029617)
(1029594,1029624)
(1029594,1029632)
(1029594,1029638)
(1029594,1029642)
(1029594,1029650)
(1029594,1029655)
(1029594,1029660)
(1029594,1029663)
(1029594,1029666)
(1029594,1029675)
(1029596,1029605)
(1029596,1029613)
(1029596,1029617)
(1029596,1029624)
(1029596,1029632)
(1029596,1029638)
(1029596,1029642)
(1029596,1029650)
(1029596,1029655)
(1029596,1029660)
(1029596,1029663)
(1029596,1029666)
(1029596,1029675)
(1029605,1029613)
(1029605,1029617)
(1029605,1029624)
(1029605,1029632)
(1029605,1029638)
(1029605,1029642)
(1029605,1029650)
(1029605,1029655)
(1029605,1029660)
(1029605,1029663)
(1029605,1029666)
(1029605,1029675)
(1029613,1029617)
(1029613,1029624)
(1029613,1029632)
(1029613,1029638)
(1029613,1029642)
(1029613,1029650)
(1029613,1029655)
(1029613,1029660)
(1029613,1029663)
(1029613,1029666)
(1029613,1029675)
(1029617,1029624)
(1029617,1029632)
(1029617,1029638)
(1029617,1029642)
(1029617,1029650)
(1029617,1029655)
(1029617,1029660)
(1029617,1029663)
(1029617,1029666)
(1029617,1029675)
(1029624,1029632)
(1029624,1029638)
(1029624,1029642)
(1029624,1029650)
(1029624,1029655)
(1029624,1029660)
(1029624,1029663)
(1029624,1029666)
(1029624,1029675)
(1029632,1029638)
(1029632,1029642)
(1029632,1029650)
(1029632,1029655)
(1029632,1029660)
(1029632,1029663)
(1029632,1029666)
(1029632,1029675)
(1029638,1029642)
(1029638,1029650)
(1029638,1029655)
(1029638,1029660)
(1029638,1029663)
(1029638,1029666)
(1029638,1029675)
(1029642,1029650)
(1029642,1029655)
(1029642,1029660)
(1029642,1029663)
(1029642,1029666)
(1029642,1029675)
(1029650,1029655)
(1029650,1029660)
(1029650,1029663)
(1029650,1029666)
(1029650,1029675)
(1029655,1029660)
(1029655,1029663)
(1029655,1029666)
(1029655,1029675)
(1029660,1029663)
(1029660,1029666)
(1029660,1029675)
(1029663,1029666)
(1029663,1029675)
(1029666,1029675)
(1029687,1029691)
(1029687,1029694)
(1029687,1029697)
(1029691,1029694)
(1029691,1029697)
(1029694,1029697)
(1029699,1029701)
(1029703,1029712)
(1029703,1029713)
(1029703,1029722)
(1029703,1029725)
(1029703,1029729)
(1029703,1029734)
(1029703,1029739)
(1029703,1029741)
(1029703,1029748)
(1029703,1029756)
(1029703,1029762)
(1029703,1029768)
(1029703,1029773)
(1029703,1029779)
(1029703,1029788)
(1029703,1029806)
(1029703,1029813)
(1029703,1029820)
(1029703,1029823)
(1029712,1029713)
(1029712,1029722)
(1029712,1029725)
(1029712,1029729)
(1029712,1029734)
(1029712,1029739)
(1029712,1029741)
(1029712,1029748)
(1029712,1029756)
(1029712,1029762)
(1029712,1029768)
(1029712,1029773)
(1029712,1029779)
(1029712,1029788)
(1029712,1029806)
(1029712,1029813)
(1029712,1029820)
(1029712,1029823)
(1029713,1029722)
(1029713,1029725)
(1029713,1029729)
(1029713,1029734)
(1029713,1029739)
(1029713,1029741)
(1029713,1029748)
(1029713,1029756)
(1029713,1029762)
(1029713,1029768)
(1029713,1029773)
(1029713,1029779)
(1029713,1029788)
(1029713,1029806)
(1029713,1029813)
(1029713,1029820)
(1029713,1029823)
(1029722,1029725)
(1029722,1029729)
(1029722,1029734)
(1029722,1029739)
(1029722,1029741)
(1029722,1029748)
(1029722,1029756)
(1029722,1029762)
(1029722,1029768)
(1029722,1029773)
(1029722,1029779)
(1029722,1029788)
(1029722,1029806)
(1029722,1029813)
(1029722,1029820)
(1029722,1029823)
(1029725,1029729)
(1029725,1029734)
(1029725,1029739)
(1029725,1029741)
(1029725,1029748)
(1029725,1029756)
(1029725,1029762)
(1029725,1029768)
(1029725,1029773)
(1029725,1029779)
(1029725,1029788)
(1029725,1029806)
(1029725,1029813)
(1029725,1029820)
(1029725,1029823)
(1029729,1029734)
(1029729,1029739)
(1029729,1029741)
(1029729,1029748)
(1029729,1029756)
(1029729,1029762)
(1029729,1029768)
(1029729,1029773)
(1029729,1029779)
(1029729,1029788)
(1029729,1029806)
(1029729,1029813)
(1029729,1029820)
(1029729,1029823)
(1029734,1029739)
(1029734,1029741)
(1029734,1029748)
(1029734,1029756)
(1029734,1029762)
(1029734,1029768)
(1029734,1029773)
(1029734,1029779)
(1029734,1029788)
(1029734,1029806)
(1029734,1029813)
(1029734,1029820)
(1029734,1029823)
(1029739,1029741)
(1029739,1029748)
(1029739,1029756)
(1029739,1029762)
(1029739,1029768)
(1029739,1029773)
(1029739,1029779)
(1029739,1029788)
(1029739,1029806)
(1029739,1029813)
(1029739,1029820)
(1029739,1029823)
(1029741,1029748)
(1029741,1029756)
(1029741,1029762)
(1029741,1029768)
(1029741,1029773)
(1029741,1029779)
(1029741,1029788)
(1029741,1029806)
(1029741,1029813)
(1029741,1029820)
(1029741,1029823)
(1029748,1029756)
(1029748,1029762)
(1029748,1029768)
(1029748,1029773)
(1029748,1029779)
(1029748,1029788)
(1029748,1029806)
(1029748,1029813)
(1029748,1029820)
(1029748,1029823)
(1029756,1029762)
(1029756,1029768)
(1029756,1029773)
(1029756,1029779)
(1029756,1029788)
(1029756,1029806)
(1029756,1029813)
(1029756,1029820)
(1029756,1029823)
(1029762,1029768)
(1029762,1029773)
(1029762,1029779)
(1029762,1029788)
(1029762,1029806)
(1029762,1029813)
(1029762,1029820)
(1029762,1029823)
(1029768,1029773)
(1029768,1029779)
(1029768,1029788)
(1029768,1029806)
(1029768,1029813)
(1029768,1029820)
(1029768,1029823)
(1029773,1029779)
(1029773,1029788)
(1029773,1029806)
(1029773,1029813)
(1029773,1029820)
(1029773,1029823)
(1029779,1029788)
(1029779,1029806)
(1029779,1029813)
(1029779,1029820)
(1029779,1029823)
(1029788,1029806)
(1029788,1029813)
(1029788,1029820)
(1029788,1029823)
(1029806,1029813)
(1029806,1029820)
(1029806,1029823)
(1029813,1029820)
(1029813,1029823)
(1029820,1029823)
(1029834,1029839)
(1029859,1029865)
(1029859,1029871)
(1029859,1029875)
(1029865,1029871)
(1029865,1029875)
(1029871,1029875)
(1029886,1029894)
(1029886,1029896)
(1029886,1029902)
(1029894,1029896)
(1029894,1029902)
(1029896,1029902)
(1029904,1029908)
(1030492,1030496)
(1030492,1030499)
(1030492,1030501)
(1030492,1030505)
(1030492,1030509)
(1030496,1030499)
(1030496,1030501)
(1030496,1030505)
(1030496,1030509)
(1030499,1030501)
(1030499,1030505)
(1030499,1030509)
(1030501,1030505)
(1030501,1030509)
(1030505,1030509)
(1030512,1030515)
(1030512,1030522)
(1030512,1030529)
(1030512,1030544)
(1030512,1030559)
(1030515,1030522)
(1030515,1030529)
(1030515,1030544)
(1030515,1030559)
(1030522,1030529)
(1030522,1030544)
(1030522,1030559)
(1030529,1030544)
(1030529,1030559)
(1030544,1030559)
(1030563,1030566)
(1030563,1030569)
(1030566,1030569)
(1030626,1030630)
(1030626,1030633)
(1030630,1030633)
(1030636,1030639)
(1030636,1030642)
(1030636,1030647)
(1030639,1030642)
(1030639,1030647)
(1030642,1030647)
(1030664,1030668)
(1030702,1030707)
(1030702,1030713)
(1030702,1030718)
(1030707,1030713)
(1030707,1030718)
(1030713,1030718)
(1030733,1030738)
(1030777,1030784)
(1030844,1030848)
(1030855,1030861)
