(955266,955272)
(955266,955276)
(955266,955284)
(955266,955285)
(955266,955292)
(955266,955294)
(955266,955300)
(955266,955301)
(955266,955304)
(955266,955306)
(955266,955310)
(955266,955317)
(955266,955320)
(955266,955322)
(955266,955330)
(955266,955332)
(955266,955337)
(955266,955343)
(955266,955347)
(955266,955350)
(955266,955354)
(955266,955355)
(955266,955362)
(955266,955365)
(955266,955369)
(955266,955374)
(955266,955377)
(955266,955383)
(955266,955387)
(955266,955402)
(955266,955407)
(955266,955413)
(955266,955417)
(955266,955420)
(955266,955430)
(955266,955441)
(955266,955443)
(955266,955447)
(955266,955450)
(955266,955456)
(955266,955467)
(955266,955472)
(955266,955476)
(955266,955483)
(955266,955485)
(955266,955487)
(955266,955493)
(955266,955496)
(955266,955507)
(955266,955511)
(955266,955518)
(955266,955522)
(955266,955533)
(955266,955540)
(955266,955544)
(955266,955550)
(955266,955557)
(955266,955564)
(955266,955568)
(955266,955573)
(955266,955577)
(955266,955583)
(955266,955592)
(955266,955596)
(955266,955606)
(955266,955610)
(955266,955618)
(955266,955623)
(955266,955630)
(955266,955636)
(955266,955640)
(955266,955646)
(955266,955652)
(955266,955669)
(955266,955675)
(955266,955683)
(955266,955686)
(955266,955694)
(955266,955699)
(955266,955701)
(955266,955706)
(955266,955712)
(955266,955715)
(955266,955724)
(955266,955730)
(955266,955733)
(955266,955738)
(955266,955742)
(955272,955276)
(955272,955284)
(955272,955285)
(955272,955292)
(955272,955294)
(955272,955300)
(955272,955301)
(955272,955304)
(955272,955306)
(955272,955310)
(955272,955317)
(955272,955320)
(955272,955322)
(955272,955330)
(955272,955332)
(955272,955337)
(955272,955343)
(955272,955347)
(955272,955350)
(955272,955354)
(955272,955355)
(955272,955362)
(955272,955365)
(955272,955369)
(955272,955374)
(955272,955377)
(955272,955383)
(955272,955387)
(955272,955402)
(955272,955407)
(955272,955413)
(955272,955417)
(955272,955420)
(955272,955430)
(955272,955441)
(955272,955443)
(955272,955447)
(955272,955450)
(955272,955456)
(955272,955467)
(955272,955472)
(955272,955476)
(955272,955483)
(955272,955485)
(955272,955487)
(955272,955493)
(955272,955496)
(955272,955507)
(955272,955511)
(955272,955518)
(955272,955522)
(955272,955533)
(955272,955540)
(955272,955544)
(955272,955550)
(955272,955557)
(955272,955564)
(955272,955568)
(955272,955573)
(955272,955577)
(955272,955583)
(955272,955592)
(955272,955596)
(955272,955606)
(955272,955610)
(955272,955618)
(955272,955623)
(955272,955630)
(955272,955636)
(955272,955640)
(955272,955646)
(955272,955652)
(955272,955669)
(955272,955675)
(955272,955683)
(955272,955686)
(955272,955694)
(955272,955699)
(955272,955701)
(955272,955706)
(955272,955712)
(955272,955715)
(955272,955724)
(955272,955730)
(955272,955733)
(955272,955738)
(955272,955742)
(955276,955284)
(955276,955285)
(955276,955292)
(955276,955294)
(955276,955300)
(955276,955301)
(955276,955304)
(955276,955306)
(955276,955310)
(955276,955317)
(955276,955320)
(955276,955322)
(955276,955330)
(955276,955332)
(955276,955337)
(955276,955343)
(955276,955347)
(955276,955350)
(955276,955354)
(955276,955355)
(955276,955362)
(955276,955365)
(955276,955369)
(955276,955374)
(955276,955377)
(955276,955383)
(955276,955387)
(955276,955402)
(955276,955407)
(955276,955413)
(955276,955417)
(955276,955420)
(955276,955430)
(955276,955441)
(955276,955443)
(955276,955447)
(955276,955450)
(955276,955456)
(955276,955467)
(955276,955472)
(955276,955476)
(955276,955483)
(955276,955485)
(955276,955487)
(955276,955493)
(955276,955496)
(955276,955507)
(955276,955511)
(955276,955518)
(955276,955522)
(955276,955533)
(955276,955540)
(955276,955544)
(955276,955550)
(955276,955557)
(955276,955564)
(955276,955568)
(955276,955573)
(955276,955577)
(955276,955583)
(955276,955592)
(955276,955596)
(955276,955606)
(955276,955610)
(955276,955618)
(955276,955623)
(955276,955630)
(955276,955636)
(955276,955640)
(955276,955646)
(955276,955652)
(955276,955669)
(955276,955675)
(955276,955683)
(955276,955686)
(955276,955694)
(955276,955699)
(955276,955701)
(955276,955706)
(955276,955712)
(955276,955715)
(955276,955724)
(955276,955730)
(955276,955733)
(955276,955738)
(955276,955742)
(955284,955285)
(955284,955292)
(955284,955294)
(955284,955300)
(955284,955301)
(955284,955304)
(955284,955306)
(955284,955310)
(955284,955317)
(955284,955320)
(955284,955322)
(955284,955330)
(955284,955332)
(955284,955337)
(955284,955343)
(955284,955347)
(955284,955350)
(955284,955354)
(955284,955355)
(955284,955362)
(955284,955365)
(955284,955369)
(955284,955374)
(955284,955377)
(955284,955383)
(955284,955387)
(955284,955402)
(955284,955407)
(955284,955413)
(955284,955417)
(955284,955420)
(955284,955430)
(955284,955441)
(955284,955443)
(955284,955447)
(955284,955450)
(955284,955456)
(955284,955467)
(955284,955472)
(955284,955476)
(955284,955483)
(955284,955485)
(955284,955487)
(955284,955493)
(955284,955496)
(955284,955507)
(955284,955511)
(955284,955518)
(955284,955522)
(955284,955533)
(955284,955540)
(955284,955544)
(955284,955550)
(955284,955557)
(955284,955564)
(955284,955568)
(955284,955573)
(955284,955577)
(955284,955583)
(955284,955592)
(955284,955596)
(955284,955606)
(955284,955610)
(955284,955618)
(955284,955623)
(955284,955630)
(955284,955636)
(955284,955640)
(955284,955646)
(955284,955652)
(955284,955669)
(955284,955675)
(955284,955683)
(955284,955686)
(955284,955694)
(955284,955699)
(955284,955701)
(955284,955706)
(955284,955712)
(955284,955715)
(955284,955724)
(955284,955730)
(955284,955733)
(955284,955738)
(955284,955742)
(955285,955292)
(955285,955294)
(955285,955300)
(955285,955301)
(955285,955304)
(955285,955306)
(955285,955310)
(955285,955317)
(955285,955320)
(955285,955322)
(955285,955330)
(955285,955332)
(955285,955337)
(955285,955343)
(955285,955347)
(955285,955350)
(955285,955354)
(955285,955355)
(955285,955362)
(955285,955365)
(955285,955369)
(955285,955374)
(955285,955377)
(955285,955383)
(955285,955387)
(955285,955402)
(955285,955407)
(955285,955413)
(955285,955417)
(955285,955420)
(955285,955430)
(955285,955441)
(955285,955443)
(955285,955447)
(955285,955450)
(955285,955456)
(955285,955467)
(955285,955472)
(955285,955476)
(955285,955483)
(955285,955485)
(955285,955487)
(955285,955493)
(955285,955496)
(955285,955507)
(955285,955511)
(955285,955518)
(955285,955522)
(955285,955533)
(955285,955540)
(955285,955544)
(955285,955550)
(955285,955557)
(955285,955564)
(955285,955568)
(955285,955573)
(955285,955577)
(955285,955583)
(955285,955592)
(955285,955596)
(955285,955606)
(955285,955610)
(955285,955618)
(955285,955623)
(955285,955630)
(955285,955636)
(955285,955640)
(955285,955646)
(955285,955652)
(955285,955669)
(955285,955675)
(955285,955683)
(955285,955686)
(955285,955694)
(955285,955699)
(955285,955701)
(955285,955706)
(955285,955712)
(955285,955715)
(955285,955724)
(955285,955730)
(955285,955733)
(955285,955738)
(955285,955742)
(955292,955294)
(955292,955300)
(955292,955301)
(955292,955304)
(955292,955306)
(955292,955310)
(955292,955317)
(955292,955320)
(955292,955322)
(955292,955330)
(955292,955332)
(955292,955337)
(955292,955343)
(955292,955347)
(955292,955350)
(955292,955354)
(955292,955355)
(955292,955362)
(955292,955365)
(955292,955369)
(955292,955374)
(955292,955377)
(955292,955383)
(955292,955387)
(955292,955402)
(955292,955407)
(955292,955413)
(955292,955417)
(955292,955420)
(955292,955430)
(955292,955441)
(955292,955443)
(955292,955447)
(955292,955450)
(955292,955456)
(955292,955467)
(955292,955472)
(955292,955476)
(955292,955483)
(955292,955485)
(955292,955487)
(955292,955493)
(955292,955496)
(955292,955507)
(955292,955511)
(955292,955518)
(955292,955522)
(955292,955533)
(955292,955540)
(955292,955544)
(955292,955550)
(955292,955557)
(955292,955564)
(955292,955568)
(955292,955573)
(955292,955577)
(955292,955583)
(955292,955592)
(955292,955596)
(955292,955606)
(955292,955610)
(955292,955618)
(955292,955623)
(955292,955630)
(955292,955636)
(955292,955640)
(955292,955646)
(955292,955652)
(955292,955669)
(955292,955675)
(955292,955683)
(955292,955686)
(955292,955694)
(955292,955699)
(955292,955701)
(955292,955706)
(955292,955712)
(955292,955715)
(955292,955724)
(955292,955730)
(955292,955733)
(955292,955738)
(955292,955742)
(955294,955300)
(955294,955301)
(955294,955304)
(955294,955306)
(955294,955310)
(955294,955317)
(955294,955320)
(955294,955322)
(955294,955330)
(955294,955332)
(955294,955337)
(955294,955343)
(955294,955347)
(955294,955350)
(955294,955354)
(955294,955355)
(955294,955362)
(955294,955365)
(955294,955369)
(955294,955374)
(955294,955377)
(955294,955383)
(955294,955387)
(955294,955402)
(955294,955407)
(955294,955413)
(955294,955417)
(955294,955420)
(955294,955430)
(955294,955441)
(955294,955443)
(955294,955447)
(955294,955450)
(955294,955456)
(955294,955467)
(955294,955472)
(955294,955476)
(955294,955483)
(955294,955485)
(955294,955487)
(955294,955493)
(955294,955496)
(955294,955507)
(955294,955511)
(955294,955518)
(955294,955522)
(955294,955533)
(955294,955540)
(955294,955544)
(955294,955550)
(955294,955557)
(955294,955564)
(955294,955568)
(955294,955573)
(955294,955577)
(955294,955583)
(955294,955592)
(955294,955596)
(955294,955606)
(955294,955610)
(955294,955618)
(955294,955623)
(955294,955630)
(955294,955636)
(955294,955640)
(955294,955646)
(955294,955652)
(955294,955669)
(955294,955675)
(955294,955683)
(955294,955686)
(955294,955694)
(955294,955699)
(955294,955701)
(955294,955706)
(955294,955712)
(955294,955715)
(955294,955724)
(955294,955730)
(955294,955733)
(955294,955738)
(955294,955742)
(955300,955301)
(955300,955304)
(955300,955306)
(955300,955310)
(955300,955317)
(955300,955320)
(955300,955322)
(955300,955330)
(955300,955332)
(955300,955337)
(955300,955343)
(955300,955347)
(955300,955350)
(955300,955354)
(955300,955355)
(955300,955362)
(955300,955365)
(955300,955369)
(955300,955374)
(955300,955377)
(955300,955383)
(955300,955387)
(955300,955402)
(955300,955407)
(955300,955413)
(955300,955417)
(955300,955420)
(955300,955430)
(955300,955441)
(955300,955443)
(955300,955447)
(955300,955450)
(955300,955456)
(955300,955467)
(955300,955472)
(955300,955476)
(955300,955483)
(955300,955485)
(955300,955487)
(955300,955493)
(955300,955496)
(955300,955507)
(955300,955511)
(955300,955518)
(955300,955522)
(955300,955533)
(955300,955540)
(955300,955544)
(955300,955550)
(955300,955557)
(955300,955564)
(955300,955568)
(955300,955573)
(955300,955577)
(955300,955583)
(955300,955592)
(955300,955596)
(955300,955606)
(955300,955610)
(955300,955618)
(955300,955623)
(955300,955630)
(955300,955636)
(955300,955640)
(955300,955646)
(955300,955652)
(955300,955669)
(955300,955675)
(955300,955683)
(955300,955686)
(955300,955694)
(955300,955699)
(955300,955701)
(955300,955706)
(955300,955712)
(955300,955715)
(955300,955724)
(955300,955730)
(955300,955733)
(955300,955738)
(955300,955742)
(955301,955304)
(955301,955306)
(955301,955310)
(955301,955317)
(955301,955320)
(955301,955322)
(955301,955330)
(955301,955332)
(955301,955337)
(955301,955343)
(955301,955347)
(955301,955350)
(955301,955354)
(955301,955355)
(955301,955362)
(955301,955365)
(955301,955369)
(955301,955374)
(955301,955377)
(955301,955383)
(955301,955387)
(955301,955402)
(955301,955407)
(955301,955413)
(955301,955417)
(955301,955420)
(955301,955430)
(955301,955441)
(955301,955443)
(955301,955447)
(955301,955450)
(955301,955456)
(955301,955467)
(955301,955472)
(955301,955476)
(955301,955483)
(955301,955485)
(955301,955487)
(955301,955493)
(955301,955496)
(955301,955507)
(955301,955511)
(955301,955518)
(955301,955522)
(955301,955533)
(955301,955540)
(955301,955544)
(955301,955550)
(955301,955557)
(955301,955564)
(955301,955568)
(955301,955573)
(955301,955577)
(955301,955583)
(955301,955592)
(955301,955596)
(955301,955606)
(955301,955610)
(955301,955618)
(955301,955623)
(955301,955630)
(955301,955636)
(955301,955640)
(955301,955646)
(955301,955652)
(955301,955669)
(955301,955675)
(955301,955683)
(955301,955686)
(955301,955694)
(955301,955699)
(955301,955701)
(955301,955706)
(955301,955712)
(955301,955715)
(955301,955724)
(955301,955730)
(955301,955733)
(955301,955738)
(955301,955742)
(955304,955306)
(955304,955310)
(955304,955317)
(955304,955320)
(955304,955322)
(955304,955330)
(955304,955332)
(955304,955337)
(955304,955343)
(955304,955347)
(955304,955350)
(955304,955354)
(955304,955355)
(955304,955362)
(955304,955365)
(955304,955369)
(955304,955374)
(955304,955377)
(955304,955383)
(955304,955387)
(955304,955402)
(955304,955407)
(955304,955413)
(955304,955417)
(955304,955420)
(955304,955430)
(955304,955441)
(955304,955443)
(955304,955447)
(955304,955450)
(955304,955456)
(955304,955467)
(955304,955472)
(955304,955476)
(955304,955483)
(955304,955485)
(955304,955487)
(955304,955493)
(955304,955496)
(955304,955507)
(955304,955511)
(955304,955518)
(955304,955522)
(955304,955533)
(955304,955540)
(955304,955544)
(955304,955550)
(955304,955557)
(955304,955564)
(955304,955568)
(955304,955573)
(955304,955577)
(955304,955583)
(955304,955592)
(955304,955596)
(955304,955606)
(955304,955610)
(955304,955618)
(955304,955623)
(955304,955630)
(955304,955636)
(955304,955640)
(955304,955646)
(955304,955652)
(955304,955669)
(955304,955675)
(955304,955683)
(955304,955686)
(955304,955694)
(955304,955699)
(955304,955701)
(955304,955706)
(955304,955712)
(955304,955715)
(955304,955724)
(955304,955730)
(955304,955733)
(955304,955738)
(955304,955742)
(955306,955310)
(955306,955317)
(955306,955320)
(955306,955322)
(955306,955330)
(955306,955332)
(955306,955337)
(955306,955343)
(955306,955347)
(955306,955350)
(955306,955354)
(955306,955355)
(955306,955362)
(955306,955365)
(955306,955369)
(955306,955374)
(955306,955377)
(955306,955383)
(955306,955387)
(955306,955402)
(955306,955407)
(955306,955413)
(955306,955417)
(955306,955420)
(955306,955430)
(955306,955441)
(955306,955443)
(955306,955447)
(955306,955450)
(955306,955456)
(955306,955467)
(955306,955472)
(955306,955476)
(955306,955483)
(955306,955485)
(955306,955487)
(955306,955493)
(955306,955496)
(955306,955507)
(955306,955511)
(955306,955518)
(955306,955522)
(955306,955533)
(955306,955540)
(955306,955544)
(955306,955550)
(955306,955557)
(955306,955564)
(955306,955568)
(955306,955573)
(955306,955577)
(955306,955583)
(955306,955592)
(955306,955596)
(955306,955606)
(955306,955610)
(955306,955618)
(955306,955623)
(955306,955630)
(955306,955636)
(955306,955640)
(955306,955646)
(955306,955652)
(955306,955669)
(955306,955675)
(955306,955683)
(955306,955686)
(955306,955694)
(955306,955699)
(955306,955701)
(955306,955706)
(955306,955712)
(955306,955715)
(955306,955724)
(955306,955730)
(955306,955733)
(955306,955738)
(955306,955742)
(955310,955317)
(955310,955320)
(955310,955322)
(955310,955330)
(955310,955332)
(955310,955337)
(955310,955343)
(955310,955347)
(955310,955350)
(955310,955354)
(955310,955355)
(955310,955362)
(955310,955365)
(955310,955369)
(955310,955374)
(955310,955377)
(955310,955383)
(955310,955387)
(955310,955402)
(955310,955407)
(955310,955413)
(955310,955417)
(955310,955420)
(955310,955430)
(955310,955441)
(955310,955443)
(955310,955447)
(955310,955450)
(955310,955456)
(955310,955467)
(955310,955472)
(955310,955476)
(955310,955483)
(955310,955485)
(955310,955487)
(955310,955493)
(955310,955496)
(955310,955507)
(955310,955511)
(955310,955518)
(955310,955522)
(955310,955533)
(955310,955540)
(955310,955544)
(955310,955550)
(955310,955557)
(955310,955564)
(955310,955568)
(955310,955573)
(955310,955577)
(955310,955583)
(955310,955592)
(955310,955596)
(955310,955606)
(955310,955610)
(955310,955618)
(955310,955623)
(955310,955630)
(955310,955636)
(955310,955640)
(955310,955646)
(955310,955652)
(955310,955669)
(955310,955675)
(955310,955683)
(955310,955686)
(955310,955694)
(955310,955699)
(955310,955701)
(955310,955706)
(955310,955712)
(955310,955715)
(955310,955724)
(955310,955730)
(955310,955733)
(955310,955738)
(955310,955742)
(955317,955320)
(955317,955322)
(955317,955330)
(955317,955332)
(955317,955337)
(955317,955343)
(955317,955347)
(955317,955350)
(955317,955354)
(955317,955355)
(955317,955362)
(955317,955365)
(955317,955369)
(955317,955374)
(955317,955377)
(955317,955383)
(955317,955387)
(955317,955402)
(955317,955407)
(955317,955413)
(955317,955417)
(955317,955420)
(955317,955430)
(955317,955441)
(955317,955443)
(955317,955447)
(955317,955450)
(955317,955456)
(955317,955467)
(955317,955472)
(955317,955476)
(955317,955483)
(955317,955485)
(955317,955487)
(955317,955493)
(955317,955496)
(955317,955507)
(955317,955511)
(955317,955518)
(955317,955522)
(955317,955533)
(955317,955540)
(955317,955544)
(955317,955550)
(955317,955557)
(955317,955564)
(955317,955568)
(955317,955573)
(955317,955577)
(955317,955583)
(955317,955592)
(955317,955596)
(955317,955606)
(955317,955610)
(955317,955618)
(955317,955623)
(955317,955630)
(955317,955636)
(955317,955640)
(955317,955646)
(955317,955652)
(955317,955669)
(955317,955675)
(955317,955683)
(955317,955686)
(955317,955694)
(955317,955699)
(955317,955701)
(955317,955706)
(955317,955712)
(955317,955715)
(955317,955724)
(955317,955730)
(955317,955733)
(955317,955738)
(955317,955742)
(955320,955322)
(955320,955330)
(955320,955332)
(955320,955337)
(955320,955343)
(955320,955347)
(955320,955350)
(955320,955354)
(955320,955355)
(955320,955362)
(955320,955365)
(955320,955369)
(955320,955374)
(955320,955377)
(955320,955383)
(955320,955387)
(955320,955402)
(955320,955407)
(955320,955413)
(955320,955417)
(955320,955420)
(955320,955430)
(955320,955441)
(955320,955443)
(955320,955447)
(955320,955450)
(955320,955456)
(955320,955467)
(955320,955472)
(955320,955476)
(955320,955483)
(955320,955485)
(955320,955487)
(955320,955493)
(955320,955496)
(955320,955507)
(955320,955511)
(955320,955518)
(955320,955522)
(955320,955533)
(955320,955540)
(955320,955544)
(955320,955550)
(955320,955557)
(955320,955564)
(955320,955568)
(955320,955573)
(955320,955577)
(955320,955583)
(955320,955592)
(955320,955596)
(955320,955606)
(955320,955610)
(955320,955618)
(955320,955623)
(955320,955630)
(955320,955636)
(955320,955640)
(955320,955646)
(955320,955652)
(955320,955669)
(955320,955675)
(955320,955683)
(955320,955686)
(955320,955694)
(955320,955699)
(955320,955701)
(955320,955706)
(955320,955712)
(955320,955715)
(955320,955724)
(955320,955730)
(955320,955733)
(955320,955738)
(955320,955742)
(955322,955330)
(955322,955332)
(955322,955337)
(955322,955343)
(955322,955347)
(955322,955350)
(955322,955354)
(955322,955355)
(955322,955362)
(955322,955365)
(955322,955369)
(955322,955374)
(955322,955377)
(955322,955383)
(955322,955387)
(955322,955402)
(955322,955407)
(955322,955413)
(955322,955417)
(955322,955420)
(955322,955430)
(955322,955441)
(955322,955443)
(955322,955447)
(955322,955450)
(955322,955456)
(955322,955467)
(955322,955472)
(955322,955476)
(955322,955483)
(955322,955485)
(955322,955487)
(955322,955493)
(955322,955496)
(955322,955507)
(955322,955511)
(955322,955518)
(955322,955522)
(955322,955533)
(955322,955540)
(955322,955544)
(955322,955550)
(955322,955557)
(955322,955564)
(955322,955568)
(955322,955573)
(955322,955577)
(955322,955583)
(955322,955592)
(955322,955596)
(955322,955606)
(955322,955610)
(955322,955618)
(955322,955623)
(955322,955630)
(955322,955636)
(955322,955640)
(955322,955646)
(955322,955652)
(955322,955669)
(955322,955675)
(955322,955683)
(955322,955686)
(955322,955694)
(955322,955699)
(955322,955701)
(955322,955706)
(955322,955712)
(955322,955715)
(955322,955724)
(955322,955730)
(955322,955733)
(955322,955738)
(955322,955742)
(955330,955332)
(955330,955337)
(955330,955343)
(955330,955347)
(955330,955350)
(955330,955354)
(955330,955355)
(955330,955362)
(955330,955365)
(955330,955369)
(955330,955374)
(955330,955377)
(955330,955383)
(955330,955387)
(955330,955402)
(955330,955407)
(955330,955413)
(955330,955417)
(955330,955420)
(955330,955430)
(955330,955441)
(955330,955443)
(955330,955447)
(955330,955450)
(955330,955456)
(955330,955467)
(955330,955472)
(955330,955476)
(955330,955483)
(955330,955485)
(955330,955487)
(955330,955493)
(955330,955496)
(955330,955507)
(955330,955511)
(955330,955518)
(955330,955522)
(955330,955533)
(955330,955540)
(955330,955544)
(955330,955550)
(955330,955557)
(955330,955564)
(955330,955568)
(955330,955573)
(955330,955577)
(955330,955583)
(955330,955592)
(955330,955596)
(955330,955606)
(955330,955610)
(955330,955618)
(955330,955623)
(955330,955630)
(955330,955636)
(955330,955640)
(955330,955646)
(955330,955652)
(955330,955669)
(955330,955675)
(955330,955683)
(955330,955686)
(955330,955694)
(955330,955699)
(955330,955701)
(955330,955706)
(955330,955712)
(955330,955715)
(955330,955724)
(955330,955730)
(955330,955733)
(955330,955738)
(955330,955742)
(955332,955337)
(955332,955343)
(955332,955347)
(955332,955350)
(955332,955354)
(955332,955355)
(955332,955362)
(955332,955365)
(955332,955369)
(955332,955374)
(955332,955377)
(955332,955383)
(955332,955387)
(955332,955402)
(955332,955407)
(955332,955413)
(955332,955417)
(955332,955420)
(955332,955430)
(955332,955441)
(955332,955443)
(955332,955447)
(955332,955450)
(955332,955456)
(955332,955467)
(955332,955472)
(955332,955476)
(955332,955483)
(955332,955485)
(955332,955487)
(955332,955493)
(955332,955496)
(955332,955507)
(955332,955511)
(955332,955518)
(955332,955522)
(955332,955533)
(955332,955540)
(955332,955544)
(955332,955550)
(955332,955557)
(955332,955564)
(955332,955568)
(955332,955573)
(955332,955577)
(955332,955583)
(955332,955592)
(955332,955596)
(955332,955606)
(955332,955610)
(955332,955618)
(955332,955623)
(955332,955630)
(955332,955636)
(955332,955640)
(955332,955646)
(955332,955652)
(955332,955669)
(955332,955675)
(955332,955683)
(955332,955686)
(955332,955694)
(955332,955699)
(955332,955701)
(955332,955706)
(955332,955712)
(955332,955715)
(955332,955724)
(955332,955730)
(955332,955733)
(955332,955738)
(955332,955742)
(955337,955343)
(955337,955347)
(955337,955350)
(955337,955354)
(955337,955355)
(955337,955362)
(955337,955365)
(955337,955369)
(955337,955374)
(955337,955377)
(955337,955383)
(955337,955387)
(955337,955402)
(955337,955407)
(955337,955413)
(955337,955417)
(955337,955420)
(955337,955430)
(955337,955441)
(955337,955443)
(955337,955447)
(955337,955450)
(955337,955456)
(955337,955467)
(955337,955472)
(955337,955476)
(955337,955483)
(955337,955485)
(955337,955487)
(955337,955493)
(955337,955496)
(955337,955507)
(955337,955511)
(955337,955518)
(955337,955522)
(955337,955533)
(955337,955540)
(955337,955544)
(955337,955550)
(955337,955557)
(955337,955564)
(955337,955568)
(955337,955573)
(955337,955577)
(955337,955583)
(955337,955592)
(955337,955596)
(955337,955606)
(955337,955610)
(955337,955618)
(955337,955623)
(955337,955630)
(955337,955636)
(955337,955640)
(955337,955646)
(955337,955652)
(955337,955669)
(955337,955675)
(955337,955683)
(955337,955686)
(955337,955694)
(955337,955699)
(955337,955701)
(955337,955706)
(955337,955712)
(955337,955715)
(955337,955724)
(955337,955730)
(955337,955733)
(955337,955738)
(955337,955742)
(955343,955347)
(955343,955350)
(955343,955354)
(955343,955355)
(955343,955362)
(955343,955365)
(955343,955369)
(955343,955374)
(955343,955377)
(955343,955383)
(955343,955387)
(955343,955402)
(955343,955407)
(955343,955413)
(955343,955417)
(955343,955420)
(955343,955430)
(955343,955441)
(955343,955443)
(955343,955447)
(955343,955450)
(955343,955456)
(955343,955467)
(955343,955472)
(955343,955476)
(955343,955483)
(955343,955485)
(955343,955487)
(955343,955493)
(955343,955496)
(955343,955507)
(955343,955511)
(955343,955518)
(955343,955522)
(955343,955533)
(955343,955540)
(955343,955544)
(955343,955550)
(955343,955557)
(955343,955564)
(955343,955568)
(955343,955573)
(955343,955577)
(955343,955583)
(955343,955592)
(955343,955596)
(955343,955606)
(955343,955610)
(955343,955618)
(955343,955623)
(955343,955630)
(955343,955636)
(955343,955640)
(955343,955646)
(955343,955652)
(955343,955669)
(955343,955675)
(955343,955683)
(955343,955686)
(955343,955694)
(955343,955699)
(955343,955701)
(955343,955706)
(955343,955712)
(955343,955715)
(955343,955724)
(955343,955730)
(955343,955733)
(955343,955738)
(955343,955742)
(955347,955350)
(955347,955354)
(955347,955355)
(955347,955362)
(955347,955365)
(955347,955369)
(955347,955374)
(955347,955377)
(955347,955383)
(955347,955387)
(955347,955402)
(955347,955407)
(955347,955413)
(955347,955417)
(955347,955420)
(955347,955430)
(955347,955441)
(955347,955443)
(955347,955447)
(955347,955450)
(955347,955456)
(955347,955467)
(955347,955472)
(955347,955476)
(955347,955483)
(955347,955485)
(955347,955487)
(955347,955493)
(955347,955496)
(955347,955507)
(955347,955511)
(955347,955518)
(955347,955522)
(955347,955533)
(955347,955540)
(955347,955544)
(955347,955550)
(955347,955557)
(955347,955564)
(955347,955568)
(955347,955573)
(955347,955577)
(955347,955583)
(955347,955592)
(955347,955596)
(955347,955606)
(955347,955610)
(955347,955618)
(955347,955623)
(955347,955630)
(955347,955636)
(955347,955640)
(955347,955646)
(955347,955652)
(955347,955669)
(955347,955675)
(955347,955683)
(955347,955686)
(955347,955694)
(955347,955699)
(955347,955701)
(955347,955706)
(955347,955712)
(955347,955715)
(955347,955724)
(955347,955730)
(955347,955733)
(955347,955738)
(955347,955742)
(955350,955354)
(955350,955355)
(955350,955362)
(955350,955365)
(955350,955369)
(955350,955374)
(955350,955377)
(955350,955383)
(955350,955387)
(955350,955402)
(955350,955407)
(955350,955413)
(955350,955417)
(955350,955420)
(955350,955430)
(955350,955441)
(955350,955443)
(955350,955447)
(955350,955450)
(955350,955456)
(955350,955467)
(955350,955472)
(955350,955476)
(955350,955483)
(955350,955485)
(955350,955487)
(955350,955493)
(955350,955496)
(955350,955507)
(955350,955511)
(955350,955518)
(955350,955522)
(955350,955533)
(955350,955540)
(955350,955544)
(955350,955550)
(955350,955557)
(955350,955564)
(955350,955568)
(955350,955573)
(955350,955577)
(955350,955583)
(955350,955592)
(955350,955596)
(955350,955606)
(955350,955610)
(955350,955618)
(955350,955623)
(955350,955630)
(955350,955636)
(955350,955640)
(955350,955646)
(955350,955652)
(955350,955669)
(955350,955675)
(955350,955683)
(955350,955686)
(955350,955694)
(955350,955699)
(955350,955701)
(955350,955706)
(955350,955712)
(955350,955715)
(955350,955724)
(955350,955730)
(955350,955733)
(955350,955738)
(955350,955742)
(955354,955355)
(955354,955362)
(955354,955365)
(955354,955369)
(955354,955374)
(955354,955377)
(955354,955383)
(955354,955387)
(955354,955402)
(955354,955407)
(955354,955413)
(955354,955417)
(955354,955420)
(955354,955430)
(955354,955441)
(955354,955443)
(955354,955447)
(955354,955450)
(955354,955456)
(955354,955467)
(955354,955472)
(955354,955476)
(955354,955483)
(955354,955485)
(955354,955487)
(955354,955493)
(955354,955496)
(955354,955507)
(955354,955511)
(955354,955518)
(955354,955522)
(955354,955533)
(955354,955540)
(955354,955544)
(955354,955550)
(955354,955557)
(955354,955564)
(955354,955568)
(955354,955573)
(955354,955577)
(955354,955583)
(955354,955592)
(955354,955596)
(955354,955606)
(955354,955610)
(955354,955618)
(955354,955623)
(955354,955630)
(955354,955636)
(955354,955640)
(955354,955646)
(955354,955652)
(955354,955669)
(955354,955675)
(955354,955683)
(955354,955686)
(955354,955694)
(955354,955699)
(955354,955701)
(955354,955706)
(955354,955712)
(955354,955715)
(955354,955724)
(955354,955730)
(955354,955733)
(955354,955738)
(955354,955742)
(955355,955362)
(955355,955365)
(955355,955369)
(955355,955374)
(955355,955377)
(955355,955383)
(955355,955387)
(955355,955402)
(955355,955407)
(955355,955413)
(955355,955417)
(955355,955420)
(955355,955430)
(955355,955441)
(955355,955443)
(955355,955447)
(955355,955450)
(955355,955456)
(955355,955467)
(955355,955472)
(955355,955476)
(955355,955483)
(955355,955485)
(955355,955487)
(955355,955493)
(955355,955496)
(955355,955507)
(955355,955511)
(955355,955518)
(955355,955522)
(955355,955533)
(955355,955540)
(955355,955544)
(955355,955550)
(955355,955557)
(955355,955564)
(955355,955568)
(955355,955573)
(955355,955577)
(955355,955583)
(955355,955592)
(955355,955596)
(955355,955606)
(955355,955610)
(955355,955618)
(955355,955623)
(955355,955630)
(955355,955636)
(955355,955640)
(955355,955646)
(955355,955652)
(955355,955669)
(955355,955675)
(955355,955683)
(955355,955686)
(955355,955694)
(955355,955699)
(955355,955701)
(955355,955706)
(955355,955712)
(955355,955715)
(955355,955724)
(955355,955730)
(955355,955733)
(955355,955738)
(955355,955742)
(955362,955365)
(955362,955369)
(955362,955374)
(955362,955377)
(955362,955383)
(955362,955387)
(955362,955402)
(955362,955407)
(955362,955413)
(955362,955417)
(955362,955420)
(955362,955430)
(955362,955441)
(955362,955443)
(955362,955447)
(955362,955450)
(955362,955456)
(955362,955467)
(955362,955472)
(955362,955476)
(955362,955483)
(955362,955485)
(955362,955487)
(955362,955493)
(955362,955496)
(955362,955507)
(955362,955511)
(955362,955518)
(955362,955522)
(955362,955533)
(955362,955540)
(955362,955544)
(955362,955550)
(955362,955557)
(955362,955564)
(955362,955568)
(955362,955573)
(955362,955577)
(955362,955583)
(955362,955592)
(955362,955596)
(955362,955606)
(955362,955610)
(955362,955618)
(955362,955623)
(955362,955630)
(955362,955636)
(955362,955640)
(955362,955646)
(955362,955652)
(955362,955669)
(955362,955675)
(955362,955683)
(955362,955686)
(955362,955694)
(955362,955699)
(955362,955701)
(955362,955706)
(955362,955712)
(955362,955715)
(955362,955724)
(955362,955730)
(955362,955733)
(955362,955738)
(955362,955742)
(955365,955369)
(955365,955374)
(955365,955377)
(955365,955383)
(955365,955387)
(955365,955402)
(955365,955407)
(955365,955413)
(955365,955417)
(955365,955420)
(955365,955430)
(955365,955441)
(955365,955443)
(955365,955447)
(955365,955450)
(955365,955456)
(955365,955467)
(955365,955472)
(955365,955476)
(955365,955483)
(955365,955485)
(955365,955487)
(955365,955493)
(955365,955496)
(955365,955507)
(955365,955511)
(955365,955518)
(955365,955522)
(955365,955533)
(955365,955540)
(955365,955544)
(955365,955550)
(955365,955557)
(955365,955564)
(955365,955568)
(955365,955573)
(955365,955577)
(955365,955583)
(955365,955592)
(955365,955596)
(955365,955606)
(955365,955610)
(955365,955618)
(955365,955623)
(955365,955630)
(955365,955636)
(955365,955640)
(955365,955646)
(955365,955652)
(955365,955669)
(955365,955675)
(955365,955683)
(955365,955686)
(955365,955694)
(955365,955699)
(955365,955701)
(955365,955706)
(955365,955712)
(955365,955715)
(955365,955724)
(955365,955730)
(955365,955733)
(955365,955738)
(955365,955742)
(955369,955374)
(955369,955377)
(955369,955383)
(955369,955387)
(955369,955402)
(955369,955407)
(955369,955413)
(955369,955417)
(955369,955420)
(955369,955430)
(955369,955441)
(955369,955443)
(955369,955447)
(955369,955450)
(955369,955456)
(955369,955467)
(955369,955472)
(955369,955476)
(955369,955483)
(955369,955485)
(955369,955487)
(955369,955493)
(955369,955496)
(955369,955507)
(955369,955511)
(955369,955518)
(955369,955522)
(955369,955533)
(955369,955540)
(955369,955544)
(955369,955550)
(955369,955557)
(955369,955564)
(955369,955568)
(955369,955573)
(955369,955577)
(955369,955583)
(955369,955592)
(955369,955596)
(955369,955606)
(955369,955610)
(955369,955618)
(955369,955623)
(955369,955630)
(955369,955636)
(955369,955640)
(955369,955646)
(955369,955652)
(955369,955669)
(955369,955675)
(955369,955683)
(955369,955686)
(955369,955694)
(955369,955699)
(955369,955701)
(955369,955706)
(955369,955712)
(955369,955715)
(955369,955724)
(955369,955730)
(955369,955733)
(955369,955738)
(955369,955742)
(955374,955377)
(955374,955383)
(955374,955387)
(955374,955402)
(955374,955407)
(955374,955413)
(955374,955417)
(955374,955420)
(955374,955430)
(955374,955441)
(955374,955443)
(955374,955447)
(955374,955450)
(955374,955456)
(955374,955467)
(955374,955472)
(955374,955476)
(955374,955483)
(955374,955485)
(955374,955487)
(955374,955493)
(955374,955496)
(955374,955507)
(955374,955511)
(955374,955518)
(955374,955522)
(955374,955533)
(955374,955540)
(955374,955544)
(955374,955550)
(955374,955557)
(955374,955564)
(955374,955568)
(955374,955573)
(955374,955577)
(955374,955583)
(955374,955592)
(955374,955596)
(955374,955606)
(955374,955610)
(955374,955618)
(955374,955623)
(955374,955630)
(955374,955636)
(955374,955640)
(955374,955646)
(955374,955652)
(955374,955669)
(955374,955675)
(955374,955683)
(955374,955686)
(955374,955694)
(955374,955699)
(955374,955701)
(955374,955706)
(955374,955712)
(955374,955715)
(955374,955724)
(955374,955730)
(955374,955733)
(955374,955738)
(955374,955742)
(955377,955383)
(955377,955387)
(955377,955402)
(955377,955407)
(955377,955413)
(955377,955417)
(955377,955420)
(955377,955430)
(955377,955441)
(955377,955443)
(955377,955447)
(955377,955450)
(955377,955456)
(955377,955467)
(955377,955472)
(955377,955476)
(955377,955483)
(955377,955485)
(955377,955487)
(955377,955493)
(955377,955496)
(955377,955507)
(955377,955511)
(955377,955518)
(955377,955522)
(955377,955533)
(955377,955540)
(955377,955544)
(955377,955550)
(955377,955557)
(955377,955564)
(955377,955568)
(955377,955573)
(955377,955577)
(955377,955583)
(955377,955592)
(955377,955596)
(955377,955606)
(955377,955610)
(955377,955618)
(955377,955623)
(955377,955630)
(955377,955636)
(955377,955640)
(955377,955646)
(955377,955652)
(955377,955669)
(955377,955675)
(955377,955683)
(955377,955686)
(955377,955694)
(955377,955699)
(955377,955701)
(955377,955706)
(955377,955712)
(955377,955715)
(955377,955724)
(955377,955730)
(955377,955733)
(955377,955738)
(955377,955742)
(955383,955387)
(955383,955402)
(955383,955407)
(955383,955413)
(955383,955417)
(955383,955420)
(955383,955430)
(955383,955441)
(955383,955443)
(955383,955447)
(955383,955450)
(955383,955456)
(955383,955467)
(955383,955472)
(955383,955476)
(955383,955483)
(955383,955485)
(955383,955487)
(955383,955493)
(955383,955496)
(955383,955507)
(955383,955511)
(955383,955518)
(955383,955522)
(955383,955533)
(955383,955540)
(955383,955544)
(955383,955550)
(955383,955557)
(955383,955564)
(955383,955568)
(955383,955573)
(955383,955577)
(955383,955583)
(955383,955592)
(955383,955596)
(955383,955606)
(955383,955610)
(955383,955618)
(955383,955623)
(955383,955630)
(955383,955636)
(955383,955640)
(955383,955646)
(955383,955652)
(955383,955669)
(955383,955675)
(955383,955683)
(955383,955686)
(955383,955694)
(955383,955699)
(955383,955701)
(955383,955706)
(955383,955712)
(955383,955715)
(955383,955724)
(955383,955730)
(955383,955733)
(955383,955738)
(955383,955742)
(955387,955402)
(955387,955407)
(955387,955413)
(955387,955417)
(955387,955420)
(955387,955430)
(955387,955441)
(955387,955443)
(955387,955447)
(955387,955450)
(955387,955456)
(955387,955467)
(955387,955472)
(955387,955476)
(955387,955483)
(955387,955485)
(955387,955487)
(955387,955493)
(955387,955496)
(955387,955507)
(955387,955511)
(955387,955518)
(955387,955522)
(955387,955533)
(955387,955540)
(955387,955544)
(955387,955550)
(955387,955557)
(955387,955564)
(955387,955568)
(955387,955573)
(955387,955577)
(955387,955583)
(955387,955592)
(955387,955596)
(955387,955606)
(955387,955610)
(955387,955618)
(955387,955623)
(955387,955630)
(955387,955636)
(955387,955640)
(955387,955646)
(955387,955652)
(955387,955669)
(955387,955675)
(955387,955683)
(955387,955686)
(955387,955694)
(955387,955699)
(955387,955701)
(955387,955706)
(955387,955712)
(955387,955715)
(955387,955724)
(955387,955730)
(955387,955733)
(955387,955738)
(955387,955742)
(955402,955407)
(955402,955413)
(955402,955417)
(955402,955420)
(955402,955430)
(955402,955441)
(955402,955443)
(955402,955447)
(955402,955450)
(955402,955456)
(955402,955467)
(955402,955472)
(955402,955476)
(955402,955483)
(955402,955485)
(955402,955487)
(955402,955493)
(955402,955496)
(955402,955507)
(955402,955511)
(955402,955518)
(955402,955522)
(955402,955533)
(955402,955540)
(955402,955544)
(955402,955550)
(955402,955557)
(955402,955564)
(955402,955568)
(955402,955573)
(955402,955577)
(955402,955583)
(955402,955592)
(955402,955596)
(955402,955606)
(955402,955610)
(955402,955618)
(955402,955623)
(955402,955630)
(955402,955636)
(955402,955640)
(955402,955646)
(955402,955652)
(955402,955669)
(955402,955675)
(955402,955683)
(955402,955686)
(955402,955694)
(955402,955699)
(955402,955701)
(955402,955706)
(955402,955712)
(955402,955715)
(955402,955724)
(955402,955730)
(955402,955733)
(955402,955738)
(955402,955742)
(955407,955413)
(955407,955417)
(955407,955420)
(955407,955430)
(955407,955441)
(955407,955443)
(955407,955447)
(955407,955450)
(955407,955456)
(955407,955467)
(955407,955472)
(955407,955476)
(955407,955483)
(955407,955485)
(955407,955487)
(955407,955493)
(955407,955496)
(955407,955507)
(955407,955511)
(955407,955518)
(955407,955522)
(955407,955533)
(955407,955540)
(955407,955544)
(955407,955550)
(955407,955557)
(955407,955564)
(955407,955568)
(955407,955573)
(955407,955577)
(955407,955583)
(955407,955592)
(955407,955596)
(955407,955606)
(955407,955610)
(955407,955618)
(955407,955623)
(955407,955630)
(955407,955636)
(955407,955640)
(955407,955646)
(955407,955652)
(955407,955669)
(955407,955675)
(955407,955683)
(955407,955686)
(955407,955694)
(955407,955699)
(955407,955701)
(955407,955706)
(955407,955712)
(955407,955715)
(955407,955724)
(955407,955730)
(955407,955733)
(955407,955738)
(955407,955742)
(955413,955417)
(955413,955420)
(955413,955430)
(955413,955441)
(955413,955443)
(955413,955447)
(955413,955450)
(955413,955456)
(955413,955467)
(955413,955472)
(955413,955476)
(955413,955483)
(955413,955485)
(955413,955487)
(955413,955493)
(955413,955496)
(955413,955507)
(955413,955511)
(955413,955518)
(955413,955522)
(955413,955533)
(955413,955540)
(955413,955544)
(955413,955550)
(955413,955557)
(955413,955564)
(955413,955568)
(955413,955573)
(955413,955577)
(955413,955583)
(955413,955592)
(955413,955596)
(955413,955606)
(955413,955610)
(955413,955618)
(955413,955623)
(955413,955630)
(955413,955636)
(955413,955640)
(955413,955646)
(955413,955652)
(955413,955669)
(955413,955675)
(955413,955683)
(955413,955686)
(955413,955694)
(955413,955699)
(955413,955701)
(955413,955706)
(955413,955712)
(955413,955715)
(955413,955724)
(955413,955730)
(955413,955733)
(955413,955738)
(955413,955742)
(955417,955420)
(955417,955430)
(955417,955441)
(955417,955443)
(955417,955447)
(955417,955450)
(955417,955456)
(955417,955467)
(955417,955472)
(955417,955476)
(955417,955483)
(955417,955485)
(955417,955487)
(955417,955493)
(955417,955496)
(955417,955507)
(955417,955511)
(955417,955518)
(955417,955522)
(955417,955533)
(955417,955540)
(955417,955544)
(955417,955550)
(955417,955557)
(955417,955564)
(955417,955568)
(955417,955573)
(955417,955577)
(955417,955583)
(955417,955592)
(955417,955596)
(955417,955606)
(955417,955610)
(955417,955618)
(955417,955623)
(955417,955630)
(955417,955636)
(955417,955640)
(955417,955646)
(955417,955652)
(955417,955669)
(955417,955675)
(955417,955683)
(955417,955686)
(955417,955694)
(955417,955699)
(955417,955701)
(955417,955706)
(955417,955712)
(955417,955715)
(955417,955724)
(955417,955730)
(955417,955733)
(955417,955738)
(955417,955742)
(955420,955430)
(955420,955441)
(955420,955443)
(955420,955447)
(955420,955450)
(955420,955456)
(955420,955467)
(955420,955472)
(955420,955476)
(955420,955483)
(955420,955485)
(955420,955487)
(955420,955493)
(955420,955496)
(955420,955507)
(955420,955511)
(955420,955518)
(955420,955522)
(955420,955533)
(955420,955540)
(955420,955544)
(955420,955550)
(955420,955557)
(955420,955564)
(955420,955568)
(955420,955573)
(955420,955577)
(955420,955583)
(955420,955592)
(955420,955596)
(955420,955606)
(955420,955610)
(955420,955618)
(955420,955623)
(955420,955630)
(955420,955636)
(955420,955640)
(955420,955646)
(955420,955652)
(955420,955669)
(955420,955675)
(955420,955683)
(955420,955686)
(955420,955694)
(955420,955699)
(955420,955701)
(955420,955706)
(955420,955712)
(955420,955715)
(955420,955724)
(955420,955730)
(955420,955733)
(955420,955738)
(955420,955742)
(955430,955441)
(955430,955443)
(955430,955447)
(955430,955450)
(955430,955456)
(955430,955467)
(955430,955472)
(955430,955476)
(955430,955483)
(955430,955485)
(955430,955487)
(955430,955493)
(955430,955496)
(955430,955507)
(955430,955511)
(955430,955518)
(955430,955522)
(955430,955533)
(955430,955540)
(955430,955544)
(955430,955550)
(955430,955557)
(955430,955564)
(955430,955568)
(955430,955573)
(955430,955577)
(955430,955583)
(955430,955592)
(955430,955596)
(955430,955606)
(955430,955610)
(955430,955618)
(955430,955623)
(955430,955630)
(955430,955636)
(955430,955640)
(955430,955646)
(955430,955652)
(955430,955669)
(955430,955675)
(955430,955683)
(955430,955686)
(955430,955694)
(955430,955699)
(955430,955701)
(955430,955706)
(955430,955712)
(955430,955715)
(955430,955724)
(955430,955730)
(955430,955733)
(955430,955738)
(955430,955742)
(955441,955443)
(955441,955447)
(955441,955450)
(955441,955456)
(955441,955467)
(955441,955472)
(955441,955476)
(955441,955483)
(955441,955485)
(955441,955487)
(955441,955493)
(955441,955496)
(955441,955507)
(955441,955511)
(955441,955518)
(955441,955522)
(955441,955533)
(955441,955540)
(955441,955544)
(955441,955550)
(955441,955557)
(955441,955564)
(955441,955568)
(955441,955573)
(955441,955577)
(955441,955583)
(955441,955592)
(955441,955596)
(955441,955606)
(955441,955610)
(955441,955618)
(955441,955623)
(955441,955630)
(955441,955636)
(955441,955640)
(955441,955646)
(955441,955652)
(955441,955669)
(955441,955675)
(955441,955683)
(955441,955686)
(955441,955694)
(955441,955699)
(955441,955701)
(955441,955706)
(955441,955712)
(955441,955715)
(955441,955724)
(955441,955730)
(955441,955733)
(955441,955738)
(955441,955742)
(955443,955447)
(955443,955450)
(955443,955456)
(955443,955467)
(955443,955472)
(955443,955476)
(955443,955483)
(955443,955485)
(955443,955487)
(955443,955493)
(955443,955496)
(955443,955507)
(955443,955511)
(955443,955518)
(955443,955522)
(955443,955533)
(955443,955540)
(955443,955544)
(955443,955550)
(955443,955557)
(955443,955564)
(955443,955568)
(955443,955573)
(955443,955577)
(955443,955583)
(955443,955592)
(955443,955596)
(955443,955606)
(955443,955610)
(955443,955618)
(955443,955623)
(955443,955630)
(955443,955636)
(955443,955640)
(955443,955646)
(955443,955652)
(955443,955669)
(955443,955675)
(955443,955683)
(955443,955686)
(955443,955694)
(955443,955699)
(955443,955701)
(955443,955706)
(955443,955712)
(955443,955715)
(955443,955724)
(955443,955730)
(955443,955733)
(955443,955738)
(955443,955742)
(955447,955450)
(955447,955456)
(955447,955467)
(955447,955472)
(955447,955476)
(955447,955483)
(955447,955485)
(955447,955487)
(955447,955493)
(955447,955496)
(955447,955507)
(955447,955511)
(955447,955518)
(955447,955522)
(955447,955533)
(955447,955540)
(955447,955544)
(955447,955550)
(955447,955557)
(955447,955564)
(955447,955568)
(955447,955573)
(955447,955577)
(955447,955583)
(955447,955592)
(955447,955596)
(955447,955606)
(955447,955610)
(955447,955618)
(955447,955623)
(955447,955630)
(955447,955636)
(955447,955640)
(955447,955646)
(955447,955652)
(955447,955669)
(955447,955675)
(955447,955683)
(955447,955686)
(955447,955694)
(955447,955699)
(955447,955701)
(955447,955706)
(955447,955712)
(955447,955715)
(955447,955724)
(955447,955730)
(955447,955733)
(955447,955738)
(955447,955742)
(955450,955456)
(955450,955467)
(955450,955472)
(955450,955476)
(955450,955483)
(955450,955485)
(955450,955487)
(955450,955493)
(955450,955496)
(955450,955507)
(955450,955511)
(955450,955518)
(955450,955522)
(955450,955533)
(955450,955540)
(955450,955544)
(955450,955550)
(955450,955557)
(955450,955564)
(955450,955568)
(955450,955573)
(955450,955577)
(955450,955583)
(955450,955592)
(955450,955596)
(955450,955606)
(955450,955610)
(955450,955618)
(955450,955623)
(955450,955630)
(955450,955636)
(955450,955640)
(955450,955646)
(955450,955652)
(955450,955669)
(955450,955675)
(955450,955683)
(955450,955686)
(955450,955694)
(955450,955699)
(955450,955701)
(955450,955706)
(955450,955712)
(955450,955715)
(955450,955724)
(955450,955730)
(955450,955733)
(955450,955738)
(955450,955742)
(955456,955467)
(955456,955472)
(955456,955476)
(955456,955483)
(955456,955485)
(955456,955487)
(955456,955493)
(955456,955496)
(955456,955507)
(955456,955511)
(955456,955518)
(955456,955522)
(955456,955533)
(955456,955540)
(955456,955544)
(955456,955550)
(955456,955557)
(955456,955564)
(955456,955568)
(955456,955573)
(955456,955577)
(955456,955583)
(955456,955592)
(955456,955596)
(955456,955606)
(955456,955610)
(955456,955618)
(955456,955623)
(955456,955630)
(955456,955636)
(955456,955640)
(955456,955646)
(955456,955652)
(955456,955669)
(955456,955675)
(955456,955683)
(955456,955686)
(955456,955694)
(955456,955699)
(955456,955701)
(955456,955706)
(955456,955712)
(955456,955715)
(955456,955724)
(955456,955730)
(955456,955733)
(955456,955738)
(955456,955742)
(955467,955472)
(955467,955476)
(955467,955483)
(955467,955485)
(955467,955487)
(955467,955493)
(955467,955496)
(955467,955507)
(955467,955511)
(955467,955518)
(955467,955522)
(955467,955533)
(955467,955540)
(955467,955544)
(955467,955550)
(955467,955557)
(955467,955564)
(955467,955568)
(955467,955573)
(955467,955577)
(955467,955583)
(955467,955592)
(955467,955596)
(955467,955606)
(955467,955610)
(955467,955618)
(955467,955623)
(955467,955630)
(955467,955636)
(955467,955640)
(955467,955646)
(955467,955652)
(955467,955669)
(955467,955675)
(955467,955683)
(955467,955686)
(955467,955694)
(955467,955699)
(955467,955701)
(955467,955706)
(955467,955712)
(955467,955715)
(955467,955724)
(955467,955730)
(955467,955733)
(955467,955738)
(955467,955742)
(955472,955476)
(955472,955483)
(955472,955485)
(955472,955487)
(955472,955493)
(955472,955496)
(955472,955507)
(955472,955511)
(955472,955518)
(955472,955522)
(955472,955533)
(955472,955540)
(955472,955544)
(955472,955550)
(955472,955557)
(955472,955564)
(955472,955568)
(955472,955573)
(955472,955577)
(955472,955583)
(955472,955592)
(955472,955596)
(955472,955606)
(955472,955610)
(955472,955618)
(955472,955623)
(955472,955630)
(955472,955636)
(955472,955640)
(955472,955646)
(955472,955652)
(955472,955669)
(955472,955675)
(955472,955683)
(955472,955686)
(955472,955694)
(955472,955699)
(955472,955701)
(955472,955706)
(955472,955712)
(955472,955715)
(955472,955724)
(955472,955730)
(955472,955733)
(955472,955738)
(955472,955742)
(955476,955483)
(955476,955485)
(955476,955487)
(955476,955493)
(955476,955496)
(955476,955507)
(955476,955511)
(955476,955518)
(955476,955522)
(955476,955533)
(955476,955540)
(955476,955544)
(955476,955550)
(955476,955557)
(955476,955564)
(955476,955568)
(955476,955573)
(955476,955577)
(955476,955583)
(955476,955592)
(955476,955596)
(955476,955606)
(955476,955610)
(955476,955618)
(955476,955623)
(955476,955630)
(955476,955636)
(955476,955640)
(955476,955646)
(955476,955652)
(955476,955669)
(955476,955675)
(955476,955683)
(955476,955686)
(955476,955694)
(955476,955699)
(955476,955701)
(955476,955706)
(955476,955712)
(955476,955715)
(955476,955724)
(955476,955730)
(955476,955733)
(955476,955738)
(955476,955742)
(955483,955485)
(955483,955487)
(955483,955493)
(955483,955496)
(955483,955507)
(955483,955511)
(955483,955518)
(955483,955522)
(955483,955533)
(955483,955540)
(955483,955544)
(955483,955550)
(955483,955557)
(955483,955564)
(955483,955568)
(955483,955573)
(955483,955577)
(955483,955583)
(955483,955592)
(955483,955596)
(955483,955606)
(955483,955610)
(955483,955618)
(955483,955623)
(955483,955630)
(955483,955636)
(955483,955640)
(955483,955646)
(955483,955652)
(955483,955669)
(955483,955675)
(955483,955683)
(955483,955686)
(955483,955694)
(955483,955699)
(955483,955701)
(955483,955706)
(955483,955712)
(955483,955715)
(955483,955724)
(955483,955730)
(955483,955733)
(955483,955738)
(955483,955742)
(955485,955487)
(955485,955493)
(955485,955496)
(955485,955507)
(955485,955511)
(955485,955518)
(955485,955522)
(955485,955533)
(955485,955540)
(955485,955544)
(955485,955550)
(955485,955557)
(955485,955564)
(955485,955568)
(955485,955573)
(955485,955577)
(955485,955583)
(955485,955592)
(955485,955596)
(955485,955606)
(955485,955610)
(955485,955618)
(955485,955623)
(955485,955630)
(955485,955636)
(955485,955640)
(955485,955646)
(955485,955652)
(955485,955669)
(955485,955675)
(955485,955683)
(955485,955686)
(955485,955694)
(955485,955699)
(955485,955701)
(955485,955706)
(955485,955712)
(955485,955715)
(955485,955724)
(955485,955730)
(955485,955733)
(955485,955738)
(955485,955742)
(955487,955493)
(955487,955496)
(955487,955507)
(955487,955511)
(955487,955518)
(955487,955522)
(955487,955533)
(955487,955540)
(955487,955544)
(955487,955550)
(955487,955557)
(955487,955564)
(955487,955568)
(955487,955573)
(955487,955577)
(955487,955583)
(955487,955592)
(955487,955596)
(955487,955606)
(955487,955610)
(955487,955618)
(955487,955623)
(955487,955630)
(955487,955636)
(955487,955640)
(955487,955646)
(955487,955652)
(955487,955669)
(955487,955675)
(955487,955683)
(955487,955686)
(955487,955694)
(955487,955699)
(955487,955701)
(955487,955706)
(955487,955712)
(955487,955715)
(955487,955724)
(955487,955730)
(955487,955733)
(955487,955738)
(955487,955742)
(955493,955496)
(955493,955507)
(955493,955511)
(955493,955518)
(955493,955522)
(955493,955533)
(955493,955540)
(955493,955544)
(955493,955550)
(955493,955557)
(955493,955564)
(955493,955568)
(955493,955573)
(955493,955577)
(955493,955583)
(955493,955592)
(955493,955596)
(955493,955606)
(955493,955610)
(955493,955618)
(955493,955623)
(955493,955630)
(955493,955636)
(955493,955640)
(955493,955646)
(955493,955652)
(955493,955669)
(955493,955675)
(955493,955683)
(955493,955686)
(955493,955694)
(955493,955699)
(955493,955701)
(955493,955706)
(955493,955712)
(955493,955715)
(955493,955724)
(955493,955730)
(955493,955733)
(955493,955738)
(955493,955742)
(955496,955507)
(955496,955511)
(955496,955518)
(955496,955522)
(955496,955533)
(955496,955540)
(955496,955544)
(955496,955550)
(955496,955557)
(955496,955564)
(955496,955568)
(955496,955573)
(955496,955577)
(955496,955583)
(955496,955592)
(955496,955596)
(955496,955606)
(955496,955610)
(955496,955618)
(955496,955623)
(955496,955630)
(955496,955636)
(955496,955640)
(955496,955646)
(955496,955652)
(955496,955669)
(955496,955675)
(955496,955683)
(955496,955686)
(955496,955694)
(955496,955699)
(955496,955701)
(955496,955706)
(955496,955712)
(955496,955715)
(955496,955724)
(955496,955730)
(955496,955733)
(955496,955738)
(955496,955742)
(955507,955511)
(955507,955518)
(955507,955522)
(955507,955533)
(955507,955540)
(955507,955544)
(955507,955550)
(955507,955557)
(955507,955564)
(955507,955568)
(955507,955573)
(955507,955577)
(955507,955583)
(955507,955592)
(955507,955596)
(955507,955606)
(955507,955610)
(955507,955618)
(955507,955623)
(955507,955630)
(955507,955636)
(955507,955640)
(955507,955646)
(955507,955652)
(955507,955669)
(955507,955675)
(955507,955683)
(955507,955686)
(955507,955694)
(955507,955699)
(955507,955701)
(955507,955706)
(955507,955712)
(955507,955715)
(955507,955724)
(955507,955730)
(955507,955733)
(955507,955738)
(955507,955742)
(955511,955518)
(955511,955522)
(955511,955533)
(955511,955540)
(955511,955544)
(955511,955550)
(955511,955557)
(955511,955564)
(955511,955568)
(955511,955573)
(955511,955577)
(955511,955583)
(955511,955592)
(955511,955596)
(955511,955606)
(955511,955610)
(955511,955618)
(955511,955623)
(955511,955630)
(955511,955636)
(955511,955640)
(955511,955646)
(955511,955652)
(955511,955669)
(955511,955675)
(955511,955683)
(955511,955686)
(955511,955694)
(955511,955699)
(955511,955701)
(955511,955706)
(955511,955712)
(955511,955715)
(955511,955724)
(955511,955730)
(955511,955733)
(955511,955738)
(955511,955742)
(955518,955522)
(955518,955533)
(955518,955540)
(955518,955544)
(955518,955550)
(955518,955557)
(955518,955564)
(955518,955568)
(955518,955573)
(955518,955577)
(955518,955583)
(955518,955592)
(955518,955596)
(955518,955606)
(955518,955610)
(955518,955618)
(955518,955623)
(955518,955630)
(955518,955636)
(955518,955640)
(955518,955646)
(955518,955652)
(955518,955669)
(955518,955675)
(955518,955683)
(955518,955686)
(955518,955694)
(955518,955699)
(955518,955701)
(955518,955706)
(955518,955712)
(955518,955715)
(955518,955724)
(955518,955730)
(955518,955733)
(955518,955738)
(955518,955742)
(955522,955533)
(955522,955540)
(955522,955544)
(955522,955550)
(955522,955557)
(955522,955564)
(955522,955568)
(955522,955573)
(955522,955577)
(955522,955583)
(955522,955592)
(955522,955596)
(955522,955606)
(955522,955610)
(955522,955618)
(955522,955623)
(955522,955630)
(955522,955636)
(955522,955640)
(955522,955646)
(955522,955652)
(955522,955669)
(955522,955675)
(955522,955683)
(955522,955686)
(955522,955694)
(955522,955699)
(955522,955701)
(955522,955706)
(955522,955712)
(955522,955715)
(955522,955724)
(955522,955730)
(955522,955733)
(955522,955738)
(955522,955742)
(955533,955540)
(955533,955544)
(955533,955550)
(955533,955557)
(955533,955564)
(955533,955568)
(955533,955573)
(955533,955577)
(955533,955583)
(955533,955592)
(955533,955596)
(955533,955606)
(955533,955610)
(955533,955618)
(955533,955623)
(955533,955630)
(955533,955636)
(955533,955640)
(955533,955646)
(955533,955652)
(955533,955669)
(955533,955675)
(955533,955683)
(955533,955686)
(955533,955694)
(955533,955699)
(955533,955701)
(955533,955706)
(955533,955712)
(955533,955715)
(955533,955724)
(955533,955730)
(955533,955733)
(955533,955738)
(955533,955742)
(955540,955544)
(955540,955550)
(955540,955557)
(955540,955564)
(955540,955568)
(955540,955573)
(955540,955577)
(955540,955583)
(955540,955592)
(955540,955596)
(955540,955606)
(955540,955610)
(955540,955618)
(955540,955623)
(955540,955630)
(955540,955636)
(955540,955640)
(955540,955646)
(955540,955652)
(955540,955669)
(955540,955675)
(955540,955683)
(955540,955686)
(955540,955694)
(955540,955699)
(955540,955701)
(955540,955706)
(955540,955712)
(955540,955715)
(955540,955724)
(955540,955730)
(955540,955733)
(955540,955738)
(955540,955742)
(955544,955550)
(955544,955557)
(955544,955564)
(955544,955568)
(955544,955573)
(955544,955577)
(955544,955583)
(955544,955592)
(955544,955596)
(955544,955606)
(955544,955610)
(955544,955618)
(955544,955623)
(955544,955630)
(955544,955636)
(955544,955640)
(955544,955646)
(955544,955652)
(955544,955669)
(955544,955675)
(955544,955683)
(955544,955686)
(955544,955694)
(955544,955699)
(955544,955701)
(955544,955706)
(955544,955712)
(955544,955715)
(955544,955724)
(955544,955730)
(955544,955733)
(955544,955738)
(955544,955742)
(955550,955557)
(955550,955564)
(955550,955568)
(955550,955573)
(955550,955577)
(955550,955583)
(955550,955592)
(955550,955596)
(955550,955606)
(955550,955610)
(955550,955618)
(955550,955623)
(955550,955630)
(955550,955636)
(955550,955640)
(955550,955646)
(955550,955652)
(955550,955669)
(955550,955675)
(955550,955683)
(955550,955686)
(955550,955694)
(955550,955699)
(955550,955701)
(955550,955706)
(955550,955712)
(955550,955715)
(955550,955724)
(955550,955730)
(955550,955733)
(955550,955738)
(955550,955742)
(955557,955564)
(955557,955568)
(955557,955573)
(955557,955577)
(955557,955583)
(955557,955592)
(955557,955596)
(955557,955606)
(955557,955610)
(955557,955618)
(955557,955623)
(955557,955630)
(955557,955636)
(955557,955640)
(955557,955646)
(955557,955652)
(955557,955669)
(955557,955675)
(955557,955683)
(955557,955686)
(955557,955694)
(955557,955699)
(955557,955701)
(955557,955706)
(955557,955712)
(955557,955715)
(955557,955724)
(955557,955730)
(955557,955733)
(955557,955738)
(955557,955742)
(955564,955568)
(955564,955573)
(955564,955577)
(955564,955583)
(955564,955592)
(955564,955596)
(955564,955606)
(955564,955610)
(955564,955618)
(955564,955623)
(955564,955630)
(955564,955636)
(955564,955640)
(955564,955646)
(955564,955652)
(955564,955669)
(955564,955675)
(955564,955683)
(955564,955686)
(955564,955694)
(955564,955699)
(955564,955701)
(955564,955706)
(955564,955712)
(955564,955715)
(955564,955724)
(955564,955730)
(955564,955733)
(955564,955738)
(955564,955742)
(955568,955573)
(955568,955577)
(955568,955583)
(955568,955592)
(955568,955596)
(955568,955606)
(955568,955610)
(955568,955618)
(955568,955623)
(955568,955630)
(955568,955636)
(955568,955640)
(955568,955646)
(955568,955652)
(955568,955669)
(955568,955675)
(955568,955683)
(955568,955686)
(955568,955694)
(955568,955699)
(955568,955701)
(955568,955706)
(955568,955712)
(955568,955715)
(955568,955724)
(955568,955730)
(955568,955733)
(955568,955738)
(955568,955742)
(955573,955577)
(955573,955583)
(955573,955592)
(955573,955596)
(955573,955606)
(955573,955610)
(955573,955618)
(955573,955623)
(955573,955630)
(955573,955636)
(955573,955640)
(955573,955646)
(955573,955652)
(955573,955669)
(955573,955675)
(955573,955683)
(955573,955686)
(955573,955694)
(955573,955699)
(955573,955701)
(955573,955706)
(955573,955712)
(955573,955715)
(955573,955724)
(955573,955730)
(955573,955733)
(955573,955738)
(955573,955742)
(955577,955583)
(955577,955592)
(955577,955596)
(955577,955606)
(955577,955610)
(955577,955618)
(955577,955623)
(955577,955630)
(955577,955636)
(955577,955640)
(955577,955646)
(955577,955652)
(955577,955669)
(955577,955675)
(955577,955683)
(955577,955686)
(955577,955694)
(955577,955699)
(955577,955701)
(955577,955706)
(955577,955712)
(955577,955715)
(955577,955724)
(955577,955730)
(955577,955733)
(955577,955738)
(955577,955742)
(955583,955592)
(955583,955596)
(955583,955606)
(955583,955610)
(955583,955618)
(955583,955623)
(955583,955630)
(955583,955636)
(955583,955640)
(955583,955646)
(955583,955652)
(955583,955669)
(955583,955675)
(955583,955683)
(955583,955686)
(955583,955694)
(955583,955699)
(955583,955701)
(955583,955706)
(955583,955712)
(955583,955715)
(955583,955724)
(955583,955730)
(955583,955733)
(955583,955738)
(955583,955742)
(955592,955596)
(955592,955606)
(955592,955610)
(955592,955618)
(955592,955623)
(955592,955630)
(955592,955636)
(955592,955640)
(955592,955646)
(955592,955652)
(955592,955669)
(955592,955675)
(955592,955683)
(955592,955686)
(955592,955694)
(955592,955699)
(955592,955701)
(955592,955706)
(955592,955712)
(955592,955715)
(955592,955724)
(955592,955730)
(955592,955733)
(955592,955738)
(955592,955742)
(955596,955606)
(955596,955610)
(955596,955618)
(955596,955623)
(955596,955630)
(955596,955636)
(955596,955640)
(955596,955646)
(955596,955652)
(955596,955669)
(955596,955675)
(955596,955683)
(955596,955686)
(955596,955694)
(955596,955699)
(955596,955701)
(955596,955706)
(955596,955712)
(955596,955715)
(955596,955724)
(955596,955730)
(955596,955733)
(955596,955738)
(955596,955742)
(955606,955610)
(955606,955618)
(955606,955623)
(955606,955630)
(955606,955636)
(955606,955640)
(955606,955646)
(955606,955652)
(955606,955669)
(955606,955675)
(955606,955683)
(955606,955686)
(955606,955694)
(955606,955699)
(955606,955701)
(955606,955706)
(955606,955712)
(955606,955715)
(955606,955724)
(955606,955730)
(955606,955733)
(955606,955738)
(955606,955742)
(955610,955618)
(955610,955623)
(955610,955630)
(955610,955636)
(955610,955640)
(955610,955646)
(955610,955652)
(955610,955669)
(955610,955675)
(955610,955683)
(955610,955686)
(955610,955694)
(955610,955699)
(955610,955701)
(955610,955706)
(955610,955712)
(955610,955715)
(955610,955724)
(955610,955730)
(955610,955733)
(955610,955738)
(955610,955742)
(955618,955623)
(955618,955630)
(955618,955636)
(955618,955640)
(955618,955646)
(955618,955652)
(955618,955669)
(955618,955675)
(955618,955683)
(955618,955686)
(955618,955694)
(955618,955699)
(955618,955701)
(955618,955706)
(955618,955712)
(955618,955715)
(955618,955724)
(955618,955730)
(955618,955733)
(955618,955738)
(955618,955742)
(955623,955630)
(955623,955636)
(955623,955640)
(955623,955646)
(955623,955652)
(955623,955669)
(955623,955675)
(955623,955683)
(955623,955686)
(955623,955694)
(955623,955699)
(955623,955701)
(955623,955706)
(955623,955712)
(955623,955715)
(955623,955724)
(955623,955730)
(955623,955733)
(955623,955738)
(955623,955742)
(955630,955636)
(955630,955640)
(955630,955646)
(955630,955652)
(955630,955669)
(955630,955675)
(955630,955683)
(955630,955686)
(955630,955694)
(955630,955699)
(955630,955701)
(955630,955706)
(955630,955712)
(955630,955715)
(955630,955724)
(955630,955730)
(955630,955733)
(955630,955738)
(955630,955742)
(955636,955640)
(955636,955646)
(955636,955652)
(955636,955669)
(955636,955675)
(955636,955683)
(955636,955686)
(955636,955694)
(955636,955699)
(955636,955701)
(955636,955706)
(955636,955712)
(955636,955715)
(955636,955724)
(955636,955730)
(955636,955733)
(955636,955738)
(955636,955742)
(955640,955646)
(955640,955652)
(955640,955669)
(955640,955675)
(955640,955683)
(955640,955686)
(955640,955694)
(955640,955699)
(955640,955701)
(955640,955706)
(955640,955712)
(955640,955715)
(955640,955724)
(955640,955730)
(955640,955733)
(955640,955738)
(955640,955742)
(955646,955652)
(955646,955669)
(955646,955675)
(955646,955683)
(955646,955686)
(955646,955694)
(955646,955699)
(955646,955701)
(955646,955706)
(955646,955712)
(955646,955715)
(955646,955724)
(955646,955730)
(955646,955733)
(955646,955738)
(955646,955742)
(955652,955669)
(955652,955675)
(955652,955683)
(955652,955686)
(955652,955694)
(955652,955699)
(955652,955701)
(955652,955706)
(955652,955712)
(955652,955715)
(955652,955724)
(955652,955730)
(955652,955733)
(955652,955738)
(955652,955742)
(955669,955675)
(955669,955683)
(955669,955686)
(955669,955694)
(955669,955699)
(955669,955701)
(955669,955706)
(955669,955712)
(955669,955715)
(955669,955724)
(955669,955730)
(955669,955733)
(955669,955738)
(955669,955742)
(955675,955683)
(955675,955686)
(955675,955694)
(955675,955699)
(955675,955701)
(955675,955706)
(955675,955712)
(955675,955715)
(955675,955724)
(955675,955730)
(955675,955733)
(955675,955738)
(955675,955742)
(955683,955686)
(955683,955694)
(955683,955699)
(955683,955701)
(955683,955706)
(955683,955712)
(955683,955715)
(955683,955724)
(955683,955730)
(955683,955733)
(955683,955738)
(955683,955742)
(955686,955694)
(955686,955699)
(955686,955701)
(955686,955706)
(955686,955712)
(955686,955715)
(955686,955724)
(955686,955730)
(955686,955733)
(955686,955738)
(955686,955742)
(955694,955699)
(955694,955701)
(955694,955706)
(955694,955712)
(955694,955715)
(955694,955724)
(955694,955730)
(955694,955733)
(955694,955738)
(955694,955742)
(955699,955701)
(955699,955706)
(955699,955712)
(955699,955715)
(955699,955724)
(955699,955730)
(955699,955733)
(955699,955738)
(955699,955742)
(955701,955706)
(955701,955712)
(955701,955715)
(955701,955724)
(955701,955730)
(955701,955733)
(955701,955738)
(955701,955742)
(955706,955712)
(955706,955715)
(955706,955724)
(955706,955730)
(955706,955733)
(955706,955738)
(955706,955742)
(955712,955715)
(955712,955724)
(955712,955730)
(955712,955733)
(955712,955738)
(955712,955742)
(955715,955724)
(955715,955730)
(955715,955733)
(955715,955738)
(955715,955742)
(955724,955730)
(955724,955733)
(955724,955738)
(955724,955742)
(955730,955733)
(955730,955738)
(955730,955742)
(955733,955738)
(955733,955742)
(955738,955742)
(955745,955747)
(955745,955749)
(955747,955749)
(955753,955756)
(955753,955760)
(955753,955766)
(955753,955769)
(955756,955760)
(955756,955766)
(955756,955769)
(955760,955766)
(955760,955769)
(955766,955769)
(955771,955778)
(955784,955787)
(955784,955789)
(955784,955793)
(955787,955789)
(955787,955793)
(955789,955793)
(955797,955799)
(955797,955802)
(955797,955807)
(955797,955809)
(955797,955813)
(955797,955817)
(955797,955820)
(955797,955822)
(955797,955826)
(955797,955827)
(955797,955829)
(955797,955833)
(955799,955802)
(955799,955807)
(955799,955809)
(955799,955813)
(955799,955817)
(955799,955820)
(955799,955822)
(955799,955826)
(955799,955827)
(955799,955829)
(955799,955833)
(955802,955807)
(955802,955809)
(955802,955813)
(955802,955817)
(955802,955820)
(955802,955822)
(955802,955826)
(955802,955827)
(955802,955829)
(955802,955833)
(955807,955809)
(955807,955813)
(955807,955817)
(955807,955820)
(955807,955822)
(955807,955826)
(955807,955827)
(955807,955829)
(955807,955833)
(955809,955813)
(955809,955817)
(955809,955820)
(955809,955822)
(955809,955826)
(955809,955827)
(955809,955829)
(955809,955833)
(955813,955817)
(955813,955820)
(955813,955822)
(955813,955826)
(955813,955827)
(955813,955829)
(955813,955833)
(955817,955820)
(955817,955822)
(955817,955826)
(955817,955827)
(955817,955829)
(955817,955833)
(955820,955822)
(955820,955826)
(955820,955827)
(955820,955829)
(955820,955833)
(955822,955826)
(955822,955827)
(955822,955829)
(955822,955833)
(955826,955827)
(955826,955829)
(955826,955833)
(955827,955829)
(955827,955833)
(955829,955833)
(955841,955847)
(955841,955855)
(955841,955860)
(955841,955865)
(955841,955868)
(955847,955855)
(955847,955860)
(955847,955865)
(955847,955868)
(955855,955860)
(955855,955865)
(955855,955868)
(955860,955865)
(955860,955868)
(955865,955868)
(955873,955880)
(955873,955888)
(955873,955891)
(955873,955897)
(955873,955903)
(955873,955906)
(955873,955915)
(955873,955921)
(955873,955930)
(955873,955935)
(955880,955888)
(955880,955891)
(955880,955897)
(955880,955903)
(955880,955906)
(955880,955915)
(955880,955921)
(955880,955930)
(955880,955935)
(955888,955891)
(955888,955897)
(955888,955903)
(955888,955906)
(955888,955915)
(955888,955921)
(955888,955930)
(955888,955935)
(955891,955897)
(955891,955903)
(955891,955906)
(955891,955915)
(955891,955921)
(955891,955930)
(955891,955935)
(955897,955903)
(955897,955906)
(955897,955915)
(955897,955921)
(955897,955930)
(955897,955935)
(955903,955906)
(955903,955915)
(955903,955921)
(955903,955930)
(955903,955935)
(955906,955915)
(955906,955921)
(955906,955930)
(955906,955935)
(955915,955921)
(955915,955930)
(955915,955935)
(955921,955930)
(955921,955935)
(955930,955935)
(955938,955946)
(955938,955950)
(955938,955965)
(955938,955966)
(955946,955950)
(955946,955965)
(955946,955966)
(955950,955965)
(955950,955966)
(955965,955966)
(955975,955982)
(955984,955989)
(955984,955991)
(955984,955993)
(955984,955995)
(955984,955998)
(955984,956000)
(955984,956004)
(955984,956007)
(955984,956012)
(955989,955991)
(955989,955993)
(955989,955995)
(955989,955998)
(955989,956000)
(955989,956004)
(955989,956007)
(955989,956012)
(955991,955993)
(955991,955995)
(955991,955998)
(955991,956000)
(955991,956004)
(955991,956007)
(955991,956012)
(955993,955995)
(955993,955998)
(955993,956000)
(955993,956004)
(955993,956007)
(955993,956012)
(955995,955998)
(955995,956000)
(955995,956004)
(955995,956007)
(955995,956012)
(955998,956000)
(955998,956004)
(955998,956007)
(955998,956012)
(956000,956004)
(956000,956007)
(956000,956012)
(956004,956007)
(956004,956012)
(956007,956012)
(956016,956021)
(956031,956037)
(956040,956049)
(956040,956052)
(956040,956057)
(956040,956059)
(956040,956064)
(956040,956066)
(956040,956077)
(956040,956080)
(956040,956084)
(956040,956092)
(956040,956095)
(956049,956052)
(956049,956057)
(956049,956059)
(956049,956064)
(956049,956066)
(956049,956077)
(956049,956080)
(956049,956084)
(956049,956092)
(956049,956095)
(956052,956057)
(956052,956059)
(956052,956064)
(956052,956066)
(956052,956077)
(956052,956080)
(956052,956084)
(956052,956092)
(956052,956095)
(956057,956059)
(956057,956064)
(956057,956066)
(956057,956077)
(956057,956080)
(956057,956084)
(956057,956092)
(956057,956095)
(956059,956064)
(956059,956066)
(956059,956077)
(956059,956080)
(956059,956084)
(956059,956092)
(956059,956095)
(956064,956066)
(956064,956077)
(956064,956080)
(956064,956084)
(956064,956092)
(956064,956095)
(956066,956077)
(956066,956080)
(956066,956084)
(956066,956092)
(956066,956095)
(956077,956080)
(956077,956084)
(956077,956092)
(956077,956095)
(956080,956084)
(956080,956092)
(956080,956095)
(956084,956092)
(956084,956095)
(956092,956095)
(956106,956115)
(956106,956121)
(956115,956121)
(956126,956129)
(956126,956133)
(956126,956137)
(956126,956142)
(956126,956144)
(956126,956150)
(956126,956155)
(956126,956157)
(956126,956164)
(956126,956166)
(956129,956133)
(956129,956137)
(956129,956142)
(956129,956144)
(956129,956150)
(956129,956155)
(956129,956157)
(956129,956164)
(956129,956166)
(956133,956137)
(956133,956142)
(956133,956144)
(956133,956150)
(956133,956155)
(956133,956157)
(956133,956164)
(956133,956166)
(956137,956142)
(956137,956144)
(956137,956150)
(956137,956155)
(956137,956157)
(956137,956164)
(956137,956166)
(956142,956144)
(956142,956150)
(956142,956155)
(956142,956157)
(956142,956164)
(956142,956166)
(956144,956150)
(956144,956155)
(956144,956157)
(956144,956164)
(956144,956166)
(956150,956155)
(956150,956157)
(956150,956164)
(956150,956166)
(956155,956157)
(956155,956164)
(956155,956166)
(956157,956164)
(956157,956166)
(956164,956166)
(956183,956192)
(956207,956212)
(956207,956215)
(956212,956215)
(956218,956219)
(956225,956229)
(956233,956234)
(956233,956239)
(956233,956244)
(956234,956239)
(956234,956244)
(956239,956244)
