(374702,546719)
(374702,546751)
(374702,1112745)
(546719,546751)
(546719,1112745)
(546751,1112745)
(592293,1112640)
(592293,1112657)
(1112640,1112657)
(982225,1111608)
(982225,1111617)
(982225,1111625)
(982225,1111626)
(982225,1111633)
(982225,1111640)
(1111608,1111617)
(1111608,1111625)
(1111608,1111626)
(1111608,1111633)
(1111608,1111640)
(1111617,1111625)
(1111617,1111626)
(1111617,1111633)
(1111617,1111640)
(1111625,1111626)
(1111625,1111633)
(1111625,1111640)
(1111626,1111633)
(1111626,1111640)
(1111633,1111640)
(999320,1112446)
(999320,1112453)
(999320,1112456)
(999320,1112463)
(999320,1112467)
(1112446,1112453)
(1112446,1112456)
(1112446,1112463)
(1112446,1112467)
(1112453,1112456)
(1112453,1112463)
(1112453,1112467)
(1112456,1112463)
(1112456,1112467)
(1112463,1112467)
(1111168,1111173)
(1111168,1111177)
(1111168,1111180)
(1111168,1111184)
(1111168,1111190)
(1111168,1111193)
(1111168,1111196)
(1111173,1111177)
(1111173,1111180)
(1111173,1111184)
(1111173,1111190)
(1111173,1111193)
(1111173,1111196)
(1111177,1111180)
(1111177,1111184)
(1111177,1111190)
(1111177,1111193)
(1111177,1111196)
(1111180,1111184)
(1111180,1111190)
(1111180,1111193)
(1111180,1111196)
(1111184,1111190)
(1111184,1111193)
(1111184,1111196)
(1111190,1111193)
(1111190,1111196)
(1111193,1111196)
(1111202,1111205)
(1111202,1111209)
(1111202,1111211)
(1111202,1111215)
(1111202,1111218)
(1111202,1111222)
(1111202,1111228)
(1111202,1111239)
(1111202,1111242)
(1111202,1111246)
(1111202,1111252)
(1111202,1111255)
(1111202,1111257)
(1111202,1111264)
(1111202,1111270)
(1111202,1111272)
(1111205,1111209)
(1111205,1111211)
(1111205,1111215)
(1111205,1111218)
(1111205,1111222)
(1111205,1111228)
(1111205,1111239)
(1111205,1111242)
(1111205,1111246)
(1111205,1111252)
(1111205,1111255)
(1111205,1111257)
(1111205,1111264)
(1111205,1111270)
(1111205,1111272)
(1111209,1111211)
(1111209,1111215)
(1111209,1111218)
(1111209,1111222)
(1111209,1111228)
(1111209,1111239)
(1111209,1111242)
(1111209,1111246)
(1111209,1111252)
(1111209,1111255)
(1111209,1111257)
(1111209,1111264)
(1111209,1111270)
(1111209,1111272)
(1111211,1111215)
(1111211,1111218)
(1111211,1111222)
(1111211,1111228)
(1111211,1111239)
(1111211,1111242)
(1111211,1111246)
(1111211,1111252)
(1111211,1111255)
(1111211,1111257)
(1111211,1111264)
(1111211,1111270)
(1111211,1111272)
(1111215,1111218)
(1111215,1111222)
(1111215,1111228)
(1111215,1111239)
(1111215,1111242)
(1111215,1111246)
(1111215,1111252)
(1111215,1111255)
(1111215,1111257)
(1111215,1111264)
(1111215,1111270)
(1111215,1111272)
(1111218,1111222)
(1111218,1111228)
(1111218,1111239)
(1111218,1111242)
(1111218,1111246)
(1111218,1111252)
(1111218,1111255)
(1111218,1111257)
(1111218,1111264)
(1111218,1111270)
(1111218,1111272)
(1111222,1111228)
(1111222,1111239)
(1111222,1111242)
(1111222,1111246)
(1111222,1111252)
(1111222,1111255)
(1111222,1111257)
(1111222,1111264)
(1111222,1111270)
(1111222,1111272)
(1111228,1111239)
(1111228,1111242)
(1111228,1111246)
(1111228,1111252)
(1111228,1111255)
(1111228,1111257)
(1111228,1111264)
(1111228,1111270)
(1111228,1111272)
(1111239,1111242)
(1111239,1111246)
(1111239,1111252)
(1111239,1111255)
(1111239,1111257)
(1111239,1111264)
(1111239,1111270)
(1111239,1111272)
(1111242,1111246)
(1111242,1111252)
(1111242,1111255)
(1111242,1111257)
(1111242,1111264)
(1111242,1111270)
(1111242,1111272)
(1111246,1111252)
(1111246,1111255)
(1111246,1111257)
(1111246,1111264)
(1111246,1111270)
(1111246,1111272)
(1111252,1111255)
(1111252,1111257)
(1111252,1111264)
(1111252,1111270)
(1111252,1111272)
(1111255,1111257)
(1111255,1111264)
(1111255,1111270)
(1111255,1111272)
(1111257,1111264)
(1111257,1111270)
(1111257,1111272)
(1111264,1111270)
(1111264,1111272)
(1111270,1111272)
(1111278,1111283)
(1111278,1111287)
(1111278,1111292)
(1111278,1111296)
(1111278,1111300)
(1111278,1111304)
(1111278,1111308)
(1111278,1111312)
(1111278,1111315)
(1111278,1111318)
(1111278,1111320)
(1111278,1111325)
(1111278,1111327)
(1111283,1111287)
(1111283,1111292)
(1111283,1111296)
(1111283,1111300)
(1111283,1111304)
(1111283,1111308)
(1111283,1111312)
(1111283,1111315)
(1111283,1111318)
(1111283,1111320)
(1111283,1111325)
(1111283,1111327)
(1111287,1111292)
(1111287,1111296)
(1111287,1111300)
(1111287,1111304)
(1111287,1111308)
(1111287,1111312)
(1111287,1111315)
(1111287,1111318)
(1111287,1111320)
(1111287,1111325)
(1111287,1111327)
(1111292,1111296)
(1111292,1111300)
(1111292,1111304)
(1111292,1111308)
(1111292,1111312)
(1111292,1111315)
(1111292,1111318)
(1111292,1111320)
(1111292,1111325)
(1111292,1111327)
(1111296,1111300)
(1111296,1111304)
(1111296,1111308)
(1111296,1111312)
(1111296,1111315)
(1111296,1111318)
(1111296,1111320)
(1111296,1111325)
(1111296,1111327)
(1111300,1111304)
(1111300,1111308)
(1111300,1111312)
(1111300,1111315)
(1111300,1111318)
(1111300,1111320)
(1111300,1111325)
(1111300,1111327)
(1111304,1111308)
(1111304,1111312)
(1111304,1111315)
(1111304,1111318)
(1111304,1111320)
(1111304,1111325)
(1111304,1111327)
(1111308,1111312)
(1111308,1111315)
(1111308,1111318)
(1111308,1111320)
(1111308,1111325)
(1111308,1111327)
(1111312,1111315)
(1111312,1111318)
(1111312,1111320)
(1111312,1111325)
(1111312,1111327)
(1111315,1111318)
(1111315,1111320)
(1111315,1111325)
(1111315,1111327)
(1111318,1111320)
(1111318,1111325)
(1111318,1111327)
(1111320,1111325)
(1111320,1111327)
(1111325,1111327)
(1111335,1111352)
(1111335,1111362)
(1111335,1111368)
(1111335,1111385)
(1111352,1111362)
(1111352,1111368)
(1111352,1111385)
(1111362,1111368)
(1111362,1111385)
(1111368,1111385)
(1111403,1111406)
(1111403,1111408)
(1111403,1111413)
(1111403,1111421)
(1111403,1111423)
(1111403,1111429)
(1111406,1111408)
(1111406,1111413)
(1111406,1111421)
(1111406,1111423)
(1111406,1111429)
(1111408,1111413)
(1111408,1111421)
(1111408,1111423)
(1111408,1111429)
(1111413,1111421)
(1111413,1111423)
(1111413,1111429)
(1111421,1111423)
(1111421,1111429)
(1111423,1111429)
(1111434,1111438)
(1111434,1111439)
(1111438,1111439)
(1111448,1111452)
(1111448,1111458)
(1111448,1111465)
(1111448,1111466)
(1111448,1111474)
(1111448,1111479)
(1111448,1111485)
(1111448,1111490)
(1111448,1111499)
(1111448,1111503)
(1111448,1111513)
(1111448,1111515)
(1111448,1111520)
(1111448,1111525)
(1111448,1111529)
(1111448,1111534)
(1111448,1111541)
(1111448,1111543)
(1111448,1111549)
(1111448,1111556)
(1111448,1111561)
(1111448,1111567)
(1111448,1111576)
(1111448,1111578)
(1111448,1111582)
(1111448,1111596)
(1111452,1111458)
(1111452,1111465)
(1111452,1111466)
(1111452,1111474)
(1111452,1111479)
(1111452,1111485)
(1111452,1111490)
(1111452,1111499)
(1111452,1111503)
(1111452,1111513)
(1111452,1111515)
(1111452,1111520)
(1111452,1111525)
(1111452,1111529)
(1111452,1111534)
(1111452,1111541)
(1111452,1111543)
(1111452,1111549)
(1111452,1111556)
(1111452,1111561)
(1111452,1111567)
(1111452,1111576)
(1111452,1111578)
(1111452,1111582)
(1111452,1111596)
(1111458,1111465)
(1111458,1111466)
(1111458,1111474)
(1111458,1111479)
(1111458,1111485)
(1111458,1111490)
(1111458,1111499)
(1111458,1111503)
(1111458,1111513)
(1111458,1111515)
(1111458,1111520)
(1111458,1111525)
(1111458,1111529)
(1111458,1111534)
(1111458,1111541)
(1111458,1111543)
(1111458,1111549)
(1111458,1111556)
(1111458,1111561)
(1111458,1111567)
(1111458,1111576)
(1111458,1111578)
(1111458,1111582)
(1111458,1111596)
(1111465,1111466)
(1111465,1111474)
(1111465,1111479)
(1111465,1111485)
(1111465,1111490)
(1111465,1111499)
(1111465,1111503)
(1111465,1111513)
(1111465,1111515)
(1111465,1111520)
(1111465,1111525)
(1111465,1111529)
(1111465,1111534)
(1111465,1111541)
(1111465,1111543)
(1111465,1111549)
(1111465,1111556)
(1111465,1111561)
(1111465,1111567)
(1111465,1111576)
(1111465,1111578)
(1111465,1111582)
(1111465,1111596)
(1111466,1111474)
(1111466,1111479)
(1111466,1111485)
(1111466,1111490)
(1111466,1111499)
(1111466,1111503)
(1111466,1111513)
(1111466,1111515)
(1111466,1111520)
(1111466,1111525)
(1111466,1111529)
(1111466,1111534)
(1111466,1111541)
(1111466,1111543)
(1111466,1111549)
(1111466,1111556)
(1111466,1111561)
(1111466,1111567)
(1111466,1111576)
(1111466,1111578)
(1111466,1111582)
(1111466,1111596)
(1111474,1111479)
(1111474,1111485)
(1111474,1111490)
(1111474,1111499)
(1111474,1111503)
(1111474,1111513)
(1111474,1111515)
(1111474,1111520)
(1111474,1111525)
(1111474,1111529)
(1111474,1111534)
(1111474,1111541)
(1111474,1111543)
(1111474,1111549)
(1111474,1111556)
(1111474,1111561)
(1111474,1111567)
(1111474,1111576)
(1111474,1111578)
(1111474,1111582)
(1111474,1111596)
(1111479,1111485)
(1111479,1111490)
(1111479,1111499)
(1111479,1111503)
(1111479,1111513)
(1111479,1111515)
(1111479,1111520)
(1111479,1111525)
(1111479,1111529)
(1111479,1111534)
(1111479,1111541)
(1111479,1111543)
(1111479,1111549)
(1111479,1111556)
(1111479,1111561)
(1111479,1111567)
(1111479,1111576)
(1111479,1111578)
(1111479,1111582)
(1111479,1111596)
(1111485,1111490)
(1111485,1111499)
(1111485,1111503)
(1111485,1111513)
(1111485,1111515)
(1111485,1111520)
(1111485,1111525)
(1111485,1111529)
(1111485,1111534)
(1111485,1111541)
(1111485,1111543)
(1111485,1111549)
(1111485,1111556)
(1111485,1111561)
(1111485,1111567)
(1111485,1111576)
(1111485,1111578)
(1111485,1111582)
(1111485,1111596)
(1111490,1111499)
(1111490,1111503)
(1111490,1111513)
(1111490,1111515)
(1111490,1111520)
(1111490,1111525)
(1111490,1111529)
(1111490,1111534)
(1111490,1111541)
(1111490,1111543)
(1111490,1111549)
(1111490,1111556)
(1111490,1111561)
(1111490,1111567)
(1111490,1111576)
(1111490,1111578)
(1111490,1111582)
(1111490,1111596)
(1111499,1111503)
(1111499,1111513)
(1111499,1111515)
(1111499,1111520)
(1111499,1111525)
(1111499,1111529)
(1111499,1111534)
(1111499,1111541)
(1111499,1111543)
(1111499,1111549)
(1111499,1111556)
(1111499,1111561)
(1111499,1111567)
(1111499,1111576)
(1111499,1111578)
(1111499,1111582)
(1111499,1111596)
(1111503,1111513)
(1111503,1111515)
(1111503,1111520)
(1111503,1111525)
(1111503,1111529)
(1111503,1111534)
(1111503,1111541)
(1111503,1111543)
(1111503,1111549)
(1111503,1111556)
(1111503,1111561)
(1111503,1111567)
(1111503,1111576)
(1111503,1111578)
(1111503,1111582)
(1111503,1111596)
(1111513,1111515)
(1111513,1111520)
(1111513,1111525)
(1111513,1111529)
(1111513,1111534)
(1111513,1111541)
(1111513,1111543)
(1111513,1111549)
(1111513,1111556)
(1111513,1111561)
(1111513,1111567)
(1111513,1111576)
(1111513,1111578)
(1111513,1111582)
(1111513,1111596)
(1111515,1111520)
(1111515,1111525)
(1111515,1111529)
(1111515,1111534)
(1111515,1111541)
(1111515,1111543)
(1111515,1111549)
(1111515,1111556)
(1111515,1111561)
(1111515,1111567)
(1111515,1111576)
(1111515,1111578)
(1111515,1111582)
(1111515,1111596)
(1111520,1111525)
(1111520,1111529)
(1111520,1111534)
(1111520,1111541)
(1111520,1111543)
(1111520,1111549)
(1111520,1111556)
(1111520,1111561)
(1111520,1111567)
(1111520,1111576)
(1111520,1111578)
(1111520,1111582)
(1111520,1111596)
(1111525,1111529)
(1111525,1111534)
(1111525,1111541)
(1111525,1111543)
(1111525,1111549)
(1111525,1111556)
(1111525,1111561)
(1111525,1111567)
(1111525,1111576)
(1111525,1111578)
(1111525,1111582)
(1111525,1111596)
(1111529,1111534)
(1111529,1111541)
(1111529,1111543)
(1111529,1111549)
(1111529,1111556)
(1111529,1111561)
(1111529,1111567)
(1111529,1111576)
(1111529,1111578)
(1111529,1111582)
(1111529,1111596)
(1111534,1111541)
(1111534,1111543)
(1111534,1111549)
(1111534,1111556)
(1111534,1111561)
(1111534,1111567)
(1111534,1111576)
(1111534,1111578)
(1111534,1111582)
(1111534,1111596)
(1111541,1111543)
(1111541,1111549)
(1111541,1111556)
(1111541,1111561)
(1111541,1111567)
(1111541,1111576)
(1111541,1111578)
(1111541,1111582)
(1111541,1111596)
(1111543,1111549)
(1111543,1111556)
(1111543,1111561)
(1111543,1111567)
(1111543,1111576)
(1111543,1111578)
(1111543,1111582)
(1111543,1111596)
(1111549,1111556)
(1111549,1111561)
(1111549,1111567)
(1111549,1111576)
(1111549,1111578)
(1111549,1111582)
(1111549,1111596)
(1111556,1111561)
(1111556,1111567)
(1111556,1111576)
(1111556,1111578)
(1111556,1111582)
(1111556,1111596)
(1111561,1111567)
(1111561,1111576)
(1111561,1111578)
(1111561,1111582)
(1111561,1111596)
(1111567,1111576)
(1111567,1111578)
(1111567,1111582)
(1111567,1111596)
(1111576,1111578)
(1111576,1111582)
(1111576,1111596)
(1111578,1111582)
(1111578,1111596)
(1111582,1111596)
(1111654,1111664)
(1111668,1111676)
(1111668,1111683)
(1111668,1111686)
(1111668,1111692)
(1111668,1111696)
(1111668,1111702)
(1111676,1111683)
(1111676,1111686)
(1111676,1111692)
(1111676,1111696)
(1111676,1111702)
(1111683,1111686)
(1111683,1111692)
(1111683,1111696)
(1111683,1111702)
(1111686,1111692)
(1111686,1111696)
(1111686,1111702)
(1111692,1111696)
(1111692,1111702)
(1111696,1111702)
(1111705,1111709)
(1111705,1111715)
(1111705,1111720)
(1111705,1111725)
(1111705,1111731)
(1111705,1111737)
(1111705,1111742)
(1111705,1111747)
(1111705,1111758)
(1111705,1111759)
(1111705,1111761)
(1111705,1111769)
(1111705,1111770)
(1111705,1111772)
(1111705,1111779)
(1111705,1111780)
(1111705,1111788)
(1111705,1111793)
(1111705,1111796)
(1111705,1111801)
(1111705,1111804)
(1111705,1111819)
(1111705,1111821)
(1111705,1111828)
(1111705,1111833)
(1111705,1111845)
(1111705,1111851)
(1111705,1111853)
(1111705,1111862)
(1111705,1111867)
(1111705,1111872)
(1111705,1111882)
(1111705,1111886)
(1111705,1111888)
(1111705,1111893)
(1111709,1111715)
(1111709,1111720)
(1111709,1111725)
(1111709,1111731)
(1111709,1111737)
(1111709,1111742)
(1111709,1111747)
(1111709,1111758)
(1111709,1111759)
(1111709,1111761)
(1111709,1111769)
(1111709,1111770)
(1111709,1111772)
(1111709,1111779)
(1111709,1111780)
(1111709,1111788)
(1111709,1111793)
(1111709,1111796)
(1111709,1111801)
(1111709,1111804)
(1111709,1111819)
(1111709,1111821)
(1111709,1111828)
(1111709,1111833)
(1111709,1111845)
(1111709,1111851)
(1111709,1111853)
(1111709,1111862)
(1111709,1111867)
(1111709,1111872)
(1111709,1111882)
(1111709,1111886)
(1111709,1111888)
(1111709,1111893)
(1111715,1111720)
(1111715,1111725)
(1111715,1111731)
(1111715,1111737)
(1111715,1111742)
(1111715,1111747)
(1111715,1111758)
(1111715,1111759)
(1111715,1111761)
(1111715,1111769)
(1111715,1111770)
(1111715,1111772)
(1111715,1111779)
(1111715,1111780)
(1111715,1111788)
(1111715,1111793)
(1111715,1111796)
(1111715,1111801)
(1111715,1111804)
(1111715,1111819)
(1111715,1111821)
(1111715,1111828)
(1111715,1111833)
(1111715,1111845)
(1111715,1111851)
(1111715,1111853)
(1111715,1111862)
(1111715,1111867)
(1111715,1111872)
(1111715,1111882)
(1111715,1111886)
(1111715,1111888)
(1111715,1111893)
(1111720,1111725)
(1111720,1111731)
(1111720,1111737)
(1111720,1111742)
(1111720,1111747)
(1111720,1111758)
(1111720,1111759)
(1111720,1111761)
(1111720,1111769)
(1111720,1111770)
(1111720,1111772)
(1111720,1111779)
(1111720,1111780)
(1111720,1111788)
(1111720,1111793)
(1111720,1111796)
(1111720,1111801)
(1111720,1111804)
(1111720,1111819)
(1111720,1111821)
(1111720,1111828)
(1111720,1111833)
(1111720,1111845)
(1111720,1111851)
(1111720,1111853)
(1111720,1111862)
(1111720,1111867)
(1111720,1111872)
(1111720,1111882)
(1111720,1111886)
(1111720,1111888)
(1111720,1111893)
(1111725,1111731)
(1111725,1111737)
(1111725,1111742)
(1111725,1111747)
(1111725,1111758)
(1111725,1111759)
(1111725,1111761)
(1111725,1111769)
(1111725,1111770)
(1111725,1111772)
(1111725,1111779)
(1111725,1111780)
(1111725,1111788)
(1111725,1111793)
(1111725,1111796)
(1111725,1111801)
(1111725,1111804)
(1111725,1111819)
(1111725,1111821)
(1111725,1111828)
(1111725,1111833)
(1111725,1111845)
(1111725,1111851)
(1111725,1111853)
(1111725,1111862)
(1111725,1111867)
(1111725,1111872)
(1111725,1111882)
(1111725,1111886)
(1111725,1111888)
(1111725,1111893)
(1111731,1111737)
(1111731,1111742)
(1111731,1111747)
(1111731,1111758)
(1111731,1111759)
(1111731,1111761)
(1111731,1111769)
(1111731,1111770)
(1111731,1111772)
(1111731,1111779)
(1111731,1111780)
(1111731,1111788)
(1111731,1111793)
(1111731,1111796)
(1111731,1111801)
(1111731,1111804)
(1111731,1111819)
(1111731,1111821)
(1111731,1111828)
(1111731,1111833)
(1111731,1111845)
(1111731,1111851)
(1111731,1111853)
(1111731,1111862)
(1111731,1111867)
(1111731,1111872)
(1111731,1111882)
(1111731,1111886)
(1111731,1111888)
(1111731,1111893)
(1111737,1111742)
(1111737,1111747)
(1111737,1111758)
(1111737,1111759)
(1111737,1111761)
(1111737,1111769)
(1111737,1111770)
(1111737,1111772)
(1111737,1111779)
(1111737,1111780)
(1111737,1111788)
(1111737,1111793)
(1111737,1111796)
(1111737,1111801)
(1111737,1111804)
(1111737,1111819)
(1111737,1111821)
(1111737,1111828)
(1111737,1111833)
(1111737,1111845)
(1111737,1111851)
(1111737,1111853)
(1111737,1111862)
(1111737,1111867)
(1111737,1111872)
(1111737,1111882)
(1111737,1111886)
(1111737,1111888)
(1111737,1111893)
(1111742,1111747)
(1111742,1111758)
(1111742,1111759)
(1111742,1111761)
(1111742,1111769)
(1111742,1111770)
(1111742,1111772)
(1111742,1111779)
(1111742,1111780)
(1111742,1111788)
(1111742,1111793)
(1111742,1111796)
(1111742,1111801)
(1111742,1111804)
(1111742,1111819)
(1111742,1111821)
(1111742,1111828)
(1111742,1111833)
(1111742,1111845)
(1111742,1111851)
(1111742,1111853)
(1111742,1111862)
(1111742,1111867)
(1111742,1111872)
(1111742,1111882)
(1111742,1111886)
(1111742,1111888)
(1111742,1111893)
(1111747,1111758)
(1111747,1111759)
(1111747,1111761)
(1111747,1111769)
(1111747,1111770)
(1111747,1111772)
(1111747,1111779)
(1111747,1111780)
(1111747,1111788)
(1111747,1111793)
(1111747,1111796)
(1111747,1111801)
(1111747,1111804)
(1111747,1111819)
(1111747,1111821)
(1111747,1111828)
(1111747,1111833)
(1111747,1111845)
(1111747,1111851)
(1111747,1111853)
(1111747,1111862)
(1111747,1111867)
(1111747,1111872)
(1111747,1111882)
(1111747,1111886)
(1111747,1111888)
(1111747,1111893)
(1111758,1111759)
(1111758,1111761)
(1111758,1111769)
(1111758,1111770)
(1111758,1111772)
(1111758,1111779)
(1111758,1111780)
(1111758,1111788)
(1111758,1111793)
(1111758,1111796)
(1111758,1111801)
(1111758,1111804)
(1111758,1111819)
(1111758,1111821)
(1111758,1111828)
(1111758,1111833)
(1111758,1111845)
(1111758,1111851)
(1111758,1111853)
(1111758,1111862)
(1111758,1111867)
(1111758,1111872)
(1111758,1111882)
(1111758,1111886)
(1111758,1111888)
(1111758,1111893)
(1111759,1111761)
(1111759,1111769)
(1111759,1111770)
(1111759,1111772)
(1111759,1111779)
(1111759,1111780)
(1111759,1111788)
(1111759,1111793)
(1111759,1111796)
(1111759,1111801)
(1111759,1111804)
(1111759,1111819)
(1111759,1111821)
(1111759,1111828)
(1111759,1111833)
(1111759,1111845)
(1111759,1111851)
(1111759,1111853)
(1111759,1111862)
(1111759,1111867)
(1111759,1111872)
(1111759,1111882)
(1111759,1111886)
(1111759,1111888)
(1111759,1111893)
(1111761,1111769)
(1111761,1111770)
(1111761,1111772)
(1111761,1111779)
(1111761,1111780)
(1111761,1111788)
(1111761,1111793)
(1111761,1111796)
(1111761,1111801)
(1111761,1111804)
(1111761,1111819)
(1111761,1111821)
(1111761,1111828)
(1111761,1111833)
(1111761,1111845)
(1111761,1111851)
(1111761,1111853)
(1111761,1111862)
(1111761,1111867)
(1111761,1111872)
(1111761,1111882)
(1111761,1111886)
(1111761,1111888)
(1111761,1111893)
(1111769,1111770)
(1111769,1111772)
(1111769,1111779)
(1111769,1111780)
(1111769,1111788)
(1111769,1111793)
(1111769,1111796)
(1111769,1111801)
(1111769,1111804)
(1111769,1111819)
(1111769,1111821)
(1111769,1111828)
(1111769,1111833)
(1111769,1111845)
(1111769,1111851)
(1111769,1111853)
(1111769,1111862)
(1111769,1111867)
(1111769,1111872)
(1111769,1111882)
(1111769,1111886)
(1111769,1111888)
(1111769,1111893)
(1111770,1111772)
(1111770,1111779)
(1111770,1111780)
(1111770,1111788)
(1111770,1111793)
(1111770,1111796)
(1111770,1111801)
(1111770,1111804)
(1111770,1111819)
(1111770,1111821)
(1111770,1111828)
(1111770,1111833)
(1111770,1111845)
(1111770,1111851)
(1111770,1111853)
(1111770,1111862)
(1111770,1111867)
(1111770,1111872)
(1111770,1111882)
(1111770,1111886)
(1111770,1111888)
(1111770,1111893)
(1111772,1111779)
(1111772,1111780)
(1111772,1111788)
(1111772,1111793)
(1111772,1111796)
(1111772,1111801)
(1111772,1111804)
(1111772,1111819)
(1111772,1111821)
(1111772,1111828)
(1111772,1111833)
(1111772,1111845)
(1111772,1111851)
(1111772,1111853)
(1111772,1111862)
(1111772,1111867)
(1111772,1111872)
(1111772,1111882)
(1111772,1111886)
(1111772,1111888)
(1111772,1111893)
(1111779,1111780)
(1111779,1111788)
(1111779,1111793)
(1111779,1111796)
(1111779,1111801)
(1111779,1111804)
(1111779,1111819)
(1111779,1111821)
(1111779,1111828)
(1111779,1111833)
(1111779,1111845)
(1111779,1111851)
(1111779,1111853)
(1111779,1111862)
(1111779,1111867)
(1111779,1111872)
(1111779,1111882)
(1111779,1111886)
(1111779,1111888)
(1111779,1111893)
(1111780,1111788)
(1111780,1111793)
(1111780,1111796)
(1111780,1111801)
(1111780,1111804)
(1111780,1111819)
(1111780,1111821)
(1111780,1111828)
(1111780,1111833)
(1111780,1111845)
(1111780,1111851)
(1111780,1111853)
(1111780,1111862)
(1111780,1111867)
(1111780,1111872)
(1111780,1111882)
(1111780,1111886)
(1111780,1111888)
(1111780,1111893)
(1111788,1111793)
(1111788,1111796)
(1111788,1111801)
(1111788,1111804)
(1111788,1111819)
(1111788,1111821)
(1111788,1111828)
(1111788,1111833)
(1111788,1111845)
(1111788,1111851)
(1111788,1111853)
(1111788,1111862)
(1111788,1111867)
(1111788,1111872)
(1111788,1111882)
(1111788,1111886)
(1111788,1111888)
(1111788,1111893)
(1111793,1111796)
(1111793,1111801)
(1111793,1111804)
(1111793,1111819)
(1111793,1111821)
(1111793,1111828)
(1111793,1111833)
(1111793,1111845)
(1111793,1111851)
(1111793,1111853)
(1111793,1111862)
(1111793,1111867)
(1111793,1111872)
(1111793,1111882)
(1111793,1111886)
(1111793,1111888)
(1111793,1111893)
(1111796,1111801)
(1111796,1111804)
(1111796,1111819)
(1111796,1111821)
(1111796,1111828)
(1111796,1111833)
(1111796,1111845)
(1111796,1111851)
(1111796,1111853)
(1111796,1111862)
(1111796,1111867)
(1111796,1111872)
(1111796,1111882)
(1111796,1111886)
(1111796,1111888)
(1111796,1111893)
(1111801,1111804)
(1111801,1111819)
(1111801,1111821)
(1111801,1111828)
(1111801,1111833)
(1111801,1111845)
(1111801,1111851)
(1111801,1111853)
(1111801,1111862)
(1111801,1111867)
(1111801,1111872)
(1111801,1111882)
(1111801,1111886)
(1111801,1111888)
(1111801,1111893)
(1111804,1111819)
(1111804,1111821)
(1111804,1111828)
(1111804,1111833)
(1111804,1111845)
(1111804,1111851)
(1111804,1111853)
(1111804,1111862)
(1111804,1111867)
(1111804,1111872)
(1111804,1111882)
(1111804,1111886)
(1111804,1111888)
(1111804,1111893)
(1111819,1111821)
(1111819,1111828)
(1111819,1111833)
(1111819,1111845)
(1111819,1111851)
(1111819,1111853)
(1111819,1111862)
(1111819,1111867)
(1111819,1111872)
(1111819,1111882)
(1111819,1111886)
(1111819,1111888)
(1111819,1111893)
(1111821,1111828)
(1111821,1111833)
(1111821,1111845)
(1111821,1111851)
(1111821,1111853)
(1111821,1111862)
(1111821,1111867)
(1111821,1111872)
(1111821,1111882)
(1111821,1111886)
(1111821,1111888)
(1111821,1111893)
(1111828,1111833)
(1111828,1111845)
(1111828,1111851)
(1111828,1111853)
(1111828,1111862)
(1111828,1111867)
(1111828,1111872)
(1111828,1111882)
(1111828,1111886)
(1111828,1111888)
(1111828,1111893)
(1111833,1111845)
(1111833,1111851)
(1111833,1111853)
(1111833,1111862)
(1111833,1111867)
(1111833,1111872)
(1111833,1111882)
(1111833,1111886)
(1111833,1111888)
(1111833,1111893)
(1111845,1111851)
(1111845,1111853)
(1111845,1111862)
(1111845,1111867)
(1111845,1111872)
(1111845,1111882)
(1111845,1111886)
(1111845,1111888)
(1111845,1111893)
(1111851,1111853)
(1111851,1111862)
(1111851,1111867)
(1111851,1111872)
(1111851,1111882)
(1111851,1111886)
(1111851,1111888)
(1111851,1111893)
(1111853,1111862)
(1111853,1111867)
(1111853,1111872)
(1111853,1111882)
(1111853,1111886)
(1111853,1111888)
(1111853,1111893)
(1111862,1111867)
(1111862,1111872)
(1111862,1111882)
(1111862,1111886)
(1111862,1111888)
(1111862,1111893)
(1111867,1111872)
(1111867,1111882)
(1111867,1111886)
(1111867,1111888)
(1111867,1111893)
(1111872,1111882)
(1111872,1111886)
(1111872,1111888)
(1111872,1111893)
(1111882,1111886)
(1111882,1111888)
(1111882,1111893)
(1111886,1111888)
(1111886,1111893)
(1111888,1111893)
(1111894,1111896)
(1111894,1111899)
(1111896,1111899)
(1111906,1111910)
(1111917,1111924)
(1111917,1111928)
(1111917,1111937)
(1111917,1111944)
(1111924,1111928)
(1111924,1111937)
(1111924,1111944)
(1111928,1111937)
(1111928,1111944)
(1111937,1111944)
(1111952,1111958)
(1111952,1111971)
(1111958,1111971)
(1111978,1111982)
(1111978,1111986)
(1111978,1111990)
(1111982,1111986)
(1111982,1111990)
(1111986,1111990)
(1111995,1111998)
(1111995,1112000)
(1111995,1112005)
(1111998,1112000)
(1111998,1112005)
(1112000,1112005)
(1112016,1112020)
(1112016,1112025)
(1112016,1112028)
(1112016,1112033)
(1112016,1112041)
(1112020,1112025)
(1112020,1112028)
(1112020,1112033)
(1112020,1112041)
(1112025,1112028)
(1112025,1112033)
(1112025,1112041)
(1112028,1112033)
(1112028,1112041)
(1112033,1112041)
(1112073,1112079)
(1112088,1112098)
(1112088,1112104)
(1112098,1112104)
(1112112,1112120)
(1112126,1112132)
(1112143,1112160)
(1112143,1112164)
(1112143,1112173)
(1112143,1112200)
(1112143,1112216)
(1112160,1112164)
(1112160,1112173)
(1112160,1112200)
(1112160,1112216)
(1112164,1112173)
(1112164,1112200)
(1112164,1112216)
(1112173,1112200)
(1112173,1112216)
(1112200,1112216)
(1112226,1112228)
(1112226,1112232)
(1112226,1112235)
(1112226,1112237)
(1112226,1112242)
(1112228,1112232)
(1112228,1112235)
(1112228,1112237)
(1112228,1112242)
(1112232,1112235)
(1112232,1112237)
(1112232,1112242)
(1112235,1112237)
(1112235,1112242)
(1112237,1112242)
(1112246,1112253)
(1112246,1112258)
(1112246,1112262)
(1112253,1112258)
(1112253,1112262)
(1112258,1112262)
(1112279,1112284)
(1112279,1112296)
(1112279,1112305)
(1112284,1112296)
(1112284,1112305)
(1112296,1112305)
(1112324,1112338)
(1112324,1112343)
(1112324,1112354)
(1112338,1112343)
(1112338,1112354)
(1112343,1112354)
(1112360,1112364)
(1112394,1112400)
(1112405,1112408)
(1112405,1112409)
(1112408,1112409)
(1112425,1112433)
(1112471,1112477)
(1112490,1112492)
(1112490,1112499)
(1112492,1112499)
(1112506,1112510)
(1112515,1112518)
(1112532,1112540)
(1112532,1112542)
(1112540,1112542)
(1112563,1112565)
(1112563,1112567)
(1112565,1112567)
(1112572,1112577)
(1112584,1112593)
(1112599,1112604)
(1112616,1112622)
(1112685,1112691)
(1112714,1112719)
(1112762,1112769)
(1112762,1112780)
(1112762,1112789)
(1112769,1112780)
(1112769,1112789)
(1112780,1112789)
(1112805,1112811)
(1112805,1112825)
(1112805,1112841)
(1112805,1112853)
(1112811,1112825)
(1112811,1112841)
(1112811,1112853)
(1112825,1112841)
(1112825,1112853)
(1112841,1112853)
(1112860,1112871)
(1112889,1112893)
(1112909,1112930)
(1112968,1112974)
(1112968,1112978)
(1112968,1112979)
(1112974,1112978)
(1112974,1112979)
(1112978,1112979)
(1112986,1112992)
(1112998,1113005)
(1112998,1113011)
(1113005,1113011)
(1113029,1113041)
(1113054,1113058)
(1113132,1113136)
(1113165,1113169)
(1113179,1113181)
