(234062,1090274)
(471676,1090246)
(471676,1090249)
(471676,1090252)
(1090246,1090249)
(1090246,1090252)
(1090249,1090252)
(634662,1089931)
(634662,1089934)
(634662,1089938)
(634662,1089945)
(634662,1089948)
(634662,1089951)
(634662,1089961)
(1089931,1089934)
(1089931,1089938)
(1089931,1089945)
(1089931,1089948)
(1089931,1089951)
(1089931,1089961)
(1089934,1089938)
(1089934,1089945)
(1089934,1089948)
(1089934,1089951)
(1089934,1089961)
(1089938,1089945)
(1089938,1089948)
(1089938,1089951)
(1089938,1089961)
(1089945,1089948)
(1089945,1089951)
(1089945,1089961)
(1089948,1089951)
(1089948,1089961)
(1089951,1089961)
(635381,635388)
(635381,1090817)
(635381,1090821)
(635388,1090817)
(635388,1090821)
(1090817,1090821)
(636700,1090630)
(636700,1090636)
(636700,1090647)
(636700,1090663)
(1090630,1090636)
(1090630,1090647)
(1090630,1090663)
(1090636,1090647)
(1090636,1090663)
(1090647,1090663)
(1089886,1089895)
(1089916,1089922)
(1089968,1089972)
(1089968,1089977)
(1089968,1089983)
(1089968,1089987)
(1089968,1089993)
(1089968,1089995)
(1089972,1089977)
(1089972,1089983)
(1089972,1089987)
(1089972,1089993)
(1089972,1089995)
(1089977,1089983)
(1089977,1089987)
(1089977,1089993)
(1089977,1089995)
(1089983,1089987)
(1089983,1089993)
(1089983,1089995)
(1089987,1089993)
(1089987,1089995)
(1089993,1089995)
(1089998,1090004)
(1090028,1090030)
(1090033,1090036)
(1090033,1090040)
(1090036,1090040)
(1090055,1090058)
(1090055,1090063)
(1090055,1090071)
(1090055,1090078)
(1090055,1090083)
(1090055,1090085)
(1090055,1090088)
(1090058,1090063)
(1090058,1090071)
(1090058,1090078)
(1090058,1090083)
(1090058,1090085)
(1090058,1090088)
(1090063,1090071)
(1090063,1090078)
(1090063,1090083)
(1090063,1090085)
(1090063,1090088)
(1090071,1090078)
(1090071,1090083)
(1090071,1090085)
(1090071,1090088)
(1090078,1090083)
(1090078,1090085)
(1090078,1090088)
(1090083,1090085)
(1090083,1090088)
(1090085,1090088)
(1090102,1090105)
(1090102,1090109)
(1090102,1090116)
(1090105,1090109)
(1090105,1090116)
(1090109,1090116)
(1090137,1090140)
(1090137,1090145)
(1090137,1090149)
(1090137,1090157)
(1090137,1090159)
(1090137,1090169)
(1090137,1090178)
(1090137,1090183)
(1090137,1090193)
(1090137,1090195)
(1090137,1090201)
(1090137,1090204)
(1090137,1090210)
(1090137,1090214)
(1090137,1090219)
(1090137,1090223)
(1090137,1090229)
(1090137,1090231)
(1090140,1090145)
(1090140,1090149)
(1090140,1090157)
(1090140,1090159)
(1090140,1090169)
(1090140,1090178)
(1090140,1090183)
(1090140,1090193)
(1090140,1090195)
(1090140,1090201)
(1090140,1090204)
(1090140,1090210)
(1090140,1090214)
(1090140,1090219)
(1090140,1090223)
(1090140,1090229)
(1090140,1090231)
(1090145,1090149)
(1090145,1090157)
(1090145,1090159)
(1090145,1090169)
(1090145,1090178)
(1090145,1090183)
(1090145,1090193)
(1090145,1090195)
(1090145,1090201)
(1090145,1090204)
(1090145,1090210)
(1090145,1090214)
(1090145,1090219)
(1090145,1090223)
(1090145,1090229)
(1090145,1090231)
(1090149,1090157)
(1090149,1090159)
(1090149,1090169)
(1090149,1090178)
(1090149,1090183)
(1090149,1090193)
(1090149,1090195)
(1090149,1090201)
(1090149,1090204)
(1090149,1090210)
(1090149,1090214)
(1090149,1090219)
(1090149,1090223)
(1090149,1090229)
(1090149,1090231)
(1090157,1090159)
(1090157,1090169)
(1090157,1090178)
(1090157,1090183)
(1090157,1090193)
(1090157,1090195)
(1090157,1090201)
(1090157,1090204)
(1090157,1090210)
(1090157,1090214)
(1090157,1090219)
(1090157,1090223)
(1090157,1090229)
(1090157,1090231)
(1090159,1090169)
(1090159,1090178)
(1090159,1090183)
(1090159,1090193)
(1090159,1090195)
(1090159,1090201)
(1090159,1090204)
(1090159,1090210)
(1090159,1090214)
(1090159,1090219)
(1090159,1090223)
(1090159,1090229)
(1090159,1090231)
(1090169,1090178)
(1090169,1090183)
(1090169,1090193)
(1090169,1090195)
(1090169,1090201)
(1090169,1090204)
(1090169,1090210)
(1090169,1090214)
(1090169,1090219)
(1090169,1090223)
(1090169,1090229)
(1090169,1090231)
(1090178,1090183)
(1090178,1090193)
(1090178,1090195)
(1090178,1090201)
(1090178,1090204)
(1090178,1090210)
(1090178,1090214)
(1090178,1090219)
(1090178,1090223)
(1090178,1090229)
(1090178,1090231)
(1090183,1090193)
(1090183,1090195)
(1090183,1090201)
(1090183,1090204)
(1090183,1090210)
(1090183,1090214)
(1090183,1090219)
(1090183,1090223)
(1090183,1090229)
(1090183,1090231)
(1090193,1090195)
(1090193,1090201)
(1090193,1090204)
(1090193,1090210)
(1090193,1090214)
(1090193,1090219)
(1090193,1090223)
(1090193,1090229)
(1090193,1090231)
(1090195,1090201)
(1090195,1090204)
(1090195,1090210)
(1090195,1090214)
(1090195,1090219)
(1090195,1090223)
(1090195,1090229)
(1090195,1090231)
(1090201,1090204)
(1090201,1090210)
(1090201,1090214)
(1090201,1090219)
(1090201,1090223)
(1090201,1090229)
(1090201,1090231)
(1090204,1090210)
(1090204,1090214)
(1090204,1090219)
(1090204,1090223)
(1090204,1090229)
(1090204,1090231)
(1090210,1090214)
(1090210,1090219)
(1090210,1090223)
(1090210,1090229)
(1090210,1090231)
(1090214,1090219)
(1090214,1090223)
(1090214,1090229)
(1090214,1090231)
(1090219,1090223)
(1090219,1090229)
(1090219,1090231)
(1090223,1090229)
(1090223,1090231)
(1090229,1090231)
(1090235,1090243)
(1090291,1090296)
(1090312,1090319)
(1090312,1090324)
(1090319,1090324)
(1090332,1090337)
(1090332,1090339)
(1090337,1090339)
(1090343,1090345)
(1090343,1090352)
(1090343,1090359)
(1090343,1090364)
(1090343,1090382)
(1090345,1090352)
(1090345,1090359)
(1090345,1090364)
(1090345,1090382)
(1090352,1090359)
(1090352,1090364)
(1090352,1090382)
(1090359,1090364)
(1090359,1090382)
(1090364,1090382)
(1090387,1090389)
(1090387,1090391)
(1090387,1090394)
(1090387,1090396)
(1090387,1090402)
(1090389,1090391)
(1090389,1090394)
(1090389,1090396)
(1090389,1090402)
(1090391,1090394)
(1090391,1090396)
(1090391,1090402)
(1090394,1090396)
(1090394,1090402)
(1090396,1090402)
(1090416,1090425)
(1090416,1090432)
(1090416,1090441)
(1090416,1090447)
(1090425,1090432)
(1090425,1090441)
(1090425,1090447)
(1090432,1090441)
(1090432,1090447)
(1090441,1090447)
(1090482,1090491)
(1090482,1090494)
(1090482,1090498)
(1090482,1090504)
(1090482,1090509)
(1090482,1090515)
(1090491,1090494)
(1090491,1090498)
(1090491,1090504)
(1090491,1090509)
(1090491,1090515)
(1090494,1090498)
(1090494,1090504)
(1090494,1090509)
(1090494,1090515)
(1090498,1090504)
(1090498,1090509)
(1090498,1090515)
(1090504,1090509)
(1090504,1090515)
(1090509,1090515)
(1090522,1090530)
(1090522,1090536)
(1090522,1090542)
(1090522,1090554)
(1090522,1090559)
(1090522,1090567)
(1090522,1090571)
(1090522,1090581)
(1090522,1090584)
(1090522,1090592)
(1090522,1090598)
(1090522,1090608)
(1090522,1090613)
(1090530,1090536)
(1090530,1090542)
(1090530,1090554)
(1090530,1090559)
(1090530,1090567)
(1090530,1090571)
(1090530,1090581)
(1090530,1090584)
(1090530,1090592)
(1090530,1090598)
(1090530,1090608)
(1090530,1090613)
(1090536,1090542)
(1090536,1090554)
(1090536,1090559)
(1090536,1090567)
(1090536,1090571)
(1090536,1090581)
(1090536,1090584)
(1090536,1090592)
(1090536,1090598)
(1090536,1090608)
(1090536,1090613)
(1090542,1090554)
(1090542,1090559)
(1090542,1090567)
(1090542,1090571)
(1090542,1090581)
(1090542,1090584)
(1090542,1090592)
(1090542,1090598)
(1090542,1090608)
(1090542,1090613)
(1090554,1090559)
(1090554,1090567)
(1090554,1090571)
(1090554,1090581)
(1090554,1090584)
(1090554,1090592)
(1090554,1090598)
(1090554,1090608)
(1090554,1090613)
(1090559,1090567)
(1090559,1090571)
(1090559,1090581)
(1090559,1090584)
(1090559,1090592)
(1090559,1090598)
(1090559,1090608)
(1090559,1090613)
(1090567,1090571)
(1090567,1090581)
(1090567,1090584)
(1090567,1090592)
(1090567,1090598)
(1090567,1090608)
(1090567,1090613)
(1090571,1090581)
(1090571,1090584)
(1090571,1090592)
(1090571,1090598)
(1090571,1090608)
(1090571,1090613)
(1090581,1090584)
(1090581,1090592)
(1090581,1090598)
(1090581,1090608)
(1090581,1090613)
(1090584,1090592)
(1090584,1090598)
(1090584,1090608)
(1090584,1090613)
(1090592,1090598)
(1090592,1090608)
(1090592,1090613)
(1090598,1090608)
(1090598,1090613)
(1090608,1090613)
(1090669,1090679)
(1090669,1090688)
(1090669,1090694)
(1090669,1090700)
(1090669,1090707)
(1090669,1090715)
(1090669,1090728)
(1090669,1090739)
(1090669,1090747)
(1090679,1090688)
(1090679,1090694)
(1090679,1090700)
(1090679,1090707)
(1090679,1090715)
(1090679,1090728)
(1090679,1090739)
(1090679,1090747)
(1090688,1090694)
(1090688,1090700)
(1090688,1090707)
(1090688,1090715)
(1090688,1090728)
(1090688,1090739)
(1090688,1090747)
(1090694,1090700)
(1090694,1090707)
(1090694,1090715)
(1090694,1090728)
(1090694,1090739)
(1090694,1090747)
(1090700,1090707)
(1090700,1090715)
(1090700,1090728)
(1090700,1090739)
(1090700,1090747)
(1090707,1090715)
(1090707,1090728)
(1090707,1090739)
(1090707,1090747)
(1090715,1090728)
(1090715,1090739)
(1090715,1090747)
(1090728,1090739)
(1090728,1090747)
(1090739,1090747)
(1090770,1090782)
(1090792,1090793)
(1090792,1090796)
(1090792,1090803)
(1090793,1090796)
(1090793,1090803)
(1090796,1090803)
(1090828,1090835)
(1090857,1090863)
(1090857,1090868)
(1090857,1090873)
(1090857,1090878)
(1090863,1090868)
(1090863,1090873)
(1090863,1090878)
(1090868,1090873)
(1090868,1090878)
(1090873,1090878)
(1090888,1090892)
(1090888,1090897)
(1090888,1090902)
(1090888,1090906)
(1090892,1090897)
(1090892,1090902)
(1090892,1090906)
(1090897,1090902)
(1090897,1090906)
(1090902,1090906)
(1090911,1090933)
(1090911,1090958)
(1090933,1090958)
(1090965,1090969)
(1090997,1091003)
(1091011,1091014)
(1091025,1091026)
(1091066,1091073)
(1091066,1091093)
(1091073,1091093)
(1091119,1091125)
(1091141,1091153)
(1091141,1091164)
(1091153,1091164)
(1091175,1091181)
(1091285,1091295)
(1091285,1091301)
(1091295,1091301)
(1091362,1091378)
(1091362,1091384)
(1091378,1091384)
