(23878,23972)
(23878,24015)
(23972,24015)
(75488,544483)
(75488,544484)
(75488,544500)
(75488,544514)
(75488,544526)
(75488,544534)
(75488,940134)
(75488,940147)
(75488,940160)
(75488,940168)
(75488,940182)
(75488,940183)
(75488,940202)
(75488,940212)
(544483,544484)
(544483,544500)
(544483,544514)
(544483,544526)
(544483,544534)
(544483,940134)
(544483,940147)
(544483,940160)
(544483,940168)
(544483,940182)
(544483,940183)
(544483,940202)
(544483,940212)
(544484,544500)
(544484,544514)
(544484,544526)
(544484,544534)
(544484,940134)
(544484,940147)
(544484,940160)
(544484,940168)
(544484,940182)
(544484,940183)
(544484,940202)
(544484,940212)
(544500,544514)
(544500,544526)
(544500,544534)
(544500,940134)
(544500,940147)
(544500,940160)
(544500,940168)
(544500,940182)
(544500,940183)
(544500,940202)
(544500,940212)
(544514,544526)
(544514,544534)
(544514,940134)
(544514,940147)
(544514,940160)
(544514,940168)
(544514,940182)
(544514,940183)
(544514,940202)
(544514,940212)
(544526,544534)
(544526,940134)
(544526,940147)
(544526,940160)
(544526,940168)
(544526,940182)
(544526,940183)
(544526,940202)
(544526,940212)
(544534,940134)
(544534,940147)
(544534,940160)
(544534,940168)
(544534,940182)
(544534,940183)
(544534,940202)
(544534,940212)
(940134,940147)
(940134,940160)
(940134,940168)
(940134,940182)
(940134,940183)
(940134,940202)
(940134,940212)
(940147,940160)
(940147,940168)
(940147,940182)
(940147,940183)
(940147,940202)
(940147,940212)
(940160,940168)
(940160,940182)
(940160,940183)
(940160,940202)
(940160,940212)
(940168,940182)
(940168,940183)
(940168,940202)
(940168,940212)
(940182,940183)
(940182,940202)
(940182,940212)
(940183,940202)
(940183,940212)
(940202,940212)
(136354,939266)
(212676,472072)
(212676,472079)
(212676,938686)
(212676,938695)
(212676,938708)
(212676,938718)
(212676,938723)
(212676,938730)
(212676,938737)
(212676,938744)
(212676,938749)
(212676,938754)
(212676,938759)
(212676,938764)
(212676,938768)
(212676,938772)
(212676,938775)
(212676,938781)
(212676,938788)
(212676,938792)
(472072,472079)
(472072,938686)
(472072,938695)
(472072,938708)
(472072,938718)
(472072,938723)
(472072,938730)
(472072,938737)
(472072,938744)
(472072,938749)
(472072,938754)
(472072,938759)
(472072,938764)
(472072,938768)
(472072,938772)
(472072,938775)
(472072,938781)
(472072,938788)
(472072,938792)
(472079,938686)
(472079,938695)
(472079,938708)
(472079,938718)
(472079,938723)
(472079,938730)
(472079,938737)
(472079,938744)
(472079,938749)
(472079,938754)
(472079,938759)
(472079,938764)
(472079,938768)
(472079,938772)
(472079,938775)
(472079,938781)
(472079,938788)
(472079,938792)
(938686,938695)
(938686,938708)
(938686,938718)
(938686,938723)
(938686,938730)
(938686,938737)
(938686,938744)
(938686,938749)
(938686,938754)
(938686,938759)
(938686,938764)
(938686,938768)
(938686,938772)
(938686,938775)
(938686,938781)
(938686,938788)
(938686,938792)
(938695,938708)
(938695,938718)
(938695,938723)
(938695,938730)
(938695,938737)
(938695,938744)
(938695,938749)
(938695,938754)
(938695,938759)
(938695,938764)
(938695,938768)
(938695,938772)
(938695,938775)
(938695,938781)
(938695,938788)
(938695,938792)
(938708,938718)
(938708,938723)
(938708,938730)
(938708,938737)
(938708,938744)
(938708,938749)
(938708,938754)
(938708,938759)
(938708,938764)
(938708,938768)
(938708,938772)
(938708,938775)
(938708,938781)
(938708,938788)
(938708,938792)
(938718,938723)
(938718,938730)
(938718,938737)
(938718,938744)
(938718,938749)
(938718,938754)
(938718,938759)
(938718,938764)
(938718,938768)
(938718,938772)
(938718,938775)
(938718,938781)
(938718,938788)
(938718,938792)
(938723,938730)
(938723,938737)
(938723,938744)
(938723,938749)
(938723,938754)
(938723,938759)
(938723,938764)
(938723,938768)
(938723,938772)
(938723,938775)
(938723,938781)
(938723,938788)
(938723,938792)
(938730,938737)
(938730,938744)
(938730,938749)
(938730,938754)
(938730,938759)
(938730,938764)
(938730,938768)
(938730,938772)
(938730,938775)
(938730,938781)
(938730,938788)
(938730,938792)
(938737,938744)
(938737,938749)
(938737,938754)
(938737,938759)
(938737,938764)
(938737,938768)
(938737,938772)
(938737,938775)
(938737,938781)
(938737,938788)
(938737,938792)
(938744,938749)
(938744,938754)
(938744,938759)
(938744,938764)
(938744,938768)
(938744,938772)
(938744,938775)
(938744,938781)
(938744,938788)
(938744,938792)
(938749,938754)
(938749,938759)
(938749,938764)
(938749,938768)
(938749,938772)
(938749,938775)
(938749,938781)
(938749,938788)
(938749,938792)
(938754,938759)
(938754,938764)
(938754,938768)
(938754,938772)
(938754,938775)
(938754,938781)
(938754,938788)
(938754,938792)
(938759,938764)
(938759,938768)
(938759,938772)
(938759,938775)
(938759,938781)
(938759,938788)
(938759,938792)
(938764,938768)
(938764,938772)
(938764,938775)
(938764,938781)
(938764,938788)
(938764,938792)
(938768,938772)
(938768,938775)
(938768,938781)
(938768,938788)
(938768,938792)
(938772,938775)
(938772,938781)
(938772,938788)
(938772,938792)
(938775,938781)
(938775,938788)
(938775,938792)
(938781,938788)
(938781,938792)
(938788,938792)
(364126,938321)
(364126,938323)
(364126,938325)
(364126,938327)
(364126,938333)
(938321,938323)
(938321,938325)
(938321,938327)
(938321,938333)
(938323,938325)
(938323,938327)
(938323,938333)
(938325,938327)
(938325,938333)
(938327,938333)
(395270,395276)
(472151,939877)
(472151,939879)
(472151,939881)
(939877,939879)
(939877,939881)
(939879,939881)
(472495,472547)
(519907,519932)
(519907,519943)
(519907,519966)
(519907,519972)
(519907,519979)
(519907,519985)
(519907,519997)
(519907,520005)
(519907,938617)
(519907,938621)
(519907,938628)
(519907,938632)
(519907,938637)
(519907,938642)
(519907,938647)
(519907,938651)
(519907,938660)
(519907,938664)
(519907,938671)
(519907,938676)
(519932,519943)
(519932,519966)
(519932,519972)
(519932,519979)
(519932,519985)
(519932,519997)
(519932,520005)
(519932,938617)
(519932,938621)
(519932,938628)
(519932,938632)
(519932,938637)
(519932,938642)
(519932,938647)
(519932,938651)
(519932,938660)
(519932,938664)
(519932,938671)
(519932,938676)
(519943,519966)
(519943,519972)
(519943,519979)
(519943,519985)
(519943,519997)
(519943,520005)
(519943,938617)
(519943,938621)
(519943,938628)
(519943,938632)
(519943,938637)
(519943,938642)
(519943,938647)
(519943,938651)
(519943,938660)
(519943,938664)
(519943,938671)
(519943,938676)
(519966,519972)
(519966,519979)
(519966,519985)
(519966,519997)
(519966,520005)
(519966,938617)
(519966,938621)
(519966,938628)
(519966,938632)
(519966,938637)
(519966,938642)
(519966,938647)
(519966,938651)
(519966,938660)
(519966,938664)
(519966,938671)
(519966,938676)
(519972,519979)
(519972,519985)
(519972,519997)
(519972,520005)
(519972,938617)
(519972,938621)
(519972,938628)
(519972,938632)
(519972,938637)
(519972,938642)
(519972,938647)
(519972,938651)
(519972,938660)
(519972,938664)
(519972,938671)
(519972,938676)
(519979,519985)
(519979,519997)
(519979,520005)
(519979,938617)
(519979,938621)
(519979,938628)
(519979,938632)
(519979,938637)
(519979,938642)
(519979,938647)
(519979,938651)
(519979,938660)
(519979,938664)
(519979,938671)
(519979,938676)
(519985,519997)
(519985,520005)
(519985,938617)
(519985,938621)
(519985,938628)
(519985,938632)
(519985,938637)
(519985,938642)
(519985,938647)
(519985,938651)
(519985,938660)
(519985,938664)
(519985,938671)
(519985,938676)
(519997,520005)
(519997,938617)
(519997,938621)
(519997,938628)
(519997,938632)
(519997,938637)
(519997,938642)
(519997,938647)
(519997,938651)
(519997,938660)
(519997,938664)
(519997,938671)
(519997,938676)
(520005,938617)
(520005,938621)
(520005,938628)
(520005,938632)
(520005,938637)
(520005,938642)
(520005,938647)
(520005,938651)
(520005,938660)
(520005,938664)
(520005,938671)
(520005,938676)
(938617,938621)
(938617,938628)
(938617,938632)
(938617,938637)
(938617,938642)
(938617,938647)
(938617,938651)
(938617,938660)
(938617,938664)
(938617,938671)
(938617,938676)
(938621,938628)
(938621,938632)
(938621,938637)
(938621,938642)
(938621,938647)
(938621,938651)
(938621,938660)
(938621,938664)
(938621,938671)
(938621,938676)
(938628,938632)
(938628,938637)
(938628,938642)
(938628,938647)
(938628,938651)
(938628,938660)
(938628,938664)
(938628,938671)
(938628,938676)
(938632,938637)
(938632,938642)
(938632,938647)
(938632,938651)
(938632,938660)
(938632,938664)
(938632,938671)
(938632,938676)
(938637,938642)
(938637,938647)
(938637,938651)
(938637,938660)
(938637,938664)
(938637,938671)
(938637,938676)
(938642,938647)
(938642,938651)
(938642,938660)
(938642,938664)
(938642,938671)
(938642,938676)
(938647,938651)
(938647,938660)
(938647,938664)
(938647,938671)
(938647,938676)
(938651,938660)
(938651,938664)
(938651,938671)
(938651,938676)
(938660,938664)
(938660,938671)
(938660,938676)
(938664,938671)
(938664,938676)
(938671,938676)
(634766,634859)
(635485,939963)
(635485,939972)
(635485,939980)
(939963,939972)
(939963,939980)
(939972,939980)
(636413,939235)
(636650,940558)
(637792,942520)
(637792,942526)
(942520,942526)
(638057,938554)
(638057,938557)
(638057,938559)
(638057,938564)
(638057,938568)
(638057,938583)
(938554,938557)
(938554,938559)
(938554,938564)
(938554,938568)
(938554,938583)
(938557,938559)
(938557,938564)
(938557,938568)
(938557,938583)
(938559,938564)
(938559,938568)
(938559,938583)
(938564,938568)
(938564,938583)
(938568,938583)
(638705,940716)
(638705,940722)
(638705,940726)
(940716,940722)
(940716,940726)
(940722,940726)
(652510,942244)
(652510,942253)
(652510,942264)
(942244,942253)
(942244,942264)
(942253,942264)
(758643,940900)
(758643,940910)
(758643,940918)
(758643,940928)
(758643,940937)
(758643,940949)
(758643,940958)
(758643,940972)
(758643,940979)
(758643,940982)
(758643,940997)
(758643,941003)
(758643,941007)
(758643,941009)
(940900,940910)
(940900,940918)
(940900,940928)
(940900,940937)
(940900,940949)
(940900,940958)
(940900,940972)
(940900,940979)
(940900,940982)
(940900,940997)
(940900,941003)
(940900,941007)
(940900,941009)
(940910,940918)
(940910,940928)
(940910,940937)
(940910,940949)
(940910,940958)
(940910,940972)
(940910,940979)
(940910,940982)
(940910,940997)
(940910,941003)
(940910,941007)
(940910,941009)
(940918,940928)
(940918,940937)
(940918,940949)
(940918,940958)
(940918,940972)
(940918,940979)
(940918,940982)
(940918,940997)
(940918,941003)
(940918,941007)
(940918,941009)
(940928,940937)
(940928,940949)
(940928,940958)
(940928,940972)
(940928,940979)
(940928,940982)
(940928,940997)
(940928,941003)
(940928,941007)
(940928,941009)
(940937,940949)
(940937,940958)
(940937,940972)
(940937,940979)
(940937,940982)
(940937,940997)
(940937,941003)
(940937,941007)
(940937,941009)
(940949,940958)
(940949,940972)
(940949,940979)
(940949,940982)
(940949,940997)
(940949,941003)
(940949,941007)
(940949,941009)
(940958,940972)
(940958,940979)
(940958,940982)
(940958,940997)
(940958,941003)
(940958,941007)
(940958,941009)
(940972,940979)
(940972,940982)
(940972,940997)
(940972,941003)
(940972,941007)
(940972,941009)
(940979,940982)
(940979,940997)
(940979,941003)
(940979,941007)
(940979,941009)
(940982,940997)
(940982,941003)
(940982,941007)
(940982,941009)
(940997,941003)
(940997,941007)
(940997,941009)
(941003,941007)
(941003,941009)
(941007,941009)
(938313,938316)
(938313,938319)
(938316,938319)
(938345,938349)
(938354,938363)
(938354,938370)
(938354,938383)
(938354,938388)
(938354,938392)
(938354,938403)
(938354,938412)
(938363,938370)
(938363,938383)
(938363,938388)
(938363,938392)
(938363,938403)
(938363,938412)
(938370,938383)
(938370,938388)
(938370,938392)
(938370,938403)
(938370,938412)
(938383,938388)
(938383,938392)
(938383,938403)
(938383,938412)
(938388,938392)
(938388,938403)
(938388,938412)
(938392,938403)
(938392,938412)
(938403,938412)
(938416,938427)
(938416,938433)
(938416,938434)
(938416,938445)
(938416,938449)
(938416,938451)
(938416,938462)
(938416,938481)
(938427,938433)
(938427,938434)
(938427,938445)
(938427,938449)
(938427,938451)
(938427,938462)
(938427,938481)
(938433,938434)
(938433,938445)
(938433,938449)
(938433,938451)
(938433,938462)
(938433,938481)
(938434,938445)
(938434,938449)
(938434,938451)
(938434,938462)
(938434,938481)
(938445,938449)
(938445,938451)
(938445,938462)
(938445,938481)
(938449,938451)
(938449,938462)
(938449,938481)
(938451,938462)
(938451,938481)
(938462,938481)
(938485,938489)
(938485,938493)
(938489,938493)
(938501,938504)
(938506,938509)
(938506,938510)
(938506,938512)
(938506,938515)
(938506,938516)
(938506,938519)
(938506,938522)
(938506,938532)
(938506,938536)
(938509,938510)
(938509,938512)
(938509,938515)
(938509,938516)
(938509,938519)
(938509,938522)
(938509,938532)
(938509,938536)
(938510,938512)
(938510,938515)
(938510,938516)
(938510,938519)
(938510,938522)
(938510,938532)
(938510,938536)
(938512,938515)
(938512,938516)
(938512,938519)
(938512,938522)
(938512,938532)
(938512,938536)
(938515,938516)
(938515,938519)
(938515,938522)
(938515,938532)
(938515,938536)
(938516,938519)
(938516,938522)
(938516,938532)
(938516,938536)
(938519,938522)
(938519,938532)
(938519,938536)
(938522,938532)
(938522,938536)
(938532,938536)
(938603,938607)
(938603,938610)
(938603,938613)
(938607,938610)
(938607,938613)
(938610,938613)
(938795,938799)
(938802,938812)
(938802,938816)
(938812,938816)
(938843,938846)
(938857,938866)
(938857,938880)
(938857,938885)
(938857,938893)
(938857,938900)
(938857,938910)
(938857,938928)
(938857,938933)
(938857,938941)
(938857,938966)
(938866,938880)
(938866,938885)
(938866,938893)
(938866,938900)
(938866,938910)
(938866,938928)
(938866,938933)
(938866,938941)
(938866,938966)
(938880,938885)
(938880,938893)
(938880,938900)
(938880,938910)
(938880,938928)
(938880,938933)
(938880,938941)
(938880,938966)
(938885,938893)
(938885,938900)
(938885,938910)
(938885,938928)
(938885,938933)
(938885,938941)
(938885,938966)
(938893,938900)
(938893,938910)
(938893,938928)
(938893,938933)
(938893,938941)
(938893,938966)
(938900,938910)
(938900,938928)
(938900,938933)
(938900,938941)
(938900,938966)
(938910,938928)
(938910,938933)
(938910,938941)
(938910,938966)
(938928,938933)
(938928,938941)
(938928,938966)
(938933,938941)
(938933,938966)
(938941,938966)
(938967,938973)
(938967,938977)
(938967,938981)
(938967,938984)
(938967,938989)
(938967,938991)
(938967,938994)
(938967,939002)
(938967,939007)
(938967,939014)
(938967,939019)
(938967,939032)
(938967,939043)
(938967,939050)
(938967,939059)
(938967,939066)
(938967,939072)
(938967,939079)
(938967,939088)
(938967,939093)
(938967,939097)
(938967,939104)
(938967,939115)
(938967,939119)
(938967,939131)
(938967,939134)
(938967,939143)
(938967,939151)
(938967,939158)
(938967,939166)
(938967,939172)
(938967,939176)
(938967,939189)
(938967,939195)
(938967,939199)
(938967,939206)
(938973,938977)
(938973,938981)
(938973,938984)
(938973,938989)
(938973,938991)
(938973,938994)
(938973,939002)
(938973,939007)
(938973,939014)
(938973,939019)
(938973,939032)
(938973,939043)
(938973,939050)
(938973,939059)
(938973,939066)
(938973,939072)
(938973,939079)
(938973,939088)
(938973,939093)
(938973,939097)
(938973,939104)
(938973,939115)
(938973,939119)
(938973,939131)
(938973,939134)
(938973,939143)
(938973,939151)
(938973,939158)
(938973,939166)
(938973,939172)
(938973,939176)
(938973,939189)
(938973,939195)
(938973,939199)
(938973,939206)
(938977,938981)
(938977,938984)
(938977,938989)
(938977,938991)
(938977,938994)
(938977,939002)
(938977,939007)
(938977,939014)
(938977,939019)
(938977,939032)
(938977,939043)
(938977,939050)
(938977,939059)
(938977,939066)
(938977,939072)
(938977,939079)
(938977,939088)
(938977,939093)
(938977,939097)
(938977,939104)
(938977,939115)
(938977,939119)
(938977,939131)
(938977,939134)
(938977,939143)
(938977,939151)
(938977,939158)
(938977,939166)
(938977,939172)
(938977,939176)
(938977,939189)
(938977,939195)
(938977,939199)
(938977,939206)
(938981,938984)
(938981,938989)
(938981,938991)
(938981,938994)
(938981,939002)
(938981,939007)
(938981,939014)
(938981,939019)
(938981,939032)
(938981,939043)
(938981,939050)
(938981,939059)
(938981,939066)
(938981,939072)
(938981,939079)
(938981,939088)
(938981,939093)
(938981,939097)
(938981,939104)
(938981,939115)
(938981,939119)
(938981,939131)
(938981,939134)
(938981,939143)
(938981,939151)
(938981,939158)
(938981,939166)
(938981,939172)
(938981,939176)
(938981,939189)
(938981,939195)
(938981,939199)
(938981,939206)
(938984,938989)
(938984,938991)
(938984,938994)
(938984,939002)
(938984,939007)
(938984,939014)
(938984,939019)
(938984,939032)
(938984,939043)
(938984,939050)
(938984,939059)
(938984,939066)
(938984,939072)
(938984,939079)
(938984,939088)
(938984,939093)
(938984,939097)
(938984,939104)
(938984,939115)
(938984,939119)
(938984,939131)
(938984,939134)
(938984,939143)
(938984,939151)
(938984,939158)
(938984,939166)
(938984,939172)
(938984,939176)
(938984,939189)
(938984,939195)
(938984,939199)
(938984,939206)
(938989,938991)
(938989,938994)
(938989,939002)
(938989,939007)
(938989,939014)
(938989,939019)
(938989,939032)
(938989,939043)
(938989,939050)
(938989,939059)
(938989,939066)
(938989,939072)
(938989,939079)
(938989,939088)
(938989,939093)
(938989,939097)
(938989,939104)
(938989,939115)
(938989,939119)
(938989,939131)
(938989,939134)
(938989,939143)
(938989,939151)
(938989,939158)
(938989,939166)
(938989,939172)
(938989,939176)
(938989,939189)
(938989,939195)
(938989,939199)
(938989,939206)
(938991,938994)
(938991,939002)
(938991,939007)
(938991,939014)
(938991,939019)
(938991,939032)
(938991,939043)
(938991,939050)
(938991,939059)
(938991,939066)
(938991,939072)
(938991,939079)
(938991,939088)
(938991,939093)
(938991,939097)
(938991,939104)
(938991,939115)
(938991,939119)
(938991,939131)
(938991,939134)
(938991,939143)
(938991,939151)
(938991,939158)
(938991,939166)
(938991,939172)
(938991,939176)
(938991,939189)
(938991,939195)
(938991,939199)
(938991,939206)
(938994,939002)
(938994,939007)
(938994,939014)
(938994,939019)
(938994,939032)
(938994,939043)
(938994,939050)
(938994,939059)
(938994,939066)
(938994,939072)
(938994,939079)
(938994,939088)
(938994,939093)
(938994,939097)
(938994,939104)
(938994,939115)
(938994,939119)
(938994,939131)
(938994,939134)
(938994,939143)
(938994,939151)
(938994,939158)
(938994,939166)
(938994,939172)
(938994,939176)
(938994,939189)
(938994,939195)
(938994,939199)
(938994,939206)
(939002,939007)
(939002,939014)
(939002,939019)
(939002,939032)
(939002,939043)
(939002,939050)
(939002,939059)
(939002,939066)
(939002,939072)
(939002,939079)
(939002,939088)
(939002,939093)
(939002,939097)
(939002,939104)
(939002,939115)
(939002,939119)
(939002,939131)
(939002,939134)
(939002,939143)
(939002,939151)
(939002,939158)
(939002,939166)
(939002,939172)
(939002,939176)
(939002,939189)
(939002,939195)
(939002,939199)
(939002,939206)
(939007,939014)
(939007,939019)
(939007,939032)
(939007,939043)
(939007,939050)
(939007,939059)
(939007,939066)
(939007,939072)
(939007,939079)
(939007,939088)
(939007,939093)
(939007,939097)
(939007,939104)
(939007,939115)
(939007,939119)
(939007,939131)
(939007,939134)
(939007,939143)
(939007,939151)
(939007,939158)
(939007,939166)
(939007,939172)
(939007,939176)
(939007,939189)
(939007,939195)
(939007,939199)
(939007,939206)
(939014,939019)
(939014,939032)
(939014,939043)
(939014,939050)
(939014,939059)
(939014,939066)
(939014,939072)
(939014,939079)
(939014,939088)
(939014,939093)
(939014,939097)
(939014,939104)
(939014,939115)
(939014,939119)
(939014,939131)
(939014,939134)
(939014,939143)
(939014,939151)
(939014,939158)
(939014,939166)
(939014,939172)
(939014,939176)
(939014,939189)
(939014,939195)
(939014,939199)
(939014,939206)
(939019,939032)
(939019,939043)
(939019,939050)
(939019,939059)
(939019,939066)
(939019,939072)
(939019,939079)
(939019,939088)
(939019,939093)
(939019,939097)
(939019,939104)
(939019,939115)
(939019,939119)
(939019,939131)
(939019,939134)
(939019,939143)
(939019,939151)
(939019,939158)
(939019,939166)
(939019,939172)
(939019,939176)
(939019,939189)
(939019,939195)
(939019,939199)
(939019,939206)
(939032,939043)
(939032,939050)
(939032,939059)
(939032,939066)
(939032,939072)
(939032,939079)
(939032,939088)
(939032,939093)
(939032,939097)
(939032,939104)
(939032,939115)
(939032,939119)
(939032,939131)
(939032,939134)
(939032,939143)
(939032,939151)
(939032,939158)
(939032,939166)
(939032,939172)
(939032,939176)
(939032,939189)
(939032,939195)
(939032,939199)
(939032,939206)
(939043,939050)
(939043,939059)
(939043,939066)
(939043,939072)
(939043,939079)
(939043,939088)
(939043,939093)
(939043,939097)
(939043,939104)
(939043,939115)
(939043,939119)
(939043,939131)
(939043,939134)
(939043,939143)
(939043,939151)
(939043,939158)
(939043,939166)
(939043,939172)
(939043,939176)
(939043,939189)
(939043,939195)
(939043,939199)
(939043,939206)
(939050,939059)
(939050,939066)
(939050,939072)
(939050,939079)
(939050,939088)
(939050,939093)
(939050,939097)
(939050,939104)
(939050,939115)
(939050,939119)
(939050,939131)
(939050,939134)
(939050,939143)
(939050,939151)
(939050,939158)
(939050,939166)
(939050,939172)
(939050,939176)
(939050,939189)
(939050,939195)
(939050,939199)
(939050,939206)
(939059,939066)
(939059,939072)
(939059,939079)
(939059,939088)
(939059,939093)
(939059,939097)
(939059,939104)
(939059,939115)
(939059,939119)
(939059,939131)
(939059,939134)
(939059,939143)
(939059,939151)
(939059,939158)
(939059,939166)
(939059,939172)
(939059,939176)
(939059,939189)
(939059,939195)
(939059,939199)
(939059,939206)
(939066,939072)
(939066,939079)
(939066,939088)
(939066,939093)
(939066,939097)
(939066,939104)
(939066,939115)
(939066,939119)
(939066,939131)
(939066,939134)
(939066,939143)
(939066,939151)
(939066,939158)
(939066,939166)
(939066,939172)
(939066,939176)
(939066,939189)
(939066,939195)
(939066,939199)
(939066,939206)
(939072,939079)
(939072,939088)
(939072,939093)
(939072,939097)
(939072,939104)
(939072,939115)
(939072,939119)
(939072,939131)
(939072,939134)
(939072,939143)
(939072,939151)
(939072,939158)
(939072,939166)
(939072,939172)
(939072,939176)
(939072,939189)
(939072,939195)
(939072,939199)
(939072,939206)
(939079,939088)
(939079,939093)
(939079,939097)
(939079,939104)
(939079,939115)
(939079,939119)
(939079,939131)
(939079,939134)
(939079,939143)
(939079,939151)
(939079,939158)
(939079,939166)
(939079,939172)
(939079,939176)
(939079,939189)
(939079,939195)
(939079,939199)
(939079,939206)
(939088,939093)
(939088,939097)
(939088,939104)
(939088,939115)
(939088,939119)
(939088,939131)
(939088,939134)
(939088,939143)
(939088,939151)
(939088,939158)
(939088,939166)
(939088,939172)
(939088,939176)
(939088,939189)
(939088,939195)
(939088,939199)
(939088,939206)
(939093,939097)
(939093,939104)
(939093,939115)
(939093,939119)
(939093,939131)
(939093,939134)
(939093,939143)
(939093,939151)
(939093,939158)
(939093,939166)
(939093,939172)
(939093,939176)
(939093,939189)
(939093,939195)
(939093,939199)
(939093,939206)
(939097,939104)
(939097,939115)
(939097,939119)
(939097,939131)
(939097,939134)
(939097,939143)
(939097,939151)
(939097,939158)
(939097,939166)
(939097,939172)
(939097,939176)
(939097,939189)
(939097,939195)
(939097,939199)
(939097,939206)
(939104,939115)
(939104,939119)
(939104,939131)
(939104,939134)
(939104,939143)
(939104,939151)
(939104,939158)
(939104,939166)
(939104,939172)
(939104,939176)
(939104,939189)
(939104,939195)
(939104,939199)
(939104,939206)
(939115,939119)
(939115,939131)
(939115,939134)
(939115,939143)
(939115,939151)
(939115,939158)
(939115,939166)
(939115,939172)
(939115,939176)
(939115,939189)
(939115,939195)
(939115,939199)
(939115,939206)
(939119,939131)
(939119,939134)
(939119,939143)
(939119,939151)
(939119,939158)
(939119,939166)
(939119,939172)
(939119,939176)
(939119,939189)
(939119,939195)
(939119,939199)
(939119,939206)
(939131,939134)
(939131,939143)
(939131,939151)
(939131,939158)
(939131,939166)
(939131,939172)
(939131,939176)
(939131,939189)
(939131,939195)
(939131,939199)
(939131,939206)
(939134,939143)
(939134,939151)
(939134,939158)
(939134,939166)
(939134,939172)
(939134,939176)
(939134,939189)
(939134,939195)
(939134,939199)
(939134,939206)
(939143,939151)
(939143,939158)
(939143,939166)
(939143,939172)
(939143,939176)
(939143,939189)
(939143,939195)
(939143,939199)
(939143,939206)
(939151,939158)
(939151,939166)
(939151,939172)
(939151,939176)
(939151,939189)
(939151,939195)
(939151,939199)
(939151,939206)
(939158,939166)
(939158,939172)
(939158,939176)
(939158,939189)
(939158,939195)
(939158,939199)
(939158,939206)
(939166,939172)
(939166,939176)
(939166,939189)
(939166,939195)
(939166,939199)
(939166,939206)
(939172,939176)
(939172,939189)
(939172,939195)
(939172,939199)
(939172,939206)
(939176,939189)
(939176,939195)
(939176,939199)
(939176,939206)
(939189,939195)
(939189,939199)
(939189,939206)
(939195,939199)
(939195,939206)
(939199,939206)
(939231,939234)
(939250,939255)
(939250,939259)
(939250,939264)
(939255,939259)
(939255,939264)
(939259,939264)
(939270,939274)
(939291,939298)
(939291,939305)
(939298,939305)
(939318,939319)
(939318,939323)
(939319,939323)
(939328,939330)
(939328,939331)
(939328,939335)
(939328,939344)
(939330,939331)
(939330,939335)
(939330,939344)
(939331,939335)
(939331,939344)
(939335,939344)
(939359,939364)
(939359,939367)
(939359,939377)
(939364,939367)
(939364,939377)
(939367,939377)
(939379,939381)
(939379,939383)
(939379,939386)
(939379,939388)
(939381,939383)
(939381,939386)
(939381,939388)
(939383,939386)
(939383,939388)
(939386,939388)
(939403,939410)
(939403,939415)
(939403,939425)
(939403,939428)
(939403,939440)
(939403,939445)
(939403,939449)
(939410,939415)
(939410,939425)
(939410,939428)
(939410,939440)
(939410,939445)
(939410,939449)
(939415,939425)
(939415,939428)
(939415,939440)
(939415,939445)
(939415,939449)
(939425,939428)
(939425,939440)
(939425,939445)
(939425,939449)
(939428,939440)
(939428,939445)
(939428,939449)
(939440,939445)
(939440,939449)
(939445,939449)
(939472,939473)
(939472,939479)
(939473,939479)
(939512,939523)
(939512,939537)
(939512,939555)
(939523,939537)
(939523,939555)
(939537,939555)
(939572,939573)
(939572,939576)
(939572,939579)
(939573,939576)
(939573,939579)
(939576,939579)
(939590,939595)
(939602,939603)
(939602,939604)
(939603,939604)
(939609,939612)
(939609,939614)
(939609,939622)
(939609,939628)
(939609,939635)
(939609,939643)
(939609,939651)
(939609,939653)
(939609,939656)
(939609,939661)
(939609,939672)
(939609,939674)
(939609,939675)
(939612,939614)
(939612,939622)
(939612,939628)
(939612,939635)
(939612,939643)
(939612,939651)
(939612,939653)
(939612,939656)
(939612,939661)
(939612,939672)
(939612,939674)
(939612,939675)
(939614,939622)
(939614,939628)
(939614,939635)
(939614,939643)
(939614,939651)
(939614,939653)
(939614,939656)
(939614,939661)
(939614,939672)
(939614,939674)
(939614,939675)
(939622,939628)
(939622,939635)
(939622,939643)
(939622,939651)
(939622,939653)
(939622,939656)
(939622,939661)
(939622,939672)
(939622,939674)
(939622,939675)
(939628,939635)
(939628,939643)
(939628,939651)
(939628,939653)
(939628,939656)
(939628,939661)
(939628,939672)
(939628,939674)
(939628,939675)
(939635,939643)
(939635,939651)
(939635,939653)
(939635,939656)
(939635,939661)
(939635,939672)
(939635,939674)
(939635,939675)
(939643,939651)
(939643,939653)
(939643,939656)
(939643,939661)
(939643,939672)
(939643,939674)
(939643,939675)
(939651,939653)
(939651,939656)
(939651,939661)
(939651,939672)
(939651,939674)
(939651,939675)
(939653,939656)
(939653,939661)
(939653,939672)
(939653,939674)
(939653,939675)
(939656,939661)
(939656,939672)
(939656,939674)
(939656,939675)
(939661,939672)
(939661,939674)
(939661,939675)
(939672,939674)
(939672,939675)
(939674,939675)
(939688,939692)
(939709,939710)
(939709,939714)
(939710,939714)
(939740,939750)
(939777,939781)
(939777,939784)
(939777,939790)
(939777,939793)
(939777,939798)
(939777,939800)
(939777,939804)
(939777,939812)
(939777,939821)
(939777,939825)
(939777,939834)
(939781,939784)
(939781,939790)
(939781,939793)
(939781,939798)
(939781,939800)
(939781,939804)
(939781,939812)
(939781,939821)
(939781,939825)
(939781,939834)
(939784,939790)
(939784,939793)
(939784,939798)
(939784,939800)
(939784,939804)
(939784,939812)
(939784,939821)
(939784,939825)
(939784,939834)
(939790,939793)
(939790,939798)
(939790,939800)
(939790,939804)
(939790,939812)
(939790,939821)
(939790,939825)
(939790,939834)
(939793,939798)
(939793,939800)
(939793,939804)
(939793,939812)
(939793,939821)
(939793,939825)
(939793,939834)
(939798,939800)
(939798,939804)
(939798,939812)
(939798,939821)
(939798,939825)
(939798,939834)
(939800,939804)
(939800,939812)
(939800,939821)
(939800,939825)
(939800,939834)
(939804,939812)
(939804,939821)
(939804,939825)
(939804,939834)
(939812,939821)
(939812,939825)
(939812,939834)
(939821,939825)
(939821,939834)
(939825,939834)
(939843,939847)
(939853,939854)
(939862,939867)
(939862,939872)
(939862,939876)
(939867,939872)
(939867,939876)
(939872,939876)
(939888,939891)
(939912,939923)
(939912,939934)
(939912,939945)
(939923,939934)
(939923,939945)
(939934,939945)
(940004,940009)
(940004,940019)
(940004,940035)
(940004,940041)
(940004,940055)
(940004,940067)
(940009,940019)
(940009,940035)
(940009,940041)
(940009,940055)
(940009,940067)
(940019,940035)
(940019,940041)
(940019,940055)
(940019,940067)
(940035,940041)
(940035,940055)
(940035,940067)
(940041,940055)
(940041,940067)
(940055,940067)
(940117,940123)
(940117,940130)
(940123,940130)
(940235,940239)
(940253,940261)
(940253,940267)
(940261,940267)
(940308,940316)
(940323,940327)
(940336,940341)
(940336,940347)
(940341,940347)
(940369,940377)
(940369,940385)
(940369,940408)
(940377,940385)
(940377,940408)
(940385,940408)
(940409,940417)
(940409,940424)
(940409,940430)
(940409,940436)
(940417,940424)
(940417,940430)
(940417,940436)
(940424,940430)
(940424,940436)
(940430,940436)
(940445,940448)
(940452,940458)
(940452,940466)
(940452,940471)
(940458,940466)
(940458,940471)
(940466,940471)
(940485,940497)
(940503,940509)
(940503,940515)
(940503,940519)
(940503,940528)
(940503,940530)
(940503,940534)
(940509,940515)
(940509,940519)
(940509,940528)
(940509,940530)
(940509,940534)
(940515,940519)
(940515,940528)
(940515,940530)
(940515,940534)
(940519,940528)
(940519,940530)
(940519,940534)
(940528,940530)
(940528,940534)
(940530,940534)
(940547,940550)
(940568,940576)
(940588,940593)
(940588,940601)
(940593,940601)
(940657,940660)
(940657,940665)
(940660,940665)
(940676,940685)
(940676,940691)
(940685,940691)
(940741,940744)
(940767,940775)
(940785,940786)
(940785,940792)
(940786,940792)
(940806,940809)
(940816,940822)
(940816,940829)
(940816,940837)
(940816,940846)
(940816,940855)
(940816,940865)
(940816,940873)
(940816,940883)
(940822,940829)
(940822,940837)
(940822,940846)
(940822,940855)
(940822,940865)
(940822,940873)
(940822,940883)
(940829,940837)
(940829,940846)
(940829,940855)
(940829,940865)
(940829,940873)
(940829,940883)
(940837,940846)
(940837,940855)
(940837,940865)
(940837,940873)
(940837,940883)
(940846,940855)
(940846,940865)
(940846,940873)
(940846,940883)
(940855,940865)
(940855,940873)
(940855,940883)
(940865,940873)
(940865,940883)
(940873,940883)
(941028,941031)
(941028,941034)
(941028,941037)
(941028,941041)
(941031,941034)
(941031,941037)
(941031,941041)
(941034,941037)
(941034,941041)
(941037,941041)
(941047,941054)
(941064,941071)
(941104,941107)
(941113,941115)
(941122,941123)
(941122,941126)
(941122,941131)
(941122,941133)
(941123,941126)
(941123,941131)
(941123,941133)
(941126,941131)
(941126,941133)
(941131,941133)
(941144,941148)
(941144,941150)
(941148,941150)
(941159,941164)
(941185,941191)
(941185,941201)
(941185,941205)
(941185,941211)
(941185,941219)
(941185,941243)
(941191,941201)
(941191,941205)
(941191,941211)
(941191,941219)
(941191,941243)
(941201,941205)
(941201,941211)
(941201,941219)
(941201,941243)
(941205,941211)
(941205,941219)
(941205,941243)
(941211,941219)
(941211,941243)
(941219,941243)
(941289,941296)
(941338,941347)
(941338,941384)
(941347,941384)
(941438,941443)
(941453,941456)
(941453,941462)
(941456,941462)
(941470,941471)
(941479,941488)
(941479,941496)
(941488,941496)
(941531,941544)
(941592,941594)
(941592,941599)
(941594,941599)
(941603,941613)
(941603,941615)
(941603,941622)
(941603,941627)
(941613,941615)
(941613,941622)
(941613,941627)
(941615,941622)
(941615,941627)
(941622,941627)
(941672,941679)
(941672,941687)
(941672,941697)
(941679,941687)
(941679,941697)
(941687,941697)
(941733,941739)
(941733,941745)
(941739,941745)
(941822,941825)
(941836,941839)
(941850,941857)
(941850,941861)
(941850,941871)
(941850,941874)
(941857,941861)
(941857,941871)
(941857,941874)
(941861,941871)
(941861,941874)
(941871,941874)
(941890,941895)
(941924,941939)
(941924,941947)
(941924,941951)
(941924,941958)
(941924,941964)
(941939,941947)
(941939,941951)
(941939,941958)
(941939,941964)
(941947,941951)
(941947,941958)
(941947,941964)
(941951,941958)
(941951,941964)
(941958,941964)
(941968,941971)
(941984,942005)
(942073,942079)
(942107,942112)
(942136,942147)
(942136,942156)
(942136,942165)
(942147,942156)
(942147,942165)
(942156,942165)
(942178,942187)
(942396,942399)
(942396,942404)
(942399,942404)
(942493,942495)
(942612,942615)
(942666,942686)
