(397153,973289)
(397153,973293)
(397153,973299)
(397153,973304)
(397153,973309)
(397153,973315)
(973289,973293)
(973289,973299)
(973289,973304)
(973289,973309)
(973289,973315)
(973293,973299)
(973293,973304)
(973293,973309)
(973293,973315)
(973299,973304)
(973299,973309)
(973299,973315)
(973304,973309)
(973304,973315)
(973309,973315)
(917977,972214)
(917977,972218)
(917977,972223)
(917977,972229)
(917977,972232)
(917977,972239)
(917977,972243)
(917977,972249)
(917977,972252)
(917977,972261)
(917977,972266)
(917977,972270)
(917977,972273)
(917977,972282)
(917977,972289)
(917977,972298)
(917977,972306)
(917977,972309)
(917977,972319)
(917977,972321)
(917977,972331)
(917977,972337)
(917977,972340)
(917977,972348)
(917977,972359)
(917977,972362)
(917977,972370)
(917977,972375)
(917977,972386)
(917977,972395)
(917977,972400)
(917977,972403)
(917977,972406)
(917977,972415)
(917977,972430)
(917977,972433)
(917977,972442)
(917977,972453)
(917977,972464)
(917977,972474)
(917977,972480)
(917977,972482)
(917977,972497)
(917977,972498)
(917977,972513)
(917977,972522)
(917977,972529)
(917977,972537)
(917977,972548)
(917977,972554)
(917977,972560)
(917977,972568)
(917977,972579)
(917977,972587)
(917977,972590)
(917977,972598)
(917977,972612)
(917977,972619)
(917977,972626)
(917977,972634)
(917977,972640)
(917977,972648)
(917977,972658)
(917977,972669)
(917977,972681)
(917977,972688)
(917977,972694)
(917977,972696)
(917977,972704)
(917977,972706)
(917977,972716)
(917977,972724)
(917977,972732)
(917977,972741)
(917977,972750)
(917977,972757)
(917977,972766)
(917977,972772)
(917977,972780)
(917977,972788)
(917977,972794)
(917977,972802)
(917977,972806)
(917977,972814)
(917977,972822)
(917977,972835)
(917977,972843)
(917977,972847)
(917977,972856)
(917977,972864)
(917977,972873)
(917977,972876)
(917977,972883)
(972214,972218)
(972214,972223)
(972214,972229)
(972214,972232)
(972214,972239)
(972214,972243)
(972214,972249)
(972214,972252)
(972214,972261)
(972214,972266)
(972214,972270)
(972214,972273)
(972214,972282)
(972214,972289)
(972214,972298)
(972214,972306)
(972214,972309)
(972214,972319)
(972214,972321)
(972214,972331)
(972214,972337)
(972214,972340)
(972214,972348)
(972214,972359)
(972214,972362)
(972214,972370)
(972214,972375)
(972214,972386)
(972214,972395)
(972214,972400)
(972214,972403)
(972214,972406)
(972214,972415)
(972214,972430)
(972214,972433)
(972214,972442)
(972214,972453)
(972214,972464)
(972214,972474)
(972214,972480)
(972214,972482)
(972214,972497)
(972214,972498)
(972214,972513)
(972214,972522)
(972214,972529)
(972214,972537)
(972214,972548)
(972214,972554)
(972214,972560)
(972214,972568)
(972214,972579)
(972214,972587)
(972214,972590)
(972214,972598)
(972214,972612)
(972214,972619)
(972214,972626)
(972214,972634)
(972214,972640)
(972214,972648)
(972214,972658)
(972214,972669)
(972214,972681)
(972214,972688)
(972214,972694)
(972214,972696)
(972214,972704)
(972214,972706)
(972214,972716)
(972214,972724)
(972214,972732)
(972214,972741)
(972214,972750)
(972214,972757)
(972214,972766)
(972214,972772)
(972214,972780)
(972214,972788)
(972214,972794)
(972214,972802)
(972214,972806)
(972214,972814)
(972214,972822)
(972214,972835)
(972214,972843)
(972214,972847)
(972214,972856)
(972214,972864)
(972214,972873)
(972214,972876)
(972214,972883)
(972218,972223)
(972218,972229)
(972218,972232)
(972218,972239)
(972218,972243)
(972218,972249)
(972218,972252)
(972218,972261)
(972218,972266)
(972218,972270)
(972218,972273)
(972218,972282)
(972218,972289)
(972218,972298)
(972218,972306)
(972218,972309)
(972218,972319)
(972218,972321)
(972218,972331)
(972218,972337)
(972218,972340)
(972218,972348)
(972218,972359)
(972218,972362)
(972218,972370)
(972218,972375)
(972218,972386)
(972218,972395)
(972218,972400)
(972218,972403)
(972218,972406)
(972218,972415)
(972218,972430)
(972218,972433)
(972218,972442)
(972218,972453)
(972218,972464)
(972218,972474)
(972218,972480)
(972218,972482)
(972218,972497)
(972218,972498)
(972218,972513)
(972218,972522)
(972218,972529)
(972218,972537)
(972218,972548)
(972218,972554)
(972218,972560)
(972218,972568)
(972218,972579)
(972218,972587)
(972218,972590)
(972218,972598)
(972218,972612)
(972218,972619)
(972218,972626)
(972218,972634)
(972218,972640)
(972218,972648)
(972218,972658)
(972218,972669)
(972218,972681)
(972218,972688)
(972218,972694)
(972218,972696)
(972218,972704)
(972218,972706)
(972218,972716)
(972218,972724)
(972218,972732)
(972218,972741)
(972218,972750)
(972218,972757)
(972218,972766)
(972218,972772)
(972218,972780)
(972218,972788)
(972218,972794)
(972218,972802)
(972218,972806)
(972218,972814)
(972218,972822)
(972218,972835)
(972218,972843)
(972218,972847)
(972218,972856)
(972218,972864)
(972218,972873)
(972218,972876)
(972218,972883)
(972223,972229)
(972223,972232)
(972223,972239)
(972223,972243)
(972223,972249)
(972223,972252)
(972223,972261)
(972223,972266)
(972223,972270)
(972223,972273)
(972223,972282)
(972223,972289)
(972223,972298)
(972223,972306)
(972223,972309)
(972223,972319)
(972223,972321)
(972223,972331)
(972223,972337)
(972223,972340)
(972223,972348)
(972223,972359)
(972223,972362)
(972223,972370)
(972223,972375)
(972223,972386)
(972223,972395)
(972223,972400)
(972223,972403)
(972223,972406)
(972223,972415)
(972223,972430)
(972223,972433)
(972223,972442)
(972223,972453)
(972223,972464)
(972223,972474)
(972223,972480)
(972223,972482)
(972223,972497)
(972223,972498)
(972223,972513)
(972223,972522)
(972223,972529)
(972223,972537)
(972223,972548)
(972223,972554)
(972223,972560)
(972223,972568)
(972223,972579)
(972223,972587)
(972223,972590)
(972223,972598)
(972223,972612)
(972223,972619)
(972223,972626)
(972223,972634)
(972223,972640)
(972223,972648)
(972223,972658)
(972223,972669)
(972223,972681)
(972223,972688)
(972223,972694)
(972223,972696)
(972223,972704)
(972223,972706)
(972223,972716)
(972223,972724)
(972223,972732)
(972223,972741)
(972223,972750)
(972223,972757)
(972223,972766)
(972223,972772)
(972223,972780)
(972223,972788)
(972223,972794)
(972223,972802)
(972223,972806)
(972223,972814)
(972223,972822)
(972223,972835)
(972223,972843)
(972223,972847)
(972223,972856)
(972223,972864)
(972223,972873)
(972223,972876)
(972223,972883)
(972229,972232)
(972229,972239)
(972229,972243)
(972229,972249)
(972229,972252)
(972229,972261)
(972229,972266)
(972229,972270)
(972229,972273)
(972229,972282)
(972229,972289)
(972229,972298)
(972229,972306)
(972229,972309)
(972229,972319)
(972229,972321)
(972229,972331)
(972229,972337)
(972229,972340)
(972229,972348)
(972229,972359)
(972229,972362)
(972229,972370)
(972229,972375)
(972229,972386)
(972229,972395)
(972229,972400)
(972229,972403)
(972229,972406)
(972229,972415)
(972229,972430)
(972229,972433)
(972229,972442)
(972229,972453)
(972229,972464)
(972229,972474)
(972229,972480)
(972229,972482)
(972229,972497)
(972229,972498)
(972229,972513)
(972229,972522)
(972229,972529)
(972229,972537)
(972229,972548)
(972229,972554)
(972229,972560)
(972229,972568)
(972229,972579)
(972229,972587)
(972229,972590)
(972229,972598)
(972229,972612)
(972229,972619)
(972229,972626)
(972229,972634)
(972229,972640)
(972229,972648)
(972229,972658)
(972229,972669)
(972229,972681)
(972229,972688)
(972229,972694)
(972229,972696)
(972229,972704)
(972229,972706)
(972229,972716)
(972229,972724)
(972229,972732)
(972229,972741)
(972229,972750)
(972229,972757)
(972229,972766)
(972229,972772)
(972229,972780)
(972229,972788)
(972229,972794)
(972229,972802)
(972229,972806)
(972229,972814)
(972229,972822)
(972229,972835)
(972229,972843)
(972229,972847)
(972229,972856)
(972229,972864)
(972229,972873)
(972229,972876)
(972229,972883)
(972232,972239)
(972232,972243)
(972232,972249)
(972232,972252)
(972232,972261)
(972232,972266)
(972232,972270)
(972232,972273)
(972232,972282)
(972232,972289)
(972232,972298)
(972232,972306)
(972232,972309)
(972232,972319)
(972232,972321)
(972232,972331)
(972232,972337)
(972232,972340)
(972232,972348)
(972232,972359)
(972232,972362)
(972232,972370)
(972232,972375)
(972232,972386)
(972232,972395)
(972232,972400)
(972232,972403)
(972232,972406)
(972232,972415)
(972232,972430)
(972232,972433)
(972232,972442)
(972232,972453)
(972232,972464)
(972232,972474)
(972232,972480)
(972232,972482)
(972232,972497)
(972232,972498)
(972232,972513)
(972232,972522)
(972232,972529)
(972232,972537)
(972232,972548)
(972232,972554)
(972232,972560)
(972232,972568)
(972232,972579)
(972232,972587)
(972232,972590)
(972232,972598)
(972232,972612)
(972232,972619)
(972232,972626)
(972232,972634)
(972232,972640)
(972232,972648)
(972232,972658)
(972232,972669)
(972232,972681)
(972232,972688)
(972232,972694)
(972232,972696)
(972232,972704)
(972232,972706)
(972232,972716)
(972232,972724)
(972232,972732)
(972232,972741)
(972232,972750)
(972232,972757)
(972232,972766)
(972232,972772)
(972232,972780)
(972232,972788)
(972232,972794)
(972232,972802)
(972232,972806)
(972232,972814)
(972232,972822)
(972232,972835)
(972232,972843)
(972232,972847)
(972232,972856)
(972232,972864)
(972232,972873)
(972232,972876)
(972232,972883)
(972239,972243)
(972239,972249)
(972239,972252)
(972239,972261)
(972239,972266)
(972239,972270)
(972239,972273)
(972239,972282)
(972239,972289)
(972239,972298)
(972239,972306)
(972239,972309)
(972239,972319)
(972239,972321)
(972239,972331)
(972239,972337)
(972239,972340)
(972239,972348)
(972239,972359)
(972239,972362)
(972239,972370)
(972239,972375)
(972239,972386)
(972239,972395)
(972239,972400)
(972239,972403)
(972239,972406)
(972239,972415)
(972239,972430)
(972239,972433)
(972239,972442)
(972239,972453)
(972239,972464)
(972239,972474)
(972239,972480)
(972239,972482)
(972239,972497)
(972239,972498)
(972239,972513)
(972239,972522)
(972239,972529)
(972239,972537)
(972239,972548)
(972239,972554)
(972239,972560)
(972239,972568)
(972239,972579)
(972239,972587)
(972239,972590)
(972239,972598)
(972239,972612)
(972239,972619)
(972239,972626)
(972239,972634)
(972239,972640)
(972239,972648)
(972239,972658)
(972239,972669)
(972239,972681)
(972239,972688)
(972239,972694)
(972239,972696)
(972239,972704)
(972239,972706)
(972239,972716)
(972239,972724)
(972239,972732)
(972239,972741)
(972239,972750)
(972239,972757)
(972239,972766)
(972239,972772)
(972239,972780)
(972239,972788)
(972239,972794)
(972239,972802)
(972239,972806)
(972239,972814)
(972239,972822)
(972239,972835)
(972239,972843)
(972239,972847)
(972239,972856)
(972239,972864)
(972239,972873)
(972239,972876)
(972239,972883)
(972243,972249)
(972243,972252)
(972243,972261)
(972243,972266)
(972243,972270)
(972243,972273)
(972243,972282)
(972243,972289)
(972243,972298)
(972243,972306)
(972243,972309)
(972243,972319)
(972243,972321)
(972243,972331)
(972243,972337)
(972243,972340)
(972243,972348)
(972243,972359)
(972243,972362)
(972243,972370)
(972243,972375)
(972243,972386)
(972243,972395)
(972243,972400)
(972243,972403)
(972243,972406)
(972243,972415)
(972243,972430)
(972243,972433)
(972243,972442)
(972243,972453)
(972243,972464)
(972243,972474)
(972243,972480)
(972243,972482)
(972243,972497)
(972243,972498)
(972243,972513)
(972243,972522)
(972243,972529)
(972243,972537)
(972243,972548)
(972243,972554)
(972243,972560)
(972243,972568)
(972243,972579)
(972243,972587)
(972243,972590)
(972243,972598)
(972243,972612)
(972243,972619)
(972243,972626)
(972243,972634)
(972243,972640)
(972243,972648)
(972243,972658)
(972243,972669)
(972243,972681)
(972243,972688)
(972243,972694)
(972243,972696)
(972243,972704)
(972243,972706)
(972243,972716)
(972243,972724)
(972243,972732)
(972243,972741)
(972243,972750)
(972243,972757)
(972243,972766)
(972243,972772)
(972243,972780)
(972243,972788)
(972243,972794)
(972243,972802)
(972243,972806)
(972243,972814)
(972243,972822)
(972243,972835)
(972243,972843)
(972243,972847)
(972243,972856)
(972243,972864)
(972243,972873)
(972243,972876)
(972243,972883)
(972249,972252)
(972249,972261)
(972249,972266)
(972249,972270)
(972249,972273)
(972249,972282)
(972249,972289)
(972249,972298)
(972249,972306)
(972249,972309)
(972249,972319)
(972249,972321)
(972249,972331)
(972249,972337)
(972249,972340)
(972249,972348)
(972249,972359)
(972249,972362)
(972249,972370)
(972249,972375)
(972249,972386)
(972249,972395)
(972249,972400)
(972249,972403)
(972249,972406)
(972249,972415)
(972249,972430)
(972249,972433)
(972249,972442)
(972249,972453)
(972249,972464)
(972249,972474)
(972249,972480)
(972249,972482)
(972249,972497)
(972249,972498)
(972249,972513)
(972249,972522)
(972249,972529)
(972249,972537)
(972249,972548)
(972249,972554)
(972249,972560)
(972249,972568)
(972249,972579)
(972249,972587)
(972249,972590)
(972249,972598)
(972249,972612)
(972249,972619)
(972249,972626)
(972249,972634)
(972249,972640)
(972249,972648)
(972249,972658)
(972249,972669)
(972249,972681)
(972249,972688)
(972249,972694)
(972249,972696)
(972249,972704)
(972249,972706)
(972249,972716)
(972249,972724)
(972249,972732)
(972249,972741)
(972249,972750)
(972249,972757)
(972249,972766)
(972249,972772)
(972249,972780)
(972249,972788)
(972249,972794)
(972249,972802)
(972249,972806)
(972249,972814)
(972249,972822)
(972249,972835)
(972249,972843)
(972249,972847)
(972249,972856)
(972249,972864)
(972249,972873)
(972249,972876)
(972249,972883)
(972252,972261)
(972252,972266)
(972252,972270)
(972252,972273)
(972252,972282)
(972252,972289)
(972252,972298)
(972252,972306)
(972252,972309)
(972252,972319)
(972252,972321)
(972252,972331)
(972252,972337)
(972252,972340)
(972252,972348)
(972252,972359)
(972252,972362)
(972252,972370)
(972252,972375)
(972252,972386)
(972252,972395)
(972252,972400)
(972252,972403)
(972252,972406)
(972252,972415)
(972252,972430)
(972252,972433)
(972252,972442)
(972252,972453)
(972252,972464)
(972252,972474)
(972252,972480)
(972252,972482)
(972252,972497)
(972252,972498)
(972252,972513)
(972252,972522)
(972252,972529)
(972252,972537)
(972252,972548)
(972252,972554)
(972252,972560)
(972252,972568)
(972252,972579)
(972252,972587)
(972252,972590)
(972252,972598)
(972252,972612)
(972252,972619)
(972252,972626)
(972252,972634)
(972252,972640)
(972252,972648)
(972252,972658)
(972252,972669)
(972252,972681)
(972252,972688)
(972252,972694)
(972252,972696)
(972252,972704)
(972252,972706)
(972252,972716)
(972252,972724)
(972252,972732)
(972252,972741)
(972252,972750)
(972252,972757)
(972252,972766)
(972252,972772)
(972252,972780)
(972252,972788)
(972252,972794)
(972252,972802)
(972252,972806)
(972252,972814)
(972252,972822)
(972252,972835)
(972252,972843)
(972252,972847)
(972252,972856)
(972252,972864)
(972252,972873)
(972252,972876)
(972252,972883)
(972261,972266)
(972261,972270)
(972261,972273)
(972261,972282)
(972261,972289)
(972261,972298)
(972261,972306)
(972261,972309)
(972261,972319)
(972261,972321)
(972261,972331)
(972261,972337)
(972261,972340)
(972261,972348)
(972261,972359)
(972261,972362)
(972261,972370)
(972261,972375)
(972261,972386)
(972261,972395)
(972261,972400)
(972261,972403)
(972261,972406)
(972261,972415)
(972261,972430)
(972261,972433)
(972261,972442)
(972261,972453)
(972261,972464)
(972261,972474)
(972261,972480)
(972261,972482)
(972261,972497)
(972261,972498)
(972261,972513)
(972261,972522)
(972261,972529)
(972261,972537)
(972261,972548)
(972261,972554)
(972261,972560)
(972261,972568)
(972261,972579)
(972261,972587)
(972261,972590)
(972261,972598)
(972261,972612)
(972261,972619)
(972261,972626)
(972261,972634)
(972261,972640)
(972261,972648)
(972261,972658)
(972261,972669)
(972261,972681)
(972261,972688)
(972261,972694)
(972261,972696)
(972261,972704)
(972261,972706)
(972261,972716)
(972261,972724)
(972261,972732)
(972261,972741)
(972261,972750)
(972261,972757)
(972261,972766)
(972261,972772)
(972261,972780)
(972261,972788)
(972261,972794)
(972261,972802)
(972261,972806)
(972261,972814)
(972261,972822)
(972261,972835)
(972261,972843)
(972261,972847)
(972261,972856)
(972261,972864)
(972261,972873)
(972261,972876)
(972261,972883)
(972266,972270)
(972266,972273)
(972266,972282)
(972266,972289)
(972266,972298)
(972266,972306)
(972266,972309)
(972266,972319)
(972266,972321)
(972266,972331)
(972266,972337)
(972266,972340)
(972266,972348)
(972266,972359)
(972266,972362)
(972266,972370)
(972266,972375)
(972266,972386)
(972266,972395)
(972266,972400)
(972266,972403)
(972266,972406)
(972266,972415)
(972266,972430)
(972266,972433)
(972266,972442)
(972266,972453)
(972266,972464)
(972266,972474)
(972266,972480)
(972266,972482)
(972266,972497)
(972266,972498)
(972266,972513)
(972266,972522)
(972266,972529)
(972266,972537)
(972266,972548)
(972266,972554)
(972266,972560)
(972266,972568)
(972266,972579)
(972266,972587)
(972266,972590)
(972266,972598)
(972266,972612)
(972266,972619)
(972266,972626)
(972266,972634)
(972266,972640)
(972266,972648)
(972266,972658)
(972266,972669)
(972266,972681)
(972266,972688)
(972266,972694)
(972266,972696)
(972266,972704)
(972266,972706)
(972266,972716)
(972266,972724)
(972266,972732)
(972266,972741)
(972266,972750)
(972266,972757)
(972266,972766)
(972266,972772)
(972266,972780)
(972266,972788)
(972266,972794)
(972266,972802)
(972266,972806)
(972266,972814)
(972266,972822)
(972266,972835)
(972266,972843)
(972266,972847)
(972266,972856)
(972266,972864)
(972266,972873)
(972266,972876)
(972266,972883)
(972270,972273)
(972270,972282)
(972270,972289)
(972270,972298)
(972270,972306)
(972270,972309)
(972270,972319)
(972270,972321)
(972270,972331)
(972270,972337)
(972270,972340)
(972270,972348)
(972270,972359)
(972270,972362)
(972270,972370)
(972270,972375)
(972270,972386)
(972270,972395)
(972270,972400)
(972270,972403)
(972270,972406)
(972270,972415)
(972270,972430)
(972270,972433)
(972270,972442)
(972270,972453)
(972270,972464)
(972270,972474)
(972270,972480)
(972270,972482)
(972270,972497)
(972270,972498)
(972270,972513)
(972270,972522)
(972270,972529)
(972270,972537)
(972270,972548)
(972270,972554)
(972270,972560)
(972270,972568)
(972270,972579)
(972270,972587)
(972270,972590)
(972270,972598)
(972270,972612)
(972270,972619)
(972270,972626)
(972270,972634)
(972270,972640)
(972270,972648)
(972270,972658)
(972270,972669)
(972270,972681)
(972270,972688)
(972270,972694)
(972270,972696)
(972270,972704)
(972270,972706)
(972270,972716)
(972270,972724)
(972270,972732)
(972270,972741)
(972270,972750)
(972270,972757)
(972270,972766)
(972270,972772)
(972270,972780)
(972270,972788)
(972270,972794)
(972270,972802)
(972270,972806)
(972270,972814)
(972270,972822)
(972270,972835)
(972270,972843)
(972270,972847)
(972270,972856)
(972270,972864)
(972270,972873)
(972270,972876)
(972270,972883)
(972273,972282)
(972273,972289)
(972273,972298)
(972273,972306)
(972273,972309)
(972273,972319)
(972273,972321)
(972273,972331)
(972273,972337)
(972273,972340)
(972273,972348)
(972273,972359)
(972273,972362)
(972273,972370)
(972273,972375)
(972273,972386)
(972273,972395)
(972273,972400)
(972273,972403)
(972273,972406)
(972273,972415)
(972273,972430)
(972273,972433)
(972273,972442)
(972273,972453)
(972273,972464)
(972273,972474)
(972273,972480)
(972273,972482)
(972273,972497)
(972273,972498)
(972273,972513)
(972273,972522)
(972273,972529)
(972273,972537)
(972273,972548)
(972273,972554)
(972273,972560)
(972273,972568)
(972273,972579)
(972273,972587)
(972273,972590)
(972273,972598)
(972273,972612)
(972273,972619)
(972273,972626)
(972273,972634)
(972273,972640)
(972273,972648)
(972273,972658)
(972273,972669)
(972273,972681)
(972273,972688)
(972273,972694)
(972273,972696)
(972273,972704)
(972273,972706)
(972273,972716)
(972273,972724)
(972273,972732)
(972273,972741)
(972273,972750)
(972273,972757)
(972273,972766)
(972273,972772)
(972273,972780)
(972273,972788)
(972273,972794)
(972273,972802)
(972273,972806)
(972273,972814)
(972273,972822)
(972273,972835)
(972273,972843)
(972273,972847)
(972273,972856)
(972273,972864)
(972273,972873)
(972273,972876)
(972273,972883)
(972282,972289)
(972282,972298)
(972282,972306)
(972282,972309)
(972282,972319)
(972282,972321)
(972282,972331)
(972282,972337)
(972282,972340)
(972282,972348)
(972282,972359)
(972282,972362)
(972282,972370)
(972282,972375)
(972282,972386)
(972282,972395)
(972282,972400)
(972282,972403)
(972282,972406)
(972282,972415)
(972282,972430)
(972282,972433)
(972282,972442)
(972282,972453)
(972282,972464)
(972282,972474)
(972282,972480)
(972282,972482)
(972282,972497)
(972282,972498)
(972282,972513)
(972282,972522)
(972282,972529)
(972282,972537)
(972282,972548)
(972282,972554)
(972282,972560)
(972282,972568)
(972282,972579)
(972282,972587)
(972282,972590)
(972282,972598)
(972282,972612)
(972282,972619)
(972282,972626)
(972282,972634)
(972282,972640)
(972282,972648)
(972282,972658)
(972282,972669)
(972282,972681)
(972282,972688)
(972282,972694)
(972282,972696)
(972282,972704)
(972282,972706)
(972282,972716)
(972282,972724)
(972282,972732)
(972282,972741)
(972282,972750)
(972282,972757)
(972282,972766)
(972282,972772)
(972282,972780)
(972282,972788)
(972282,972794)
(972282,972802)
(972282,972806)
(972282,972814)
(972282,972822)
(972282,972835)
(972282,972843)
(972282,972847)
(972282,972856)
(972282,972864)
(972282,972873)
(972282,972876)
(972282,972883)
(972289,972298)
(972289,972306)
(972289,972309)
(972289,972319)
(972289,972321)
(972289,972331)
(972289,972337)
(972289,972340)
(972289,972348)
(972289,972359)
(972289,972362)
(972289,972370)
(972289,972375)
(972289,972386)
(972289,972395)
(972289,972400)
(972289,972403)
(972289,972406)
(972289,972415)
(972289,972430)
(972289,972433)
(972289,972442)
(972289,972453)
(972289,972464)
(972289,972474)
(972289,972480)
(972289,972482)
(972289,972497)
(972289,972498)
(972289,972513)
(972289,972522)
(972289,972529)
(972289,972537)
(972289,972548)
(972289,972554)
(972289,972560)
(972289,972568)
(972289,972579)
(972289,972587)
(972289,972590)
(972289,972598)
(972289,972612)
(972289,972619)
(972289,972626)
(972289,972634)
(972289,972640)
(972289,972648)
(972289,972658)
(972289,972669)
(972289,972681)
(972289,972688)
(972289,972694)
(972289,972696)
(972289,972704)
(972289,972706)
(972289,972716)
(972289,972724)
(972289,972732)
(972289,972741)
(972289,972750)
(972289,972757)
(972289,972766)
(972289,972772)
(972289,972780)
(972289,972788)
(972289,972794)
(972289,972802)
(972289,972806)
(972289,972814)
(972289,972822)
(972289,972835)
(972289,972843)
(972289,972847)
(972289,972856)
(972289,972864)
(972289,972873)
(972289,972876)
(972289,972883)
(972298,972306)
(972298,972309)
(972298,972319)
(972298,972321)
(972298,972331)
(972298,972337)
(972298,972340)
(972298,972348)
(972298,972359)
(972298,972362)
(972298,972370)
(972298,972375)
(972298,972386)
(972298,972395)
(972298,972400)
(972298,972403)
(972298,972406)
(972298,972415)
(972298,972430)
(972298,972433)
(972298,972442)
(972298,972453)
(972298,972464)
(972298,972474)
(972298,972480)
(972298,972482)
(972298,972497)
(972298,972498)
(972298,972513)
(972298,972522)
(972298,972529)
(972298,972537)
(972298,972548)
(972298,972554)
(972298,972560)
(972298,972568)
(972298,972579)
(972298,972587)
(972298,972590)
(972298,972598)
(972298,972612)
(972298,972619)
(972298,972626)
(972298,972634)
(972298,972640)
(972298,972648)
(972298,972658)
(972298,972669)
(972298,972681)
(972298,972688)
(972298,972694)
(972298,972696)
(972298,972704)
(972298,972706)
(972298,972716)
(972298,972724)
(972298,972732)
(972298,972741)
(972298,972750)
(972298,972757)
(972298,972766)
(972298,972772)
(972298,972780)
(972298,972788)
(972298,972794)
(972298,972802)
(972298,972806)
(972298,972814)
(972298,972822)
(972298,972835)
(972298,972843)
(972298,972847)
(972298,972856)
(972298,972864)
(972298,972873)
(972298,972876)
(972298,972883)
(972306,972309)
(972306,972319)
(972306,972321)
(972306,972331)
(972306,972337)
(972306,972340)
(972306,972348)
(972306,972359)
(972306,972362)
(972306,972370)
(972306,972375)
(972306,972386)
(972306,972395)
(972306,972400)
(972306,972403)
(972306,972406)
(972306,972415)
(972306,972430)
(972306,972433)
(972306,972442)
(972306,972453)
(972306,972464)
(972306,972474)
(972306,972480)
(972306,972482)
(972306,972497)
(972306,972498)
(972306,972513)
(972306,972522)
(972306,972529)
(972306,972537)
(972306,972548)
(972306,972554)
(972306,972560)
(972306,972568)
(972306,972579)
(972306,972587)
(972306,972590)
(972306,972598)
(972306,972612)
(972306,972619)
(972306,972626)
(972306,972634)
(972306,972640)
(972306,972648)
(972306,972658)
(972306,972669)
(972306,972681)
(972306,972688)
(972306,972694)
(972306,972696)
(972306,972704)
(972306,972706)
(972306,972716)
(972306,972724)
(972306,972732)
(972306,972741)
(972306,972750)
(972306,972757)
(972306,972766)
(972306,972772)
(972306,972780)
(972306,972788)
(972306,972794)
(972306,972802)
(972306,972806)
(972306,972814)
(972306,972822)
(972306,972835)
(972306,972843)
(972306,972847)
(972306,972856)
(972306,972864)
(972306,972873)
(972306,972876)
(972306,972883)
(972309,972319)
(972309,972321)
(972309,972331)
(972309,972337)
(972309,972340)
(972309,972348)
(972309,972359)
(972309,972362)
(972309,972370)
(972309,972375)
(972309,972386)
(972309,972395)
(972309,972400)
(972309,972403)
(972309,972406)
(972309,972415)
(972309,972430)
(972309,972433)
(972309,972442)
(972309,972453)
(972309,972464)
(972309,972474)
(972309,972480)
(972309,972482)
(972309,972497)
(972309,972498)
(972309,972513)
(972309,972522)
(972309,972529)
(972309,972537)
(972309,972548)
(972309,972554)
(972309,972560)
(972309,972568)
(972309,972579)
(972309,972587)
(972309,972590)
(972309,972598)
(972309,972612)
(972309,972619)
(972309,972626)
(972309,972634)
(972309,972640)
(972309,972648)
(972309,972658)
(972309,972669)
(972309,972681)
(972309,972688)
(972309,972694)
(972309,972696)
(972309,972704)
(972309,972706)
(972309,972716)
(972309,972724)
(972309,972732)
(972309,972741)
(972309,972750)
(972309,972757)
(972309,972766)
(972309,972772)
(972309,972780)
(972309,972788)
(972309,972794)
(972309,972802)
(972309,972806)
(972309,972814)
(972309,972822)
(972309,972835)
(972309,972843)
(972309,972847)
(972309,972856)
(972309,972864)
(972309,972873)
(972309,972876)
(972309,972883)
(972319,972321)
(972319,972331)
(972319,972337)
(972319,972340)
(972319,972348)
(972319,972359)
(972319,972362)
(972319,972370)
(972319,972375)
(972319,972386)
(972319,972395)
(972319,972400)
(972319,972403)
(972319,972406)
(972319,972415)
(972319,972430)
(972319,972433)
(972319,972442)
(972319,972453)
(972319,972464)
(972319,972474)
(972319,972480)
(972319,972482)
(972319,972497)
(972319,972498)
(972319,972513)
(972319,972522)
(972319,972529)
(972319,972537)
(972319,972548)
(972319,972554)
(972319,972560)
(972319,972568)
(972319,972579)
(972319,972587)
(972319,972590)
(972319,972598)
(972319,972612)
(972319,972619)
(972319,972626)
(972319,972634)
(972319,972640)
(972319,972648)
(972319,972658)
(972319,972669)
(972319,972681)
(972319,972688)
(972319,972694)
(972319,972696)
(972319,972704)
(972319,972706)
(972319,972716)
(972319,972724)
(972319,972732)
(972319,972741)
(972319,972750)
(972319,972757)
(972319,972766)
(972319,972772)
(972319,972780)
(972319,972788)
(972319,972794)
(972319,972802)
(972319,972806)
(972319,972814)
(972319,972822)
(972319,972835)
(972319,972843)
(972319,972847)
(972319,972856)
(972319,972864)
(972319,972873)
(972319,972876)
(972319,972883)
(972321,972331)
(972321,972337)
(972321,972340)
(972321,972348)
(972321,972359)
(972321,972362)
(972321,972370)
(972321,972375)
(972321,972386)
(972321,972395)
(972321,972400)
(972321,972403)
(972321,972406)
(972321,972415)
(972321,972430)
(972321,972433)
(972321,972442)
(972321,972453)
(972321,972464)
(972321,972474)
(972321,972480)
(972321,972482)
(972321,972497)
(972321,972498)
(972321,972513)
(972321,972522)
(972321,972529)
(972321,972537)
(972321,972548)
(972321,972554)
(972321,972560)
(972321,972568)
(972321,972579)
(972321,972587)
(972321,972590)
(972321,972598)
(972321,972612)
(972321,972619)
(972321,972626)
(972321,972634)
(972321,972640)
(972321,972648)
(972321,972658)
(972321,972669)
(972321,972681)
(972321,972688)
(972321,972694)
(972321,972696)
(972321,972704)
(972321,972706)
(972321,972716)
(972321,972724)
(972321,972732)
(972321,972741)
(972321,972750)
(972321,972757)
(972321,972766)
(972321,972772)
(972321,972780)
(972321,972788)
(972321,972794)
(972321,972802)
(972321,972806)
(972321,972814)
(972321,972822)
(972321,972835)
(972321,972843)
(972321,972847)
(972321,972856)
(972321,972864)
(972321,972873)
(972321,972876)
(972321,972883)
(972331,972337)
(972331,972340)
(972331,972348)
(972331,972359)
(972331,972362)
(972331,972370)
(972331,972375)
(972331,972386)
(972331,972395)
(972331,972400)
(972331,972403)
(972331,972406)
(972331,972415)
(972331,972430)
(972331,972433)
(972331,972442)
(972331,972453)
(972331,972464)
(972331,972474)
(972331,972480)
(972331,972482)
(972331,972497)
(972331,972498)
(972331,972513)
(972331,972522)
(972331,972529)
(972331,972537)
(972331,972548)
(972331,972554)
(972331,972560)
(972331,972568)
(972331,972579)
(972331,972587)
(972331,972590)
(972331,972598)
(972331,972612)
(972331,972619)
(972331,972626)
(972331,972634)
(972331,972640)
(972331,972648)
(972331,972658)
(972331,972669)
(972331,972681)
(972331,972688)
(972331,972694)
(972331,972696)
(972331,972704)
(972331,972706)
(972331,972716)
(972331,972724)
(972331,972732)
(972331,972741)
(972331,972750)
(972331,972757)
(972331,972766)
(972331,972772)
(972331,972780)
(972331,972788)
(972331,972794)
(972331,972802)
(972331,972806)
(972331,972814)
(972331,972822)
(972331,972835)
(972331,972843)
(972331,972847)
(972331,972856)
(972331,972864)
(972331,972873)
(972331,972876)
(972331,972883)
(972337,972340)
(972337,972348)
(972337,972359)
(972337,972362)
(972337,972370)
(972337,972375)
(972337,972386)
(972337,972395)
(972337,972400)
(972337,972403)
(972337,972406)
(972337,972415)
(972337,972430)
(972337,972433)
(972337,972442)
(972337,972453)
(972337,972464)
(972337,972474)
(972337,972480)
(972337,972482)
(972337,972497)
(972337,972498)
(972337,972513)
(972337,972522)
(972337,972529)
(972337,972537)
(972337,972548)
(972337,972554)
(972337,972560)
(972337,972568)
(972337,972579)
(972337,972587)
(972337,972590)
(972337,972598)
(972337,972612)
(972337,972619)
(972337,972626)
(972337,972634)
(972337,972640)
(972337,972648)
(972337,972658)
(972337,972669)
(972337,972681)
(972337,972688)
(972337,972694)
(972337,972696)
(972337,972704)
(972337,972706)
(972337,972716)
(972337,972724)
(972337,972732)
(972337,972741)
(972337,972750)
(972337,972757)
(972337,972766)
(972337,972772)
(972337,972780)
(972337,972788)
(972337,972794)
(972337,972802)
(972337,972806)
(972337,972814)
(972337,972822)
(972337,972835)
(972337,972843)
(972337,972847)
(972337,972856)
(972337,972864)
(972337,972873)
(972337,972876)
(972337,972883)
(972340,972348)
(972340,972359)
(972340,972362)
(972340,972370)
(972340,972375)
(972340,972386)
(972340,972395)
(972340,972400)
(972340,972403)
(972340,972406)
(972340,972415)
(972340,972430)
(972340,972433)
(972340,972442)
(972340,972453)
(972340,972464)
(972340,972474)
(972340,972480)
(972340,972482)
(972340,972497)
(972340,972498)
(972340,972513)
(972340,972522)
(972340,972529)
(972340,972537)
(972340,972548)
(972340,972554)
(972340,972560)
(972340,972568)
(972340,972579)
(972340,972587)
(972340,972590)
(972340,972598)
(972340,972612)
(972340,972619)
(972340,972626)
(972340,972634)
(972340,972640)
(972340,972648)
(972340,972658)
(972340,972669)
(972340,972681)
(972340,972688)
(972340,972694)
(972340,972696)
(972340,972704)
(972340,972706)
(972340,972716)
(972340,972724)
(972340,972732)
(972340,972741)
(972340,972750)
(972340,972757)
(972340,972766)
(972340,972772)
(972340,972780)
(972340,972788)
(972340,972794)
(972340,972802)
(972340,972806)
(972340,972814)
(972340,972822)
(972340,972835)
(972340,972843)
(972340,972847)
(972340,972856)
(972340,972864)
(972340,972873)
(972340,972876)
(972340,972883)
(972348,972359)
(972348,972362)
(972348,972370)
(972348,972375)
(972348,972386)
(972348,972395)
(972348,972400)
(972348,972403)
(972348,972406)
(972348,972415)
(972348,972430)
(972348,972433)
(972348,972442)
(972348,972453)
(972348,972464)
(972348,972474)
(972348,972480)
(972348,972482)
(972348,972497)
(972348,972498)
(972348,972513)
(972348,972522)
(972348,972529)
(972348,972537)
(972348,972548)
(972348,972554)
(972348,972560)
(972348,972568)
(972348,972579)
(972348,972587)
(972348,972590)
(972348,972598)
(972348,972612)
(972348,972619)
(972348,972626)
(972348,972634)
(972348,972640)
(972348,972648)
(972348,972658)
(972348,972669)
(972348,972681)
(972348,972688)
(972348,972694)
(972348,972696)
(972348,972704)
(972348,972706)
(972348,972716)
(972348,972724)
(972348,972732)
(972348,972741)
(972348,972750)
(972348,972757)
(972348,972766)
(972348,972772)
(972348,972780)
(972348,972788)
(972348,972794)
(972348,972802)
(972348,972806)
(972348,972814)
(972348,972822)
(972348,972835)
(972348,972843)
(972348,972847)
(972348,972856)
(972348,972864)
(972348,972873)
(972348,972876)
(972348,972883)
(972359,972362)
(972359,972370)
(972359,972375)
(972359,972386)
(972359,972395)
(972359,972400)
(972359,972403)
(972359,972406)
(972359,972415)
(972359,972430)
(972359,972433)
(972359,972442)
(972359,972453)
(972359,972464)
(972359,972474)
(972359,972480)
(972359,972482)
(972359,972497)
(972359,972498)
(972359,972513)
(972359,972522)
(972359,972529)
(972359,972537)
(972359,972548)
(972359,972554)
(972359,972560)
(972359,972568)
(972359,972579)
(972359,972587)
(972359,972590)
(972359,972598)
(972359,972612)
(972359,972619)
(972359,972626)
(972359,972634)
(972359,972640)
(972359,972648)
(972359,972658)
(972359,972669)
(972359,972681)
(972359,972688)
(972359,972694)
(972359,972696)
(972359,972704)
(972359,972706)
(972359,972716)
(972359,972724)
(972359,972732)
(972359,972741)
(972359,972750)
(972359,972757)
(972359,972766)
(972359,972772)
(972359,972780)
(972359,972788)
(972359,972794)
(972359,972802)
(972359,972806)
(972359,972814)
(972359,972822)
(972359,972835)
(972359,972843)
(972359,972847)
(972359,972856)
(972359,972864)
(972359,972873)
(972359,972876)
(972359,972883)
(972362,972370)
(972362,972375)
(972362,972386)
(972362,972395)
(972362,972400)
(972362,972403)
(972362,972406)
(972362,972415)
(972362,972430)
(972362,972433)
(972362,972442)
(972362,972453)
(972362,972464)
(972362,972474)
(972362,972480)
(972362,972482)
(972362,972497)
(972362,972498)
(972362,972513)
(972362,972522)
(972362,972529)
(972362,972537)
(972362,972548)
(972362,972554)
(972362,972560)
(972362,972568)
(972362,972579)
(972362,972587)
(972362,972590)
(972362,972598)
(972362,972612)
(972362,972619)
(972362,972626)
(972362,972634)
(972362,972640)
(972362,972648)
(972362,972658)
(972362,972669)
(972362,972681)
(972362,972688)
(972362,972694)
(972362,972696)
(972362,972704)
(972362,972706)
(972362,972716)
(972362,972724)
(972362,972732)
(972362,972741)
(972362,972750)
(972362,972757)
(972362,972766)
(972362,972772)
(972362,972780)
(972362,972788)
(972362,972794)
(972362,972802)
(972362,972806)
(972362,972814)
(972362,972822)
(972362,972835)
(972362,972843)
(972362,972847)
(972362,972856)
(972362,972864)
(972362,972873)
(972362,972876)
(972362,972883)
(972370,972375)
(972370,972386)
(972370,972395)
(972370,972400)
(972370,972403)
(972370,972406)
(972370,972415)
(972370,972430)
(972370,972433)
(972370,972442)
(972370,972453)
(972370,972464)
(972370,972474)
(972370,972480)
(972370,972482)
(972370,972497)
(972370,972498)
(972370,972513)
(972370,972522)
(972370,972529)
(972370,972537)
(972370,972548)
(972370,972554)
(972370,972560)
(972370,972568)
(972370,972579)
(972370,972587)
(972370,972590)
(972370,972598)
(972370,972612)
(972370,972619)
(972370,972626)
(972370,972634)
(972370,972640)
(972370,972648)
(972370,972658)
(972370,972669)
(972370,972681)
(972370,972688)
(972370,972694)
(972370,972696)
(972370,972704)
(972370,972706)
(972370,972716)
(972370,972724)
(972370,972732)
(972370,972741)
(972370,972750)
(972370,972757)
(972370,972766)
(972370,972772)
(972370,972780)
(972370,972788)
(972370,972794)
(972370,972802)
(972370,972806)
(972370,972814)
(972370,972822)
(972370,972835)
(972370,972843)
(972370,972847)
(972370,972856)
(972370,972864)
(972370,972873)
(972370,972876)
(972370,972883)
(972375,972386)
(972375,972395)
(972375,972400)
(972375,972403)
(972375,972406)
(972375,972415)
(972375,972430)
(972375,972433)
(972375,972442)
(972375,972453)
(972375,972464)
(972375,972474)
(972375,972480)
(972375,972482)
(972375,972497)
(972375,972498)
(972375,972513)
(972375,972522)
(972375,972529)
(972375,972537)
(972375,972548)
(972375,972554)
(972375,972560)
(972375,972568)
(972375,972579)
(972375,972587)
(972375,972590)
(972375,972598)
(972375,972612)
(972375,972619)
(972375,972626)
(972375,972634)
(972375,972640)
(972375,972648)
(972375,972658)
(972375,972669)
(972375,972681)
(972375,972688)
(972375,972694)
(972375,972696)
(972375,972704)
(972375,972706)
(972375,972716)
(972375,972724)
(972375,972732)
(972375,972741)
(972375,972750)
(972375,972757)
(972375,972766)
(972375,972772)
(972375,972780)
(972375,972788)
(972375,972794)
(972375,972802)
(972375,972806)
(972375,972814)
(972375,972822)
(972375,972835)
(972375,972843)
(972375,972847)
(972375,972856)
(972375,972864)
(972375,972873)
(972375,972876)
(972375,972883)
(972386,972395)
(972386,972400)
(972386,972403)
(972386,972406)
(972386,972415)
(972386,972430)
(972386,972433)
(972386,972442)
(972386,972453)
(972386,972464)
(972386,972474)
(972386,972480)
(972386,972482)
(972386,972497)
(972386,972498)
(972386,972513)
(972386,972522)
(972386,972529)
(972386,972537)
(972386,972548)
(972386,972554)
(972386,972560)
(972386,972568)
(972386,972579)
(972386,972587)
(972386,972590)
(972386,972598)
(972386,972612)
(972386,972619)
(972386,972626)
(972386,972634)
(972386,972640)
(972386,972648)
(972386,972658)
(972386,972669)
(972386,972681)
(972386,972688)
(972386,972694)
(972386,972696)
(972386,972704)
(972386,972706)
(972386,972716)
(972386,972724)
(972386,972732)
(972386,972741)
(972386,972750)
(972386,972757)
(972386,972766)
(972386,972772)
(972386,972780)
(972386,972788)
(972386,972794)
(972386,972802)
(972386,972806)
(972386,972814)
(972386,972822)
(972386,972835)
(972386,972843)
(972386,972847)
(972386,972856)
(972386,972864)
(972386,972873)
(972386,972876)
(972386,972883)
(972395,972400)
(972395,972403)
(972395,972406)
(972395,972415)
(972395,972430)
(972395,972433)
(972395,972442)
(972395,972453)
(972395,972464)
(972395,972474)
(972395,972480)
(972395,972482)
(972395,972497)
(972395,972498)
(972395,972513)
(972395,972522)
(972395,972529)
(972395,972537)
(972395,972548)
(972395,972554)
(972395,972560)
(972395,972568)
(972395,972579)
(972395,972587)
(972395,972590)
(972395,972598)
(972395,972612)
(972395,972619)
(972395,972626)
(972395,972634)
(972395,972640)
(972395,972648)
(972395,972658)
(972395,972669)
(972395,972681)
(972395,972688)
(972395,972694)
(972395,972696)
(972395,972704)
(972395,972706)
(972395,972716)
(972395,972724)
(972395,972732)
(972395,972741)
(972395,972750)
(972395,972757)
(972395,972766)
(972395,972772)
(972395,972780)
(972395,972788)
(972395,972794)
(972395,972802)
(972395,972806)
(972395,972814)
(972395,972822)
(972395,972835)
(972395,972843)
(972395,972847)
(972395,972856)
(972395,972864)
(972395,972873)
(972395,972876)
(972395,972883)
(972400,972403)
(972400,972406)
(972400,972415)
(972400,972430)
(972400,972433)
(972400,972442)
(972400,972453)
(972400,972464)
(972400,972474)
(972400,972480)
(972400,972482)
(972400,972497)
(972400,972498)
(972400,972513)
(972400,972522)
(972400,972529)
(972400,972537)
(972400,972548)
(972400,972554)
(972400,972560)
(972400,972568)
(972400,972579)
(972400,972587)
(972400,972590)
(972400,972598)
(972400,972612)
(972400,972619)
(972400,972626)
(972400,972634)
(972400,972640)
(972400,972648)
(972400,972658)
(972400,972669)
(972400,972681)
(972400,972688)
(972400,972694)
(972400,972696)
(972400,972704)
(972400,972706)
(972400,972716)
(972400,972724)
(972400,972732)
(972400,972741)
(972400,972750)
(972400,972757)
(972400,972766)
(972400,972772)
(972400,972780)
(972400,972788)
(972400,972794)
(972400,972802)
(972400,972806)
(972400,972814)
(972400,972822)
(972400,972835)
(972400,972843)
(972400,972847)
(972400,972856)
(972400,972864)
(972400,972873)
(972400,972876)
(972400,972883)
(972403,972406)
(972403,972415)
(972403,972430)
(972403,972433)
(972403,972442)
(972403,972453)
(972403,972464)
(972403,972474)
(972403,972480)
(972403,972482)
(972403,972497)
(972403,972498)
(972403,972513)
(972403,972522)
(972403,972529)
(972403,972537)
(972403,972548)
(972403,972554)
(972403,972560)
(972403,972568)
(972403,972579)
(972403,972587)
(972403,972590)
(972403,972598)
(972403,972612)
(972403,972619)
(972403,972626)
(972403,972634)
(972403,972640)
(972403,972648)
(972403,972658)
(972403,972669)
(972403,972681)
(972403,972688)
(972403,972694)
(972403,972696)
(972403,972704)
(972403,972706)
(972403,972716)
(972403,972724)
(972403,972732)
(972403,972741)
(972403,972750)
(972403,972757)
(972403,972766)
(972403,972772)
(972403,972780)
(972403,972788)
(972403,972794)
(972403,972802)
(972403,972806)
(972403,972814)
(972403,972822)
(972403,972835)
(972403,972843)
(972403,972847)
(972403,972856)
(972403,972864)
(972403,972873)
(972403,972876)
(972403,972883)
(972406,972415)
(972406,972430)
(972406,972433)
(972406,972442)
(972406,972453)
(972406,972464)
(972406,972474)
(972406,972480)
(972406,972482)
(972406,972497)
(972406,972498)
(972406,972513)
(972406,972522)
(972406,972529)
(972406,972537)
(972406,972548)
(972406,972554)
(972406,972560)
(972406,972568)
(972406,972579)
(972406,972587)
(972406,972590)
(972406,972598)
(972406,972612)
(972406,972619)
(972406,972626)
(972406,972634)
(972406,972640)
(972406,972648)
(972406,972658)
(972406,972669)
(972406,972681)
(972406,972688)
(972406,972694)
(972406,972696)
(972406,972704)
(972406,972706)
(972406,972716)
(972406,972724)
(972406,972732)
(972406,972741)
(972406,972750)
(972406,972757)
(972406,972766)
(972406,972772)
(972406,972780)
(972406,972788)
(972406,972794)
(972406,972802)
(972406,972806)
(972406,972814)
(972406,972822)
(972406,972835)
(972406,972843)
(972406,972847)
(972406,972856)
(972406,972864)
(972406,972873)
(972406,972876)
(972406,972883)
(972415,972430)
(972415,972433)
(972415,972442)
(972415,972453)
(972415,972464)
(972415,972474)
(972415,972480)
(972415,972482)
(972415,972497)
(972415,972498)
(972415,972513)
(972415,972522)
(972415,972529)
(972415,972537)
(972415,972548)
(972415,972554)
(972415,972560)
(972415,972568)
(972415,972579)
(972415,972587)
(972415,972590)
(972415,972598)
(972415,972612)
(972415,972619)
(972415,972626)
(972415,972634)
(972415,972640)
(972415,972648)
(972415,972658)
(972415,972669)
(972415,972681)
(972415,972688)
(972415,972694)
(972415,972696)
(972415,972704)
(972415,972706)
(972415,972716)
(972415,972724)
(972415,972732)
(972415,972741)
(972415,972750)
(972415,972757)
(972415,972766)
(972415,972772)
(972415,972780)
(972415,972788)
(972415,972794)
(972415,972802)
(972415,972806)
(972415,972814)
(972415,972822)
(972415,972835)
(972415,972843)
(972415,972847)
(972415,972856)
(972415,972864)
(972415,972873)
(972415,972876)
(972415,972883)
(972430,972433)
(972430,972442)
(972430,972453)
(972430,972464)
(972430,972474)
(972430,972480)
(972430,972482)
(972430,972497)
(972430,972498)
(972430,972513)
(972430,972522)
(972430,972529)
(972430,972537)
(972430,972548)
(972430,972554)
(972430,972560)
(972430,972568)
(972430,972579)
(972430,972587)
(972430,972590)
(972430,972598)
(972430,972612)
(972430,972619)
(972430,972626)
(972430,972634)
(972430,972640)
(972430,972648)
(972430,972658)
(972430,972669)
(972430,972681)
(972430,972688)
(972430,972694)
(972430,972696)
(972430,972704)
(972430,972706)
(972430,972716)
(972430,972724)
(972430,972732)
(972430,972741)
(972430,972750)
(972430,972757)
(972430,972766)
(972430,972772)
(972430,972780)
(972430,972788)
(972430,972794)
(972430,972802)
(972430,972806)
(972430,972814)
(972430,972822)
(972430,972835)
(972430,972843)
(972430,972847)
(972430,972856)
(972430,972864)
(972430,972873)
(972430,972876)
(972430,972883)
(972433,972442)
(972433,972453)
(972433,972464)
(972433,972474)
(972433,972480)
(972433,972482)
(972433,972497)
(972433,972498)
(972433,972513)
(972433,972522)
(972433,972529)
(972433,972537)
(972433,972548)
(972433,972554)
(972433,972560)
(972433,972568)
(972433,972579)
(972433,972587)
(972433,972590)
(972433,972598)
(972433,972612)
(972433,972619)
(972433,972626)
(972433,972634)
(972433,972640)
(972433,972648)
(972433,972658)
(972433,972669)
(972433,972681)
(972433,972688)
(972433,972694)
(972433,972696)
(972433,972704)
(972433,972706)
(972433,972716)
(972433,972724)
(972433,972732)
(972433,972741)
(972433,972750)
(972433,972757)
(972433,972766)
(972433,972772)
(972433,972780)
(972433,972788)
(972433,972794)
(972433,972802)
(972433,972806)
(972433,972814)
(972433,972822)
(972433,972835)
(972433,972843)
(972433,972847)
(972433,972856)
(972433,972864)
(972433,972873)
(972433,972876)
(972433,972883)
(972442,972453)
(972442,972464)
(972442,972474)
(972442,972480)
(972442,972482)
(972442,972497)
(972442,972498)
(972442,972513)
(972442,972522)
(972442,972529)
(972442,972537)
(972442,972548)
(972442,972554)
(972442,972560)
(972442,972568)
(972442,972579)
(972442,972587)
(972442,972590)
(972442,972598)
(972442,972612)
(972442,972619)
(972442,972626)
(972442,972634)
(972442,972640)
(972442,972648)
(972442,972658)
(972442,972669)
(972442,972681)
(972442,972688)
(972442,972694)
(972442,972696)
(972442,972704)
(972442,972706)
(972442,972716)
(972442,972724)
(972442,972732)
(972442,972741)
(972442,972750)
(972442,972757)
(972442,972766)
(972442,972772)
(972442,972780)
(972442,972788)
(972442,972794)
(972442,972802)
(972442,972806)
(972442,972814)
(972442,972822)
(972442,972835)
(972442,972843)
(972442,972847)
(972442,972856)
(972442,972864)
(972442,972873)
(972442,972876)
(972442,972883)
(972453,972464)
(972453,972474)
(972453,972480)
(972453,972482)
(972453,972497)
(972453,972498)
(972453,972513)
(972453,972522)
(972453,972529)
(972453,972537)
(972453,972548)
(972453,972554)
(972453,972560)
(972453,972568)
(972453,972579)
(972453,972587)
(972453,972590)
(972453,972598)
(972453,972612)
(972453,972619)
(972453,972626)
(972453,972634)
(972453,972640)
(972453,972648)
(972453,972658)
(972453,972669)
(972453,972681)
(972453,972688)
(972453,972694)
(972453,972696)
(972453,972704)
(972453,972706)
(972453,972716)
(972453,972724)
(972453,972732)
(972453,972741)
(972453,972750)
(972453,972757)
(972453,972766)
(972453,972772)
(972453,972780)
(972453,972788)
(972453,972794)
(972453,972802)
(972453,972806)
(972453,972814)
(972453,972822)
(972453,972835)
(972453,972843)
(972453,972847)
(972453,972856)
(972453,972864)
(972453,972873)
(972453,972876)
(972453,972883)
(972464,972474)
(972464,972480)
(972464,972482)
(972464,972497)
(972464,972498)
(972464,972513)
(972464,972522)
(972464,972529)
(972464,972537)
(972464,972548)
(972464,972554)
(972464,972560)
(972464,972568)
(972464,972579)
(972464,972587)
(972464,972590)
(972464,972598)
(972464,972612)
(972464,972619)
(972464,972626)
(972464,972634)
(972464,972640)
(972464,972648)
(972464,972658)
(972464,972669)
(972464,972681)
(972464,972688)
(972464,972694)
(972464,972696)
(972464,972704)
(972464,972706)
(972464,972716)
(972464,972724)
(972464,972732)
(972464,972741)
(972464,972750)
(972464,972757)
(972464,972766)
(972464,972772)
(972464,972780)
(972464,972788)
(972464,972794)
(972464,972802)
(972464,972806)
(972464,972814)
(972464,972822)
(972464,972835)
(972464,972843)
(972464,972847)
(972464,972856)
(972464,972864)
(972464,972873)
(972464,972876)
(972464,972883)
(972474,972480)
(972474,972482)
(972474,972497)
(972474,972498)
(972474,972513)
(972474,972522)
(972474,972529)
(972474,972537)
(972474,972548)
(972474,972554)
(972474,972560)
(972474,972568)
(972474,972579)
(972474,972587)
(972474,972590)
(972474,972598)
(972474,972612)
(972474,972619)
(972474,972626)
(972474,972634)
(972474,972640)
(972474,972648)
(972474,972658)
(972474,972669)
(972474,972681)
(972474,972688)
(972474,972694)
(972474,972696)
(972474,972704)
(972474,972706)
(972474,972716)
(972474,972724)
(972474,972732)
(972474,972741)
(972474,972750)
(972474,972757)
(972474,972766)
(972474,972772)
(972474,972780)
(972474,972788)
(972474,972794)
(972474,972802)
(972474,972806)
(972474,972814)
(972474,972822)
(972474,972835)
(972474,972843)
(972474,972847)
(972474,972856)
(972474,972864)
(972474,972873)
(972474,972876)
(972474,972883)
(972480,972482)
(972480,972497)
(972480,972498)
(972480,972513)
(972480,972522)
(972480,972529)
(972480,972537)
(972480,972548)
(972480,972554)
(972480,972560)
(972480,972568)
(972480,972579)
(972480,972587)
(972480,972590)
(972480,972598)
(972480,972612)
(972480,972619)
(972480,972626)
(972480,972634)
(972480,972640)
(972480,972648)
(972480,972658)
(972480,972669)
(972480,972681)
(972480,972688)
(972480,972694)
(972480,972696)
(972480,972704)
(972480,972706)
(972480,972716)
(972480,972724)
(972480,972732)
(972480,972741)
(972480,972750)
(972480,972757)
(972480,972766)
(972480,972772)
(972480,972780)
(972480,972788)
(972480,972794)
(972480,972802)
(972480,972806)
(972480,972814)
(972480,972822)
(972480,972835)
(972480,972843)
(972480,972847)
(972480,972856)
(972480,972864)
(972480,972873)
(972480,972876)
(972480,972883)
(972482,972497)
(972482,972498)
(972482,972513)
(972482,972522)
(972482,972529)
(972482,972537)
(972482,972548)
(972482,972554)
(972482,972560)
(972482,972568)
(972482,972579)
(972482,972587)
(972482,972590)
(972482,972598)
(972482,972612)
(972482,972619)
(972482,972626)
(972482,972634)
(972482,972640)
(972482,972648)
(972482,972658)
(972482,972669)
(972482,972681)
(972482,972688)
(972482,972694)
(972482,972696)
(972482,972704)
(972482,972706)
(972482,972716)
(972482,972724)
(972482,972732)
(972482,972741)
(972482,972750)
(972482,972757)
(972482,972766)
(972482,972772)
(972482,972780)
(972482,972788)
(972482,972794)
(972482,972802)
(972482,972806)
(972482,972814)
(972482,972822)
(972482,972835)
(972482,972843)
(972482,972847)
(972482,972856)
(972482,972864)
(972482,972873)
(972482,972876)
(972482,972883)
(972497,972498)
(972497,972513)
(972497,972522)
(972497,972529)
(972497,972537)
(972497,972548)
(972497,972554)
(972497,972560)
(972497,972568)
(972497,972579)
(972497,972587)
(972497,972590)
(972497,972598)
(972497,972612)
(972497,972619)
(972497,972626)
(972497,972634)
(972497,972640)
(972497,972648)
(972497,972658)
(972497,972669)
(972497,972681)
(972497,972688)
(972497,972694)
(972497,972696)
(972497,972704)
(972497,972706)
(972497,972716)
(972497,972724)
(972497,972732)
(972497,972741)
(972497,972750)
(972497,972757)
(972497,972766)
(972497,972772)
(972497,972780)
(972497,972788)
(972497,972794)
(972497,972802)
(972497,972806)
(972497,972814)
(972497,972822)
(972497,972835)
(972497,972843)
(972497,972847)
(972497,972856)
(972497,972864)
(972497,972873)
(972497,972876)
(972497,972883)
(972498,972513)
(972498,972522)
(972498,972529)
(972498,972537)
(972498,972548)
(972498,972554)
(972498,972560)
(972498,972568)
(972498,972579)
(972498,972587)
(972498,972590)
(972498,972598)
(972498,972612)
(972498,972619)
(972498,972626)
(972498,972634)
(972498,972640)
(972498,972648)
(972498,972658)
(972498,972669)
(972498,972681)
(972498,972688)
(972498,972694)
(972498,972696)
(972498,972704)
(972498,972706)
(972498,972716)
(972498,972724)
(972498,972732)
(972498,972741)
(972498,972750)
(972498,972757)
(972498,972766)
(972498,972772)
(972498,972780)
(972498,972788)
(972498,972794)
(972498,972802)
(972498,972806)
(972498,972814)
(972498,972822)
(972498,972835)
(972498,972843)
(972498,972847)
(972498,972856)
(972498,972864)
(972498,972873)
(972498,972876)
(972498,972883)
(972513,972522)
(972513,972529)
(972513,972537)
(972513,972548)
(972513,972554)
(972513,972560)
(972513,972568)
(972513,972579)
(972513,972587)
(972513,972590)
(972513,972598)
(972513,972612)
(972513,972619)
(972513,972626)
(972513,972634)
(972513,972640)
(972513,972648)
(972513,972658)
(972513,972669)
(972513,972681)
(972513,972688)
(972513,972694)
(972513,972696)
(972513,972704)
(972513,972706)
(972513,972716)
(972513,972724)
(972513,972732)
(972513,972741)
(972513,972750)
(972513,972757)
(972513,972766)
(972513,972772)
(972513,972780)
(972513,972788)
(972513,972794)
(972513,972802)
(972513,972806)
(972513,972814)
(972513,972822)
(972513,972835)
(972513,972843)
(972513,972847)
(972513,972856)
(972513,972864)
(972513,972873)
(972513,972876)
(972513,972883)
(972522,972529)
(972522,972537)
(972522,972548)
(972522,972554)
(972522,972560)
(972522,972568)
(972522,972579)
(972522,972587)
(972522,972590)
(972522,972598)
(972522,972612)
(972522,972619)
(972522,972626)
(972522,972634)
(972522,972640)
(972522,972648)
(972522,972658)
(972522,972669)
(972522,972681)
(972522,972688)
(972522,972694)
(972522,972696)
(972522,972704)
(972522,972706)
(972522,972716)
(972522,972724)
(972522,972732)
(972522,972741)
(972522,972750)
(972522,972757)
(972522,972766)
(972522,972772)
(972522,972780)
(972522,972788)
(972522,972794)
(972522,972802)
(972522,972806)
(972522,972814)
(972522,972822)
(972522,972835)
(972522,972843)
(972522,972847)
(972522,972856)
(972522,972864)
(972522,972873)
(972522,972876)
(972522,972883)
(972529,972537)
(972529,972548)
(972529,972554)
(972529,972560)
(972529,972568)
(972529,972579)
(972529,972587)
(972529,972590)
(972529,972598)
(972529,972612)
(972529,972619)
(972529,972626)
(972529,972634)
(972529,972640)
(972529,972648)
(972529,972658)
(972529,972669)
(972529,972681)
(972529,972688)
(972529,972694)
(972529,972696)
(972529,972704)
(972529,972706)
(972529,972716)
(972529,972724)
(972529,972732)
(972529,972741)
(972529,972750)
(972529,972757)
(972529,972766)
(972529,972772)
(972529,972780)
(972529,972788)
(972529,972794)
(972529,972802)
(972529,972806)
(972529,972814)
(972529,972822)
(972529,972835)
(972529,972843)
(972529,972847)
(972529,972856)
(972529,972864)
(972529,972873)
(972529,972876)
(972529,972883)
(972537,972548)
(972537,972554)
(972537,972560)
(972537,972568)
(972537,972579)
(972537,972587)
(972537,972590)
(972537,972598)
(972537,972612)
(972537,972619)
(972537,972626)
(972537,972634)
(972537,972640)
(972537,972648)
(972537,972658)
(972537,972669)
(972537,972681)
(972537,972688)
(972537,972694)
(972537,972696)
(972537,972704)
(972537,972706)
(972537,972716)
(972537,972724)
(972537,972732)
(972537,972741)
(972537,972750)
(972537,972757)
(972537,972766)
(972537,972772)
(972537,972780)
(972537,972788)
(972537,972794)
(972537,972802)
(972537,972806)
(972537,972814)
(972537,972822)
(972537,972835)
(972537,972843)
(972537,972847)
(972537,972856)
(972537,972864)
(972537,972873)
(972537,972876)
(972537,972883)
(972548,972554)
(972548,972560)
(972548,972568)
(972548,972579)
(972548,972587)
(972548,972590)
(972548,972598)
(972548,972612)
(972548,972619)
(972548,972626)
(972548,972634)
(972548,972640)
(972548,972648)
(972548,972658)
(972548,972669)
(972548,972681)
(972548,972688)
(972548,972694)
(972548,972696)
(972548,972704)
(972548,972706)
(972548,972716)
(972548,972724)
(972548,972732)
(972548,972741)
(972548,972750)
(972548,972757)
(972548,972766)
(972548,972772)
(972548,972780)
(972548,972788)
(972548,972794)
(972548,972802)
(972548,972806)
(972548,972814)
(972548,972822)
(972548,972835)
(972548,972843)
(972548,972847)
(972548,972856)
(972548,972864)
(972548,972873)
(972548,972876)
(972548,972883)
(972554,972560)
(972554,972568)
(972554,972579)
(972554,972587)
(972554,972590)
(972554,972598)
(972554,972612)
(972554,972619)
(972554,972626)
(972554,972634)
(972554,972640)
(972554,972648)
(972554,972658)
(972554,972669)
(972554,972681)
(972554,972688)
(972554,972694)
(972554,972696)
(972554,972704)
(972554,972706)
(972554,972716)
(972554,972724)
(972554,972732)
(972554,972741)
(972554,972750)
(972554,972757)
(972554,972766)
(972554,972772)
(972554,972780)
(972554,972788)
(972554,972794)
(972554,972802)
(972554,972806)
(972554,972814)
(972554,972822)
(972554,972835)
(972554,972843)
(972554,972847)
(972554,972856)
(972554,972864)
(972554,972873)
(972554,972876)
(972554,972883)
(972560,972568)
(972560,972579)
(972560,972587)
(972560,972590)
(972560,972598)
(972560,972612)
(972560,972619)
(972560,972626)
(972560,972634)
(972560,972640)
(972560,972648)
(972560,972658)
(972560,972669)
(972560,972681)
(972560,972688)
(972560,972694)
(972560,972696)
(972560,972704)
(972560,972706)
(972560,972716)
(972560,972724)
(972560,972732)
(972560,972741)
(972560,972750)
(972560,972757)
(972560,972766)
(972560,972772)
(972560,972780)
(972560,972788)
(972560,972794)
(972560,972802)
(972560,972806)
(972560,972814)
(972560,972822)
(972560,972835)
(972560,972843)
(972560,972847)
(972560,972856)
(972560,972864)
(972560,972873)
(972560,972876)
(972560,972883)
(972568,972579)
(972568,972587)
(972568,972590)
(972568,972598)
(972568,972612)
(972568,972619)
(972568,972626)
(972568,972634)
(972568,972640)
(972568,972648)
(972568,972658)
(972568,972669)
(972568,972681)
(972568,972688)
(972568,972694)
(972568,972696)
(972568,972704)
(972568,972706)
(972568,972716)
(972568,972724)
(972568,972732)
(972568,972741)
(972568,972750)
(972568,972757)
(972568,972766)
(972568,972772)
(972568,972780)
(972568,972788)
(972568,972794)
(972568,972802)
(972568,972806)
(972568,972814)
(972568,972822)
(972568,972835)
(972568,972843)
(972568,972847)
(972568,972856)
(972568,972864)
(972568,972873)
(972568,972876)
(972568,972883)
(972579,972587)
(972579,972590)
(972579,972598)
(972579,972612)
(972579,972619)
(972579,972626)
(972579,972634)
(972579,972640)
(972579,972648)
(972579,972658)
(972579,972669)
(972579,972681)
(972579,972688)
(972579,972694)
(972579,972696)
(972579,972704)
(972579,972706)
(972579,972716)
(972579,972724)
(972579,972732)
(972579,972741)
(972579,972750)
(972579,972757)
(972579,972766)
(972579,972772)
(972579,972780)
(972579,972788)
(972579,972794)
(972579,972802)
(972579,972806)
(972579,972814)
(972579,972822)
(972579,972835)
(972579,972843)
(972579,972847)
(972579,972856)
(972579,972864)
(972579,972873)
(972579,972876)
(972579,972883)
(972587,972590)
(972587,972598)
(972587,972612)
(972587,972619)
(972587,972626)
(972587,972634)
(972587,972640)
(972587,972648)
(972587,972658)
(972587,972669)
(972587,972681)
(972587,972688)
(972587,972694)
(972587,972696)
(972587,972704)
(972587,972706)
(972587,972716)
(972587,972724)
(972587,972732)
(972587,972741)
(972587,972750)
(972587,972757)
(972587,972766)
(972587,972772)
(972587,972780)
(972587,972788)
(972587,972794)
(972587,972802)
(972587,972806)
(972587,972814)
(972587,972822)
(972587,972835)
(972587,972843)
(972587,972847)
(972587,972856)
(972587,972864)
(972587,972873)
(972587,972876)
(972587,972883)
(972590,972598)
(972590,972612)
(972590,972619)
(972590,972626)
(972590,972634)
(972590,972640)
(972590,972648)
(972590,972658)
(972590,972669)
(972590,972681)
(972590,972688)
(972590,972694)
(972590,972696)
(972590,972704)
(972590,972706)
(972590,972716)
(972590,972724)
(972590,972732)
(972590,972741)
(972590,972750)
(972590,972757)
(972590,972766)
(972590,972772)
(972590,972780)
(972590,972788)
(972590,972794)
(972590,972802)
(972590,972806)
(972590,972814)
(972590,972822)
(972590,972835)
(972590,972843)
(972590,972847)
(972590,972856)
(972590,972864)
(972590,972873)
(972590,972876)
(972590,972883)
(972598,972612)
(972598,972619)
(972598,972626)
(972598,972634)
(972598,972640)
(972598,972648)
(972598,972658)
(972598,972669)
(972598,972681)
(972598,972688)
(972598,972694)
(972598,972696)
(972598,972704)
(972598,972706)
(972598,972716)
(972598,972724)
(972598,972732)
(972598,972741)
(972598,972750)
(972598,972757)
(972598,972766)
(972598,972772)
(972598,972780)
(972598,972788)
(972598,972794)
(972598,972802)
(972598,972806)
(972598,972814)
(972598,972822)
(972598,972835)
(972598,972843)
(972598,972847)
(972598,972856)
(972598,972864)
(972598,972873)
(972598,972876)
(972598,972883)
(972612,972619)
(972612,972626)
(972612,972634)
(972612,972640)
(972612,972648)
(972612,972658)
(972612,972669)
(972612,972681)
(972612,972688)
(972612,972694)
(972612,972696)
(972612,972704)
(972612,972706)
(972612,972716)
(972612,972724)
(972612,972732)
(972612,972741)
(972612,972750)
(972612,972757)
(972612,972766)
(972612,972772)
(972612,972780)
(972612,972788)
(972612,972794)
(972612,972802)
(972612,972806)
(972612,972814)
(972612,972822)
(972612,972835)
(972612,972843)
(972612,972847)
(972612,972856)
(972612,972864)
(972612,972873)
(972612,972876)
(972612,972883)
(972619,972626)
(972619,972634)
(972619,972640)
(972619,972648)
(972619,972658)
(972619,972669)
(972619,972681)
(972619,972688)
(972619,972694)
(972619,972696)
(972619,972704)
(972619,972706)
(972619,972716)
(972619,972724)
(972619,972732)
(972619,972741)
(972619,972750)
(972619,972757)
(972619,972766)
(972619,972772)
(972619,972780)
(972619,972788)
(972619,972794)
(972619,972802)
(972619,972806)
(972619,972814)
(972619,972822)
(972619,972835)
(972619,972843)
(972619,972847)
(972619,972856)
(972619,972864)
(972619,972873)
(972619,972876)
(972619,972883)
(972626,972634)
(972626,972640)
(972626,972648)
(972626,972658)
(972626,972669)
(972626,972681)
(972626,972688)
(972626,972694)
(972626,972696)
(972626,972704)
(972626,972706)
(972626,972716)
(972626,972724)
(972626,972732)
(972626,972741)
(972626,972750)
(972626,972757)
(972626,972766)
(972626,972772)
(972626,972780)
(972626,972788)
(972626,972794)
(972626,972802)
(972626,972806)
(972626,972814)
(972626,972822)
(972626,972835)
(972626,972843)
(972626,972847)
(972626,972856)
(972626,972864)
(972626,972873)
(972626,972876)
(972626,972883)
(972634,972640)
(972634,972648)
(972634,972658)
(972634,972669)
(972634,972681)
(972634,972688)
(972634,972694)
(972634,972696)
(972634,972704)
(972634,972706)
(972634,972716)
(972634,972724)
(972634,972732)
(972634,972741)
(972634,972750)
(972634,972757)
(972634,972766)
(972634,972772)
(972634,972780)
(972634,972788)
(972634,972794)
(972634,972802)
(972634,972806)
(972634,972814)
(972634,972822)
(972634,972835)
(972634,972843)
(972634,972847)
(972634,972856)
(972634,972864)
(972634,972873)
(972634,972876)
(972634,972883)
(972640,972648)
(972640,972658)
(972640,972669)
(972640,972681)
(972640,972688)
(972640,972694)
(972640,972696)
(972640,972704)
(972640,972706)
(972640,972716)
(972640,972724)
(972640,972732)
(972640,972741)
(972640,972750)
(972640,972757)
(972640,972766)
(972640,972772)
(972640,972780)
(972640,972788)
(972640,972794)
(972640,972802)
(972640,972806)
(972640,972814)
(972640,972822)
(972640,972835)
(972640,972843)
(972640,972847)
(972640,972856)
(972640,972864)
(972640,972873)
(972640,972876)
(972640,972883)
(972648,972658)
(972648,972669)
(972648,972681)
(972648,972688)
(972648,972694)
(972648,972696)
(972648,972704)
(972648,972706)
(972648,972716)
(972648,972724)
(972648,972732)
(972648,972741)
(972648,972750)
(972648,972757)
(972648,972766)
(972648,972772)
(972648,972780)
(972648,972788)
(972648,972794)
(972648,972802)
(972648,972806)
(972648,972814)
(972648,972822)
(972648,972835)
(972648,972843)
(972648,972847)
(972648,972856)
(972648,972864)
(972648,972873)
(972648,972876)
(972648,972883)
(972658,972669)
(972658,972681)
(972658,972688)
(972658,972694)
(972658,972696)
(972658,972704)
(972658,972706)
(972658,972716)
(972658,972724)
(972658,972732)
(972658,972741)
(972658,972750)
(972658,972757)
(972658,972766)
(972658,972772)
(972658,972780)
(972658,972788)
(972658,972794)
(972658,972802)
(972658,972806)
(972658,972814)
(972658,972822)
(972658,972835)
(972658,972843)
(972658,972847)
(972658,972856)
(972658,972864)
(972658,972873)
(972658,972876)
(972658,972883)
(972669,972681)
(972669,972688)
(972669,972694)
(972669,972696)
(972669,972704)
(972669,972706)
(972669,972716)
(972669,972724)
(972669,972732)
(972669,972741)
(972669,972750)
(972669,972757)
(972669,972766)
(972669,972772)
(972669,972780)
(972669,972788)
(972669,972794)
(972669,972802)
(972669,972806)
(972669,972814)
(972669,972822)
(972669,972835)
(972669,972843)
(972669,972847)
(972669,972856)
(972669,972864)
(972669,972873)
(972669,972876)
(972669,972883)
(972681,972688)
(972681,972694)
(972681,972696)
(972681,972704)
(972681,972706)
(972681,972716)
(972681,972724)
(972681,972732)
(972681,972741)
(972681,972750)
(972681,972757)
(972681,972766)
(972681,972772)
(972681,972780)
(972681,972788)
(972681,972794)
(972681,972802)
(972681,972806)
(972681,972814)
(972681,972822)
(972681,972835)
(972681,972843)
(972681,972847)
(972681,972856)
(972681,972864)
(972681,972873)
(972681,972876)
(972681,972883)
(972688,972694)
(972688,972696)
(972688,972704)
(972688,972706)
(972688,972716)
(972688,972724)
(972688,972732)
(972688,972741)
(972688,972750)
(972688,972757)
(972688,972766)
(972688,972772)
(972688,972780)
(972688,972788)
(972688,972794)
(972688,972802)
(972688,972806)
(972688,972814)
(972688,972822)
(972688,972835)
(972688,972843)
(972688,972847)
(972688,972856)
(972688,972864)
(972688,972873)
(972688,972876)
(972688,972883)
(972694,972696)
(972694,972704)
(972694,972706)
(972694,972716)
(972694,972724)
(972694,972732)
(972694,972741)
(972694,972750)
(972694,972757)
(972694,972766)
(972694,972772)
(972694,972780)
(972694,972788)
(972694,972794)
(972694,972802)
(972694,972806)
(972694,972814)
(972694,972822)
(972694,972835)
(972694,972843)
(972694,972847)
(972694,972856)
(972694,972864)
(972694,972873)
(972694,972876)
(972694,972883)
(972696,972704)
(972696,972706)
(972696,972716)
(972696,972724)
(972696,972732)
(972696,972741)
(972696,972750)
(972696,972757)
(972696,972766)
(972696,972772)
(972696,972780)
(972696,972788)
(972696,972794)
(972696,972802)
(972696,972806)
(972696,972814)
(972696,972822)
(972696,972835)
(972696,972843)
(972696,972847)
(972696,972856)
(972696,972864)
(972696,972873)
(972696,972876)
(972696,972883)
(972704,972706)
(972704,972716)
(972704,972724)
(972704,972732)
(972704,972741)
(972704,972750)
(972704,972757)
(972704,972766)
(972704,972772)
(972704,972780)
(972704,972788)
(972704,972794)
(972704,972802)
(972704,972806)
(972704,972814)
(972704,972822)
(972704,972835)
(972704,972843)
(972704,972847)
(972704,972856)
(972704,972864)
(972704,972873)
(972704,972876)
(972704,972883)
(972706,972716)
(972706,972724)
(972706,972732)
(972706,972741)
(972706,972750)
(972706,972757)
(972706,972766)
(972706,972772)
(972706,972780)
(972706,972788)
(972706,972794)
(972706,972802)
(972706,972806)
(972706,972814)
(972706,972822)
(972706,972835)
(972706,972843)
(972706,972847)
(972706,972856)
(972706,972864)
(972706,972873)
(972706,972876)
(972706,972883)
(972716,972724)
(972716,972732)
(972716,972741)
(972716,972750)
(972716,972757)
(972716,972766)
(972716,972772)
(972716,972780)
(972716,972788)
(972716,972794)
(972716,972802)
(972716,972806)
(972716,972814)
(972716,972822)
(972716,972835)
(972716,972843)
(972716,972847)
(972716,972856)
(972716,972864)
(972716,972873)
(972716,972876)
(972716,972883)
(972724,972732)
(972724,972741)
(972724,972750)
(972724,972757)
(972724,972766)
(972724,972772)
(972724,972780)
(972724,972788)
(972724,972794)
(972724,972802)
(972724,972806)
(972724,972814)
(972724,972822)
(972724,972835)
(972724,972843)
(972724,972847)
(972724,972856)
(972724,972864)
(972724,972873)
(972724,972876)
(972724,972883)
(972732,972741)
(972732,972750)
(972732,972757)
(972732,972766)
(972732,972772)
(972732,972780)
(972732,972788)
(972732,972794)
(972732,972802)
(972732,972806)
(972732,972814)
(972732,972822)
(972732,972835)
(972732,972843)
(972732,972847)
(972732,972856)
(972732,972864)
(972732,972873)
(972732,972876)
(972732,972883)
(972741,972750)
(972741,972757)
(972741,972766)
(972741,972772)
(972741,972780)
(972741,972788)
(972741,972794)
(972741,972802)
(972741,972806)
(972741,972814)
(972741,972822)
(972741,972835)
(972741,972843)
(972741,972847)
(972741,972856)
(972741,972864)
(972741,972873)
(972741,972876)
(972741,972883)
(972750,972757)
(972750,972766)
(972750,972772)
(972750,972780)
(972750,972788)
(972750,972794)
(972750,972802)
(972750,972806)
(972750,972814)
(972750,972822)
(972750,972835)
(972750,972843)
(972750,972847)
(972750,972856)
(972750,972864)
(972750,972873)
(972750,972876)
(972750,972883)
(972757,972766)
(972757,972772)
(972757,972780)
(972757,972788)
(972757,972794)
(972757,972802)
(972757,972806)
(972757,972814)
(972757,972822)
(972757,972835)
(972757,972843)
(972757,972847)
(972757,972856)
(972757,972864)
(972757,972873)
(972757,972876)
(972757,972883)
(972766,972772)
(972766,972780)
(972766,972788)
(972766,972794)
(972766,972802)
(972766,972806)
(972766,972814)
(972766,972822)
(972766,972835)
(972766,972843)
(972766,972847)
(972766,972856)
(972766,972864)
(972766,972873)
(972766,972876)
(972766,972883)
(972772,972780)
(972772,972788)
(972772,972794)
(972772,972802)
(972772,972806)
(972772,972814)
(972772,972822)
(972772,972835)
(972772,972843)
(972772,972847)
(972772,972856)
(972772,972864)
(972772,972873)
(972772,972876)
(972772,972883)
(972780,972788)
(972780,972794)
(972780,972802)
(972780,972806)
(972780,972814)
(972780,972822)
(972780,972835)
(972780,972843)
(972780,972847)
(972780,972856)
(972780,972864)
(972780,972873)
(972780,972876)
(972780,972883)
(972788,972794)
(972788,972802)
(972788,972806)
(972788,972814)
(972788,972822)
(972788,972835)
(972788,972843)
(972788,972847)
(972788,972856)
(972788,972864)
(972788,972873)
(972788,972876)
(972788,972883)
(972794,972802)
(972794,972806)
(972794,972814)
(972794,972822)
(972794,972835)
(972794,972843)
(972794,972847)
(972794,972856)
(972794,972864)
(972794,972873)
(972794,972876)
(972794,972883)
(972802,972806)
(972802,972814)
(972802,972822)
(972802,972835)
(972802,972843)
(972802,972847)
(972802,972856)
(972802,972864)
(972802,972873)
(972802,972876)
(972802,972883)
(972806,972814)
(972806,972822)
(972806,972835)
(972806,972843)
(972806,972847)
(972806,972856)
(972806,972864)
(972806,972873)
(972806,972876)
(972806,972883)
(972814,972822)
(972814,972835)
(972814,972843)
(972814,972847)
(972814,972856)
(972814,972864)
(972814,972873)
(972814,972876)
(972814,972883)
(972822,972835)
(972822,972843)
(972822,972847)
(972822,972856)
(972822,972864)
(972822,972873)
(972822,972876)
(972822,972883)
(972835,972843)
(972835,972847)
(972835,972856)
(972835,972864)
(972835,972873)
(972835,972876)
(972835,972883)
(972843,972847)
(972843,972856)
(972843,972864)
(972843,972873)
(972843,972876)
(972843,972883)
(972847,972856)
(972847,972864)
(972847,972873)
(972847,972876)
(972847,972883)
(972856,972864)
(972856,972873)
(972856,972876)
(972856,972883)
(972864,972873)
(972864,972876)
(972864,972883)
(972873,972876)
(972873,972883)
(972876,972883)
(918657,918687)
(918657,918708)
(918657,918783)
(918657,918840)
(918657,918859)
(918657,918868)
(918657,918886)
(918657,918917)
(918657,918928)
(918657,918961)
(918657,918981)
(918657,919001)
(918657,919011)
(918657,919015)
(918657,919029)
(918657,919109)
(918657,919124)
(918657,919133)
(918657,919165)
(918657,919182)
(918657,919705)
(918657,973057)
(918657,973066)
(918657,973074)
(918657,973085)
(918657,973096)
(918657,973099)
(918657,973105)
(918657,973114)
(918657,973125)
(918657,973128)
(918657,973131)
(918657,973134)
(918657,973144)
(918657,973151)
(918657,973158)
(918657,973163)
(918657,973172)
(918657,973178)
(918657,973187)
(918657,973196)
(918657,973202)
(918657,973221)
(918657,973226)
(918687,918708)
(918687,918783)
(918687,918840)
(918687,918859)
(918687,918868)
(918687,918886)
(918687,918917)
(918687,918928)
(918687,918961)
(918687,918981)
(918687,919001)
(918687,919011)
(918687,919015)
(918687,919029)
(918687,919109)
(918687,919124)
(918687,919133)
(918687,919165)
(918687,919182)
(918687,919705)
(918687,973057)
(918687,973066)
(918687,973074)
(918687,973085)
(918687,973096)
(918687,973099)
(918687,973105)
(918687,973114)
(918687,973125)
(918687,973128)
(918687,973131)
(918687,973134)
(918687,973144)
(918687,973151)
(918687,973158)
(918687,973163)
(918687,973172)
(918687,973178)
(918687,973187)
(918687,973196)
(918687,973202)
(918687,973221)
(918687,973226)
(918708,918783)
(918708,918840)
(918708,918859)
(918708,918868)
(918708,918886)
(918708,918917)
(918708,918928)
(918708,918961)
(918708,918981)
(918708,919001)
(918708,919011)
(918708,919015)
(918708,919029)
(918708,919109)
(918708,919124)
(918708,919133)
(918708,919165)
(918708,919182)
(918708,919705)
(918708,973057)
(918708,973066)
(918708,973074)
(918708,973085)
(918708,973096)
(918708,973099)
(918708,973105)
(918708,973114)
(918708,973125)
(918708,973128)
(918708,973131)
(918708,973134)
(918708,973144)
(918708,973151)
(918708,973158)
(918708,973163)
(918708,973172)
(918708,973178)
(918708,973187)
(918708,973196)
(918708,973202)
(918708,973221)
(918708,973226)
(918783,918840)
(918783,918859)
(918783,918868)
(918783,918886)
(918783,918917)
(918783,918928)
(918783,918961)
(918783,918981)
(918783,919001)
(918783,919011)
(918783,919015)
(918783,919029)
(918783,919109)
(918783,919124)
(918783,919133)
(918783,919165)
(918783,919182)
(918783,919705)
(918783,973057)
(918783,973066)
(918783,973074)
(918783,973085)
(918783,973096)
(918783,973099)
(918783,973105)
(918783,973114)
(918783,973125)
(918783,973128)
(918783,973131)
(918783,973134)
(918783,973144)
(918783,973151)
(918783,973158)
(918783,973163)
(918783,973172)
(918783,973178)
(918783,973187)
(918783,973196)
(918783,973202)
(918783,973221)
(918783,973226)
(918840,918859)
(918840,918868)
(918840,918886)
(918840,918917)
(918840,918928)
(918840,918961)
(918840,918981)
(918840,919001)
(918840,919011)
(918840,919015)
(918840,919029)
(918840,919109)
(918840,919124)
(918840,919133)
(918840,919165)
(918840,919182)
(918840,919705)
(918840,973057)
(918840,973066)
(918840,973074)
(918840,973085)
(918840,973096)
(918840,973099)
(918840,973105)
(918840,973114)
(918840,973125)
(918840,973128)
(918840,973131)
(918840,973134)
(918840,973144)
(918840,973151)
(918840,973158)
(918840,973163)
(918840,973172)
(918840,973178)
(918840,973187)
(918840,973196)
(918840,973202)
(918840,973221)
(918840,973226)
(918859,918868)
(918859,918886)
(918859,918917)
(918859,918928)
(918859,918961)
(918859,918981)
(918859,919001)
(918859,919011)
(918859,919015)
(918859,919029)
(918859,919109)
(918859,919124)
(918859,919133)
(918859,919165)
(918859,919182)
(918859,919705)
(918859,973057)
(918859,973066)
(918859,973074)
(918859,973085)
(918859,973096)
(918859,973099)
(918859,973105)
(918859,973114)
(918859,973125)
(918859,973128)
(918859,973131)
(918859,973134)
(918859,973144)
(918859,973151)
(918859,973158)
(918859,973163)
(918859,973172)
(918859,973178)
(918859,973187)
(918859,973196)
(918859,973202)
(918859,973221)
(918859,973226)
(918868,918886)
(918868,918917)
(918868,918928)
(918868,918961)
(918868,918981)
(918868,919001)
(918868,919011)
(918868,919015)
(918868,919029)
(918868,919109)
(918868,919124)
(918868,919133)
(918868,919165)
(918868,919182)
(918868,919705)
(918868,973057)
(918868,973066)
(918868,973074)
(918868,973085)
(918868,973096)
(918868,973099)
(918868,973105)
(918868,973114)
(918868,973125)
(918868,973128)
(918868,973131)
(918868,973134)
(918868,973144)
(918868,973151)
(918868,973158)
(918868,973163)
(918868,973172)
(918868,973178)
(918868,973187)
(918868,973196)
(918868,973202)
(918868,973221)
(918868,973226)
(918886,918917)
(918886,918928)
(918886,918961)
(918886,918981)
(918886,919001)
(918886,919011)
(918886,919015)
(918886,919029)
(918886,919109)
(918886,919124)
(918886,919133)
(918886,919165)
(918886,919182)
(918886,919705)
(918886,973057)
(918886,973066)
(918886,973074)
(918886,973085)
(918886,973096)
(918886,973099)
(918886,973105)
(918886,973114)
(918886,973125)
(918886,973128)
(918886,973131)
(918886,973134)
(918886,973144)
(918886,973151)
(918886,973158)
(918886,973163)
(918886,973172)
(918886,973178)
(918886,973187)
(918886,973196)
(918886,973202)
(918886,973221)
(918886,973226)
(918917,918928)
(918917,918961)
(918917,918981)
(918917,919001)
(918917,919011)
(918917,919015)
(918917,919029)
(918917,919109)
(918917,919124)
(918917,919133)
(918917,919165)
(918917,919182)
(918917,919705)
(918917,973057)
(918917,973066)
(918917,973074)
(918917,973085)
(918917,973096)
(918917,973099)
(918917,973105)
(918917,973114)
(918917,973125)
(918917,973128)
(918917,973131)
(918917,973134)
(918917,973144)
(918917,973151)
(918917,973158)
(918917,973163)
(918917,973172)
(918917,973178)
(918917,973187)
(918917,973196)
(918917,973202)
(918917,973221)
(918917,973226)
(918928,918961)
(918928,918981)
(918928,919001)
(918928,919011)
(918928,919015)
(918928,919029)
(918928,919109)
(918928,919124)
(918928,919133)
(918928,919165)
(918928,919182)
(918928,919705)
(918928,973057)
(918928,973066)
(918928,973074)
(918928,973085)
(918928,973096)
(918928,973099)
(918928,973105)
(918928,973114)
(918928,973125)
(918928,973128)
(918928,973131)
(918928,973134)
(918928,973144)
(918928,973151)
(918928,973158)
(918928,973163)
(918928,973172)
(918928,973178)
(918928,973187)
(918928,973196)
(918928,973202)
(918928,973221)
(918928,973226)
(918961,918981)
(918961,919001)
(918961,919011)
(918961,919015)
(918961,919029)
(918961,919109)
(918961,919124)
(918961,919133)
(918961,919165)
(918961,919182)
(918961,919705)
(918961,973057)
(918961,973066)
(918961,973074)
(918961,973085)
(918961,973096)
(918961,973099)
(918961,973105)
(918961,973114)
(918961,973125)
(918961,973128)
(918961,973131)
(918961,973134)
(918961,973144)
(918961,973151)
(918961,973158)
(918961,973163)
(918961,973172)
(918961,973178)
(918961,973187)
(918961,973196)
(918961,973202)
(918961,973221)
(918961,973226)
(918981,919001)
(918981,919011)
(918981,919015)
(918981,919029)
(918981,919109)
(918981,919124)
(918981,919133)
(918981,919165)
(918981,919182)
(918981,919705)
(918981,973057)
(918981,973066)
(918981,973074)
(918981,973085)
(918981,973096)
(918981,973099)
(918981,973105)
(918981,973114)
(918981,973125)
(918981,973128)
(918981,973131)
(918981,973134)
(918981,973144)
(918981,973151)
(918981,973158)
(918981,973163)
(918981,973172)
(918981,973178)
(918981,973187)
(918981,973196)
(918981,973202)
(918981,973221)
(918981,973226)
(919001,919011)
(919001,919015)
(919001,919029)
(919001,919109)
(919001,919124)
(919001,919133)
(919001,919165)
(919001,919182)
(919001,919705)
(919001,973057)
(919001,973066)
(919001,973074)
(919001,973085)
(919001,973096)
(919001,973099)
(919001,973105)
(919001,973114)
(919001,973125)
(919001,973128)
(919001,973131)
(919001,973134)
(919001,973144)
(919001,973151)
(919001,973158)
(919001,973163)
(919001,973172)
(919001,973178)
(919001,973187)
(919001,973196)
(919001,973202)
(919001,973221)
(919001,973226)
(919011,919015)
(919011,919029)
(919011,919109)
(919011,919124)
(919011,919133)
(919011,919165)
(919011,919182)
(919011,919705)
(919011,973057)
(919011,973066)
(919011,973074)
(919011,973085)
(919011,973096)
(919011,973099)
(919011,973105)
(919011,973114)
(919011,973125)
(919011,973128)
(919011,973131)
(919011,973134)
(919011,973144)
(919011,973151)
(919011,973158)
(919011,973163)
(919011,973172)
(919011,973178)
(919011,973187)
(919011,973196)
(919011,973202)
(919011,973221)
(919011,973226)
(919015,919029)
(919015,919109)
(919015,919124)
(919015,919133)
(919015,919165)
(919015,919182)
(919015,919705)
(919015,973057)
(919015,973066)
(919015,973074)
(919015,973085)
(919015,973096)
(919015,973099)
(919015,973105)
(919015,973114)
(919015,973125)
(919015,973128)
(919015,973131)
(919015,973134)
(919015,973144)
(919015,973151)
(919015,973158)
(919015,973163)
(919015,973172)
(919015,973178)
(919015,973187)
(919015,973196)
(919015,973202)
(919015,973221)
(919015,973226)
(919029,919109)
(919029,919124)
(919029,919133)
(919029,919165)
(919029,919182)
(919029,919705)
(919029,973057)
(919029,973066)
(919029,973074)
(919029,973085)
(919029,973096)
(919029,973099)
(919029,973105)
(919029,973114)
(919029,973125)
(919029,973128)
(919029,973131)
(919029,973134)
(919029,973144)
(919029,973151)
(919029,973158)
(919029,973163)
(919029,973172)
(919029,973178)
(919029,973187)
(919029,973196)
(919029,973202)
(919029,973221)
(919029,973226)
(919109,919124)
(919109,919133)
(919109,919165)
(919109,919182)
(919109,919705)
(919109,973057)
(919109,973066)
(919109,973074)
(919109,973085)
(919109,973096)
(919109,973099)
(919109,973105)
(919109,973114)
(919109,973125)
(919109,973128)
(919109,973131)
(919109,973134)
(919109,973144)
(919109,973151)
(919109,973158)
(919109,973163)
(919109,973172)
(919109,973178)
(919109,973187)
(919109,973196)
(919109,973202)
(919109,973221)
(919109,973226)
(919124,919133)
(919124,919165)
(919124,919182)
(919124,919705)
(919124,973057)
(919124,973066)
(919124,973074)
(919124,973085)
(919124,973096)
(919124,973099)
(919124,973105)
(919124,973114)
(919124,973125)
(919124,973128)
(919124,973131)
(919124,973134)
(919124,973144)
(919124,973151)
(919124,973158)
(919124,973163)
(919124,973172)
(919124,973178)
(919124,973187)
(919124,973196)
(919124,973202)
(919124,973221)
(919124,973226)
(919133,919165)
(919133,919182)
(919133,919705)
(919133,973057)
(919133,973066)
(919133,973074)
(919133,973085)
(919133,973096)
(919133,973099)
(919133,973105)
(919133,973114)
(919133,973125)
(919133,973128)
(919133,973131)
(919133,973134)
(919133,973144)
(919133,973151)
(919133,973158)
(919133,973163)
(919133,973172)
(919133,973178)
(919133,973187)
(919133,973196)
(919133,973202)
(919133,973221)
(919133,973226)
(919165,919182)
(919165,919705)
(919165,973057)
(919165,973066)
(919165,973074)
(919165,973085)
(919165,973096)
(919165,973099)
(919165,973105)
(919165,973114)
(919165,973125)
(919165,973128)
(919165,973131)
(919165,973134)
(919165,973144)
(919165,973151)
(919165,973158)
(919165,973163)
(919165,973172)
(919165,973178)
(919165,973187)
(919165,973196)
(919165,973202)
(919165,973221)
(919165,973226)
(919182,919705)
(919182,973057)
(919182,973066)
(919182,973074)
(919182,973085)
(919182,973096)
(919182,973099)
(919182,973105)
(919182,973114)
(919182,973125)
(919182,973128)
(919182,973131)
(919182,973134)
(919182,973144)
(919182,973151)
(919182,973158)
(919182,973163)
(919182,973172)
(919182,973178)
(919182,973187)
(919182,973196)
(919182,973202)
(919182,973221)
(919182,973226)
(919705,973057)
(919705,973066)
(919705,973074)
(919705,973085)
(919705,973096)
(919705,973099)
(919705,973105)
(919705,973114)
(919705,973125)
(919705,973128)
(919705,973131)
(919705,973134)
(919705,973144)
(919705,973151)
(919705,973158)
(919705,973163)
(919705,973172)
(919705,973178)
(919705,973187)
(919705,973196)
(919705,973202)
(919705,973221)
(919705,973226)
(973057,973066)
(973057,973074)
(973057,973085)
(973057,973096)
(973057,973099)
(973057,973105)
(973057,973114)
(973057,973125)
(973057,973128)
(973057,973131)
(973057,973134)
(973057,973144)
(973057,973151)
(973057,973158)
(973057,973163)
(973057,973172)
(973057,973178)
(973057,973187)
(973057,973196)
(973057,973202)
(973057,973221)
(973057,973226)
(973066,973074)
(973066,973085)
(973066,973096)
(973066,973099)
(973066,973105)
(973066,973114)
(973066,973125)
(973066,973128)
(973066,973131)
(973066,973134)
(973066,973144)
(973066,973151)
(973066,973158)
(973066,973163)
(973066,973172)
(973066,973178)
(973066,973187)
(973066,973196)
(973066,973202)
(973066,973221)
(973066,973226)
(973074,973085)
(973074,973096)
(973074,973099)
(973074,973105)
(973074,973114)
(973074,973125)
(973074,973128)
(973074,973131)
(973074,973134)
(973074,973144)
(973074,973151)
(973074,973158)
(973074,973163)
(973074,973172)
(973074,973178)
(973074,973187)
(973074,973196)
(973074,973202)
(973074,973221)
(973074,973226)
(973085,973096)
(973085,973099)
(973085,973105)
(973085,973114)
(973085,973125)
(973085,973128)
(973085,973131)
(973085,973134)
(973085,973144)
(973085,973151)
(973085,973158)
(973085,973163)
(973085,973172)
(973085,973178)
(973085,973187)
(973085,973196)
(973085,973202)
(973085,973221)
(973085,973226)
(973096,973099)
(973096,973105)
(973096,973114)
(973096,973125)
(973096,973128)
(973096,973131)
(973096,973134)
(973096,973144)
(973096,973151)
(973096,973158)
(973096,973163)
(973096,973172)
(973096,973178)
(973096,973187)
(973096,973196)
(973096,973202)
(973096,973221)
(973096,973226)
(973099,973105)
(973099,973114)
(973099,973125)
(973099,973128)
(973099,973131)
(973099,973134)
(973099,973144)
(973099,973151)
(973099,973158)
(973099,973163)
(973099,973172)
(973099,973178)
(973099,973187)
(973099,973196)
(973099,973202)
(973099,973221)
(973099,973226)
(973105,973114)
(973105,973125)
(973105,973128)
(973105,973131)
(973105,973134)
(973105,973144)
(973105,973151)
(973105,973158)
(973105,973163)
(973105,973172)
(973105,973178)
(973105,973187)
(973105,973196)
(973105,973202)
(973105,973221)
(973105,973226)
(973114,973125)
(973114,973128)
(973114,973131)
(973114,973134)
(973114,973144)
(973114,973151)
(973114,973158)
(973114,973163)
(973114,973172)
(973114,973178)
(973114,973187)
(973114,973196)
(973114,973202)
(973114,973221)
(973114,973226)
(973125,973128)
(973125,973131)
(973125,973134)
(973125,973144)
(973125,973151)
(973125,973158)
(973125,973163)
(973125,973172)
(973125,973178)
(973125,973187)
(973125,973196)
(973125,973202)
(973125,973221)
(973125,973226)
(973128,973131)
(973128,973134)
(973128,973144)
(973128,973151)
(973128,973158)
(973128,973163)
(973128,973172)
(973128,973178)
(973128,973187)
(973128,973196)
(973128,973202)
(973128,973221)
(973128,973226)
(973131,973134)
(973131,973144)
(973131,973151)
(973131,973158)
(973131,973163)
(973131,973172)
(973131,973178)
(973131,973187)
(973131,973196)
(973131,973202)
(973131,973221)
(973131,973226)
(973134,973144)
(973134,973151)
(973134,973158)
(973134,973163)
(973134,973172)
(973134,973178)
(973134,973187)
(973134,973196)
(973134,973202)
(973134,973221)
(973134,973226)
(973144,973151)
(973144,973158)
(973144,973163)
(973144,973172)
(973144,973178)
(973144,973187)
(973144,973196)
(973144,973202)
(973144,973221)
(973144,973226)
(973151,973158)
(973151,973163)
(973151,973172)
(973151,973178)
(973151,973187)
(973151,973196)
(973151,973202)
(973151,973221)
(973151,973226)
(973158,973163)
(973158,973172)
(973158,973178)
(973158,973187)
(973158,973196)
(973158,973202)
(973158,973221)
(973158,973226)
(973163,973172)
(973163,973178)
(973163,973187)
(973163,973196)
(973163,973202)
(973163,973221)
(973163,973226)
(973172,973178)
(973172,973187)
(973172,973196)
(973172,973202)
(973172,973221)
(973172,973226)
(973178,973187)
(973178,973196)
(973178,973202)
(973178,973221)
(973178,973226)
(973187,973196)
(973187,973202)
(973187,973221)
(973187,973226)
(973196,973202)
(973196,973221)
(973196,973226)
(973202,973221)
(973202,973226)
(973221,973226)
(919680,919690)
(972886,972890)
(972886,972893)
(972886,972896)
(972886,972901)
(972886,972906)
(972886,972911)
(972886,972916)
(972886,972920)
(972886,972923)
(972886,972928)
(972886,972934)
(972886,972937)
(972886,972941)
(972886,972944)
(972886,972949)
(972886,972953)
(972886,972957)
(972886,972959)
(972886,972963)
(972886,972967)
(972886,972970)
(972886,972974)
(972886,972978)
(972886,972982)
(972886,972986)
(972886,972989)
(972886,972993)
(972886,972997)
(972886,973002)
(972886,973008)
(972886,973014)
(972886,973018)
(972886,973019)
(972886,973027)
(972886,973035)
(972886,973038)
(972886,973046)
(972886,973050)
(972890,972893)
(972890,972896)
(972890,972901)
(972890,972906)
(972890,972911)
(972890,972916)
(972890,972920)
(972890,972923)
(972890,972928)
(972890,972934)
(972890,972937)
(972890,972941)
(972890,972944)
(972890,972949)
(972890,972953)
(972890,972957)
(972890,972959)
(972890,972963)
(972890,972967)
(972890,972970)
(972890,972974)
(972890,972978)
(972890,972982)
(972890,972986)
(972890,972989)
(972890,972993)
(972890,972997)
(972890,973002)
(972890,973008)
(972890,973014)
(972890,973018)
(972890,973019)
(972890,973027)
(972890,973035)
(972890,973038)
(972890,973046)
(972890,973050)
(972893,972896)
(972893,972901)
(972893,972906)
(972893,972911)
(972893,972916)
(972893,972920)
(972893,972923)
(972893,972928)
(972893,972934)
(972893,972937)
(972893,972941)
(972893,972944)
(972893,972949)
(972893,972953)
(972893,972957)
(972893,972959)
(972893,972963)
(972893,972967)
(972893,972970)
(972893,972974)
(972893,972978)
(972893,972982)
(972893,972986)
(972893,972989)
(972893,972993)
(972893,972997)
(972893,973002)
(972893,973008)
(972893,973014)
(972893,973018)
(972893,973019)
(972893,973027)
(972893,973035)
(972893,973038)
(972893,973046)
(972893,973050)
(972896,972901)
(972896,972906)
(972896,972911)
(972896,972916)
(972896,972920)
(972896,972923)
(972896,972928)
(972896,972934)
(972896,972937)
(972896,972941)
(972896,972944)
(972896,972949)
(972896,972953)
(972896,972957)
(972896,972959)
(972896,972963)
(972896,972967)
(972896,972970)
(972896,972974)
(972896,972978)
(972896,972982)
(972896,972986)
(972896,972989)
(972896,972993)
(972896,972997)
(972896,973002)
(972896,973008)
(972896,973014)
(972896,973018)
(972896,973019)
(972896,973027)
(972896,973035)
(972896,973038)
(972896,973046)
(972896,973050)
(972901,972906)
(972901,972911)
(972901,972916)
(972901,972920)
(972901,972923)
(972901,972928)
(972901,972934)
(972901,972937)
(972901,972941)
(972901,972944)
(972901,972949)
(972901,972953)
(972901,972957)
(972901,972959)
(972901,972963)
(972901,972967)
(972901,972970)
(972901,972974)
(972901,972978)
(972901,972982)
(972901,972986)
(972901,972989)
(972901,972993)
(972901,972997)
(972901,973002)
(972901,973008)
(972901,973014)
(972901,973018)
(972901,973019)
(972901,973027)
(972901,973035)
(972901,973038)
(972901,973046)
(972901,973050)
(972906,972911)
(972906,972916)
(972906,972920)
(972906,972923)
(972906,972928)
(972906,972934)
(972906,972937)
(972906,972941)
(972906,972944)
(972906,972949)
(972906,972953)
(972906,972957)
(972906,972959)
(972906,972963)
(972906,972967)
(972906,972970)
(972906,972974)
(972906,972978)
(972906,972982)
(972906,972986)
(972906,972989)
(972906,972993)
(972906,972997)
(972906,973002)
(972906,973008)
(972906,973014)
(972906,973018)
(972906,973019)
(972906,973027)
(972906,973035)
(972906,973038)
(972906,973046)
(972906,973050)
(972911,972916)
(972911,972920)
(972911,972923)
(972911,972928)
(972911,972934)
(972911,972937)
(972911,972941)
(972911,972944)
(972911,972949)
(972911,972953)
(972911,972957)
(972911,972959)
(972911,972963)
(972911,972967)
(972911,972970)
(972911,972974)
(972911,972978)
(972911,972982)
(972911,972986)
(972911,972989)
(972911,972993)
(972911,972997)
(972911,973002)
(972911,973008)
(972911,973014)
(972911,973018)
(972911,973019)
(972911,973027)
(972911,973035)
(972911,973038)
(972911,973046)
(972911,973050)
(972916,972920)
(972916,972923)
(972916,972928)
(972916,972934)
(972916,972937)
(972916,972941)
(972916,972944)
(972916,972949)
(972916,972953)
(972916,972957)
(972916,972959)
(972916,972963)
(972916,972967)
(972916,972970)
(972916,972974)
(972916,972978)
(972916,972982)
(972916,972986)
(972916,972989)
(972916,972993)
(972916,972997)
(972916,973002)
(972916,973008)
(972916,973014)
(972916,973018)
(972916,973019)
(972916,973027)
(972916,973035)
(972916,973038)
(972916,973046)
(972916,973050)
(972920,972923)
(972920,972928)
(972920,972934)
(972920,972937)
(972920,972941)
(972920,972944)
(972920,972949)
(972920,972953)
(972920,972957)
(972920,972959)
(972920,972963)
(972920,972967)
(972920,972970)
(972920,972974)
(972920,972978)
(972920,972982)
(972920,972986)
(972920,972989)
(972920,972993)
(972920,972997)
(972920,973002)
(972920,973008)
(972920,973014)
(972920,973018)
(972920,973019)
(972920,973027)
(972920,973035)
(972920,973038)
(972920,973046)
(972920,973050)
(972923,972928)
(972923,972934)
(972923,972937)
(972923,972941)
(972923,972944)
(972923,972949)
(972923,972953)
(972923,972957)
(972923,972959)
(972923,972963)
(972923,972967)
(972923,972970)
(972923,972974)
(972923,972978)
(972923,972982)
(972923,972986)
(972923,972989)
(972923,972993)
(972923,972997)
(972923,973002)
(972923,973008)
(972923,973014)
(972923,973018)
(972923,973019)
(972923,973027)
(972923,973035)
(972923,973038)
(972923,973046)
(972923,973050)
(972928,972934)
(972928,972937)
(972928,972941)
(972928,972944)
(972928,972949)
(972928,972953)
(972928,972957)
(972928,972959)
(972928,972963)
(972928,972967)
(972928,972970)
(972928,972974)
(972928,972978)
(972928,972982)
(972928,972986)
(972928,972989)
(972928,972993)
(972928,972997)
(972928,973002)
(972928,973008)
(972928,973014)
(972928,973018)
(972928,973019)
(972928,973027)
(972928,973035)
(972928,973038)
(972928,973046)
(972928,973050)
(972934,972937)
(972934,972941)
(972934,972944)
(972934,972949)
(972934,972953)
(972934,972957)
(972934,972959)
(972934,972963)
(972934,972967)
(972934,972970)
(972934,972974)
(972934,972978)
(972934,972982)
(972934,972986)
(972934,972989)
(972934,972993)
(972934,972997)
(972934,973002)
(972934,973008)
(972934,973014)
(972934,973018)
(972934,973019)
(972934,973027)
(972934,973035)
(972934,973038)
(972934,973046)
(972934,973050)
(972937,972941)
(972937,972944)
(972937,972949)
(972937,972953)
(972937,972957)
(972937,972959)
(972937,972963)
(972937,972967)
(972937,972970)
(972937,972974)
(972937,972978)
(972937,972982)
(972937,972986)
(972937,972989)
(972937,972993)
(972937,972997)
(972937,973002)
(972937,973008)
(972937,973014)
(972937,973018)
(972937,973019)
(972937,973027)
(972937,973035)
(972937,973038)
(972937,973046)
(972937,973050)
(972941,972944)
(972941,972949)
(972941,972953)
(972941,972957)
(972941,972959)
(972941,972963)
(972941,972967)
(972941,972970)
(972941,972974)
(972941,972978)
(972941,972982)
(972941,972986)
(972941,972989)
(972941,972993)
(972941,972997)
(972941,973002)
(972941,973008)
(972941,973014)
(972941,973018)
(972941,973019)
(972941,973027)
(972941,973035)
(972941,973038)
(972941,973046)
(972941,973050)
(972944,972949)
(972944,972953)
(972944,972957)
(972944,972959)
(972944,972963)
(972944,972967)
(972944,972970)
(972944,972974)
(972944,972978)
(972944,972982)
(972944,972986)
(972944,972989)
(972944,972993)
(972944,972997)
(972944,973002)
(972944,973008)
(972944,973014)
(972944,973018)
(972944,973019)
(972944,973027)
(972944,973035)
(972944,973038)
(972944,973046)
(972944,973050)
(972949,972953)
(972949,972957)
(972949,972959)
(972949,972963)
(972949,972967)
(972949,972970)
(972949,972974)
(972949,972978)
(972949,972982)
(972949,972986)
(972949,972989)
(972949,972993)
(972949,972997)
(972949,973002)
(972949,973008)
(972949,973014)
(972949,973018)
(972949,973019)
(972949,973027)
(972949,973035)
(972949,973038)
(972949,973046)
(972949,973050)
(972953,972957)
(972953,972959)
(972953,972963)
(972953,972967)
(972953,972970)
(972953,972974)
(972953,972978)
(972953,972982)
(972953,972986)
(972953,972989)
(972953,972993)
(972953,972997)
(972953,973002)
(972953,973008)
(972953,973014)
(972953,973018)
(972953,973019)
(972953,973027)
(972953,973035)
(972953,973038)
(972953,973046)
(972953,973050)
(972957,972959)
(972957,972963)
(972957,972967)
(972957,972970)
(972957,972974)
(972957,972978)
(972957,972982)
(972957,972986)
(972957,972989)
(972957,972993)
(972957,972997)
(972957,973002)
(972957,973008)
(972957,973014)
(972957,973018)
(972957,973019)
(972957,973027)
(972957,973035)
(972957,973038)
(972957,973046)
(972957,973050)
(972959,972963)
(972959,972967)
(972959,972970)
(972959,972974)
(972959,972978)
(972959,972982)
(972959,972986)
(972959,972989)
(972959,972993)
(972959,972997)
(972959,973002)
(972959,973008)
(972959,973014)
(972959,973018)
(972959,973019)
(972959,973027)
(972959,973035)
(972959,973038)
(972959,973046)
(972959,973050)
(972963,972967)
(972963,972970)
(972963,972974)
(972963,972978)
(972963,972982)
(972963,972986)
(972963,972989)
(972963,972993)
(972963,972997)
(972963,973002)
(972963,973008)
(972963,973014)
(972963,973018)
(972963,973019)
(972963,973027)
(972963,973035)
(972963,973038)
(972963,973046)
(972963,973050)
(972967,972970)
(972967,972974)
(972967,972978)
(972967,972982)
(972967,972986)
(972967,972989)
(972967,972993)
(972967,972997)
(972967,973002)
(972967,973008)
(972967,973014)
(972967,973018)
(972967,973019)
(972967,973027)
(972967,973035)
(972967,973038)
(972967,973046)
(972967,973050)
(972970,972974)
(972970,972978)
(972970,972982)
(972970,972986)
(972970,972989)
(972970,972993)
(972970,972997)
(972970,973002)
(972970,973008)
(972970,973014)
(972970,973018)
(972970,973019)
(972970,973027)
(972970,973035)
(972970,973038)
(972970,973046)
(972970,973050)
(972974,972978)
(972974,972982)
(972974,972986)
(972974,972989)
(972974,972993)
(972974,972997)
(972974,973002)
(972974,973008)
(972974,973014)
(972974,973018)
(972974,973019)
(972974,973027)
(972974,973035)
(972974,973038)
(972974,973046)
(972974,973050)
(972978,972982)
(972978,972986)
(972978,972989)
(972978,972993)
(972978,972997)
(972978,973002)
(972978,973008)
(972978,973014)
(972978,973018)
(972978,973019)
(972978,973027)
(972978,973035)
(972978,973038)
(972978,973046)
(972978,973050)
(972982,972986)
(972982,972989)
(972982,972993)
(972982,972997)
(972982,973002)
(972982,973008)
(972982,973014)
(972982,973018)
(972982,973019)
(972982,973027)
(972982,973035)
(972982,973038)
(972982,973046)
(972982,973050)
(972986,972989)
(972986,972993)
(972986,972997)
(972986,973002)
(972986,973008)
(972986,973014)
(972986,973018)
(972986,973019)
(972986,973027)
(972986,973035)
(972986,973038)
(972986,973046)
(972986,973050)
(972989,972993)
(972989,972997)
(972989,973002)
(972989,973008)
(972989,973014)
(972989,973018)
(972989,973019)
(972989,973027)
(972989,973035)
(972989,973038)
(972989,973046)
(972989,973050)
(972993,972997)
(972993,973002)
(972993,973008)
(972993,973014)
(972993,973018)
(972993,973019)
(972993,973027)
(972993,973035)
(972993,973038)
(972993,973046)
(972993,973050)
(972997,973002)
(972997,973008)
(972997,973014)
(972997,973018)
(972997,973019)
(972997,973027)
(972997,973035)
(972997,973038)
(972997,973046)
(972997,973050)
(973002,973008)
(973002,973014)
(973002,973018)
(973002,973019)
(973002,973027)
(973002,973035)
(973002,973038)
(973002,973046)
(973002,973050)
(973008,973014)
(973008,973018)
(973008,973019)
(973008,973027)
(973008,973035)
(973008,973038)
(973008,973046)
(973008,973050)
(973014,973018)
(973014,973019)
(973014,973027)
(973014,973035)
(973014,973038)
(973014,973046)
(973014,973050)
(973018,973019)
(973018,973027)
(973018,973035)
(973018,973038)
(973018,973046)
(973018,973050)
(973019,973027)
(973019,973035)
(973019,973038)
(973019,973046)
(973019,973050)
(973027,973035)
(973027,973038)
(973027,973046)
(973027,973050)
(973035,973038)
(973035,973046)
(973035,973050)
(973038,973046)
(973038,973050)
(973046,973050)
(973232,973239)
(973248,973256)
(973261,973267)
(973271,973278)
(973271,973283)
(973278,973283)
(973343,973347)
(973359,973370)
