(1030870,1030871)
(1030870,1030874)
(1030870,1030876)
(1030870,1030883)
(1030870,1030892)
(1030870,1030893)
(1030870,1030898)
(1030870,1030903)
(1030870,1030907)
(1030870,1030911)
(1030870,1030915)
(1030870,1030918)
(1030870,1030923)
(1030870,1030927)
(1030870,1030930)
(1030870,1030933)
(1030870,1030939)
(1030870,1030940)
(1030870,1030942)
(1030870,1030946)
(1030870,1030950)
(1030870,1030953)
(1030870,1030957)
(1030870,1030960)
(1030870,1030964)
(1030871,1030874)
(1030871,1030876)
(1030871,1030883)
(1030871,1030892)
(1030871,1030893)
(1030871,1030898)
(1030871,1030903)
(1030871,1030907)
(1030871,1030911)
(1030871,1030915)
(1030871,1030918)
(1030871,1030923)
(1030871,1030927)
(1030871,1030930)
(1030871,1030933)
(1030871,1030939)
(1030871,1030940)
(1030871,1030942)
(1030871,1030946)
(1030871,1030950)
(1030871,1030953)
(1030871,1030957)
(1030871,1030960)
(1030871,1030964)
(1030874,1030876)
(1030874,1030883)
(1030874,1030892)
(1030874,1030893)
(1030874,1030898)
(1030874,1030903)
(1030874,1030907)
(1030874,1030911)
(1030874,1030915)
(1030874,1030918)
(1030874,1030923)
(1030874,1030927)
(1030874,1030930)
(1030874,1030933)
(1030874,1030939)
(1030874,1030940)
(1030874,1030942)
(1030874,1030946)
(1030874,1030950)
(1030874,1030953)
(1030874,1030957)
(1030874,1030960)
(1030874,1030964)
(1030876,1030883)
(1030876,1030892)
(1030876,1030893)
(1030876,1030898)
(1030876,1030903)
(1030876,1030907)
(1030876,1030911)
(1030876,1030915)
(1030876,1030918)
(1030876,1030923)
(1030876,1030927)
(1030876,1030930)
(1030876,1030933)
(1030876,1030939)
(1030876,1030940)
(1030876,1030942)
(1030876,1030946)
(1030876,1030950)
(1030876,1030953)
(1030876,1030957)
(1030876,1030960)
(1030876,1030964)
(1030883,1030892)
(1030883,1030893)
(1030883,1030898)
(1030883,1030903)
(1030883,1030907)
(1030883,1030911)
(1030883,1030915)
(1030883,1030918)
(1030883,1030923)
(1030883,1030927)
(1030883,1030930)
(1030883,1030933)
(1030883,1030939)
(1030883,1030940)
(1030883,1030942)
(1030883,1030946)
(1030883,1030950)
(1030883,1030953)
(1030883,1030957)
(1030883,1030960)
(1030883,1030964)
(1030892,1030893)
(1030892,1030898)
(1030892,1030903)
(1030892,1030907)
(1030892,1030911)
(1030892,1030915)
(1030892,1030918)
(1030892,1030923)
(1030892,1030927)
(1030892,1030930)
(1030892,1030933)
(1030892,1030939)
(1030892,1030940)
(1030892,1030942)
(1030892,1030946)
(1030892,1030950)
(1030892,1030953)
(1030892,1030957)
(1030892,1030960)
(1030892,1030964)
(1030893,1030898)
(1030893,1030903)
(1030893,1030907)
(1030893,1030911)
(1030893,1030915)
(1030893,1030918)
(1030893,1030923)
(1030893,1030927)
(1030893,1030930)
(1030893,1030933)
(1030893,1030939)
(1030893,1030940)
(1030893,1030942)
(1030893,1030946)
(1030893,1030950)
(1030893,1030953)
(1030893,1030957)
(1030893,1030960)
(1030893,1030964)
(1030898,1030903)
(1030898,1030907)
(1030898,1030911)
(1030898,1030915)
(1030898,1030918)
(1030898,1030923)
(1030898,1030927)
(1030898,1030930)
(1030898,1030933)
(1030898,1030939)
(1030898,1030940)
(1030898,1030942)
(1030898,1030946)
(1030898,1030950)
(1030898,1030953)
(1030898,1030957)
(1030898,1030960)
(1030898,1030964)
(1030903,1030907)
(1030903,1030911)
(1030903,1030915)
(1030903,1030918)
(1030903,1030923)
(1030903,1030927)
(1030903,1030930)
(1030903,1030933)
(1030903,1030939)
(1030903,1030940)
(1030903,1030942)
(1030903,1030946)
(1030903,1030950)
(1030903,1030953)
(1030903,1030957)
(1030903,1030960)
(1030903,1030964)
(1030907,1030911)
(1030907,1030915)
(1030907,1030918)
(1030907,1030923)
(1030907,1030927)
(1030907,1030930)
(1030907,1030933)
(1030907,1030939)
(1030907,1030940)
(1030907,1030942)
(1030907,1030946)
(1030907,1030950)
(1030907,1030953)
(1030907,1030957)
(1030907,1030960)
(1030907,1030964)
(1030911,1030915)
(1030911,1030918)
(1030911,1030923)
(1030911,1030927)
(1030911,1030930)
(1030911,1030933)
(1030911,1030939)
(1030911,1030940)
(1030911,1030942)
(1030911,1030946)
(1030911,1030950)
(1030911,1030953)
(1030911,1030957)
(1030911,1030960)
(1030911,1030964)
(1030915,1030918)
(1030915,1030923)
(1030915,1030927)
(1030915,1030930)
(1030915,1030933)
(1030915,1030939)
(1030915,1030940)
(1030915,1030942)
(1030915,1030946)
(1030915,1030950)
(1030915,1030953)
(1030915,1030957)
(1030915,1030960)
(1030915,1030964)
(1030918,1030923)
(1030918,1030927)
(1030918,1030930)
(1030918,1030933)
(1030918,1030939)
(1030918,1030940)
(1030918,1030942)
(1030918,1030946)
(1030918,1030950)
(1030918,1030953)
(1030918,1030957)
(1030918,1030960)
(1030918,1030964)
(1030923,1030927)
(1030923,1030930)
(1030923,1030933)
(1030923,1030939)
(1030923,1030940)
(1030923,1030942)
(1030923,1030946)
(1030923,1030950)
(1030923,1030953)
(1030923,1030957)
(1030923,1030960)
(1030923,1030964)
(1030927,1030930)
(1030927,1030933)
(1030927,1030939)
(1030927,1030940)
(1030927,1030942)
(1030927,1030946)
(1030927,1030950)
(1030927,1030953)
(1030927,1030957)
(1030927,1030960)
(1030927,1030964)
(1030930,1030933)
(1030930,1030939)
(1030930,1030940)
(1030930,1030942)
(1030930,1030946)
(1030930,1030950)
(1030930,1030953)
(1030930,1030957)
(1030930,1030960)
(1030930,1030964)
(1030933,1030939)
(1030933,1030940)
(1030933,1030942)
(1030933,1030946)
(1030933,1030950)
(1030933,1030953)
(1030933,1030957)
(1030933,1030960)
(1030933,1030964)
(1030939,1030940)
(1030939,1030942)
(1030939,1030946)
(1030939,1030950)
(1030939,1030953)
(1030939,1030957)
(1030939,1030960)
(1030939,1030964)
(1030940,1030942)
(1030940,1030946)
(1030940,1030950)
(1030940,1030953)
(1030940,1030957)
(1030940,1030960)
(1030940,1030964)
(1030942,1030946)
(1030942,1030950)
(1030942,1030953)
(1030942,1030957)
(1030942,1030960)
(1030942,1030964)
(1030946,1030950)
(1030946,1030953)
(1030946,1030957)
(1030946,1030960)
(1030946,1030964)
(1030950,1030953)
(1030950,1030957)
(1030950,1030960)
(1030950,1030964)
(1030953,1030957)
(1030953,1030960)
(1030953,1030964)
(1030957,1030960)
(1030957,1030964)
(1030960,1030964)
(1030967,1030968)
(1030967,1030971)
(1030967,1030976)
(1030967,1030979)
(1030967,1030982)
(1030967,1030986)
(1030967,1030993)
(1030968,1030971)
(1030968,1030976)
(1030968,1030979)
(1030968,1030982)
(1030968,1030986)
(1030968,1030993)
(1030971,1030976)
(1030971,1030979)
(1030971,1030982)
(1030971,1030986)
(1030971,1030993)
(1030976,1030979)
(1030976,1030982)
(1030976,1030986)
(1030976,1030993)
(1030979,1030982)
(1030979,1030986)
(1030979,1030993)
(1030982,1030986)
(1030982,1030993)
(1030986,1030993)
(1030995,1030998)
(1030995,1031001)
(1030995,1031004)
(1030995,1031009)
(1030995,1031011)
(1030995,1031015)
(1030995,1031019)
(1030995,1031025)
(1030995,1031031)
(1030995,1031035)
(1030995,1031037)
(1030995,1031043)
(1030995,1031046)
(1030995,1031052)
(1030995,1031059)
(1030995,1031061)
(1030995,1031069)
(1030995,1031072)
(1030995,1031076)
(1030995,1031081)
(1030995,1031083)
(1030995,1031089)
(1030995,1031095)
(1030995,1031097)
(1030995,1031100)
(1030995,1031103)
(1030995,1031108)
(1030995,1031110)
(1030995,1031112)
(1030995,1031116)
(1030995,1031118)
(1030995,1031122)
(1030995,1031123)
(1030995,1031129)
(1030995,1031133)
(1030995,1031135)
(1030995,1031136)
(1030995,1031144)
(1030995,1031148)
(1030995,1031149)
(1030995,1031156)
(1030995,1031161)
(1030995,1031164)
(1030995,1031168)
(1030995,1031174)
(1030995,1031179)
(1030995,1031182)
(1030995,1031188)
(1030995,1031193)
(1030995,1031200)
(1030995,1031205)
(1030995,1031207)
(1030995,1031213)
(1030995,1031219)
(1030995,1031224)
(1030995,1031231)
(1030995,1031234)
(1030995,1031243)
(1030995,1031250)
(1030995,1031255)
(1030995,1031259)
(1030995,1031263)
(1030995,1031270)
(1030998,1031001)
(1030998,1031004)
(1030998,1031009)
(1030998,1031011)
(1030998,1031015)
(1030998,1031019)
(1030998,1031025)
(1030998,1031031)
(1030998,1031035)
(1030998,1031037)
(1030998,1031043)
(1030998,1031046)
(1030998,1031052)
(1030998,1031059)
(1030998,1031061)
(1030998,1031069)
(1030998,1031072)
(1030998,1031076)
(1030998,1031081)
(1030998,1031083)
(1030998,1031089)
(1030998,1031095)
(1030998,1031097)
(1030998,1031100)
(1030998,1031103)
(1030998,1031108)
(1030998,1031110)
(1030998,1031112)
(1030998,1031116)
(1030998,1031118)
(1030998,1031122)
(1030998,1031123)
(1030998,1031129)
(1030998,1031133)
(1030998,1031135)
(1030998,1031136)
(1030998,1031144)
(1030998,1031148)
(1030998,1031149)
(1030998,1031156)
(1030998,1031161)
(1030998,1031164)
(1030998,1031168)
(1030998,1031174)
(1030998,1031179)
(1030998,1031182)
(1030998,1031188)
(1030998,1031193)
(1030998,1031200)
(1030998,1031205)
(1030998,1031207)
(1030998,1031213)
(1030998,1031219)
(1030998,1031224)
(1030998,1031231)
(1030998,1031234)
(1030998,1031243)
(1030998,1031250)
(1030998,1031255)
(1030998,1031259)
(1030998,1031263)
(1030998,1031270)
(1031001,1031004)
(1031001,1031009)
(1031001,1031011)
(1031001,1031015)
(1031001,1031019)
(1031001,1031025)
(1031001,1031031)
(1031001,1031035)
(1031001,1031037)
(1031001,1031043)
(1031001,1031046)
(1031001,1031052)
(1031001,1031059)
(1031001,1031061)
(1031001,1031069)
(1031001,1031072)
(1031001,1031076)
(1031001,1031081)
(1031001,1031083)
(1031001,1031089)
(1031001,1031095)
(1031001,1031097)
(1031001,1031100)
(1031001,1031103)
(1031001,1031108)
(1031001,1031110)
(1031001,1031112)
(1031001,1031116)
(1031001,1031118)
(1031001,1031122)
(1031001,1031123)
(1031001,1031129)
(1031001,1031133)
(1031001,1031135)
(1031001,1031136)
(1031001,1031144)
(1031001,1031148)
(1031001,1031149)
(1031001,1031156)
(1031001,1031161)
(1031001,1031164)
(1031001,1031168)
(1031001,1031174)
(1031001,1031179)
(1031001,1031182)
(1031001,1031188)
(1031001,1031193)
(1031001,1031200)
(1031001,1031205)
(1031001,1031207)
(1031001,1031213)
(1031001,1031219)
(1031001,1031224)
(1031001,1031231)
(1031001,1031234)
(1031001,1031243)
(1031001,1031250)
(1031001,1031255)
(1031001,1031259)
(1031001,1031263)
(1031001,1031270)
(1031004,1031009)
(1031004,1031011)
(1031004,1031015)
(1031004,1031019)
(1031004,1031025)
(1031004,1031031)
(1031004,1031035)
(1031004,1031037)
(1031004,1031043)
(1031004,1031046)
(1031004,1031052)
(1031004,1031059)
(1031004,1031061)
(1031004,1031069)
(1031004,1031072)
(1031004,1031076)
(1031004,1031081)
(1031004,1031083)
(1031004,1031089)
(1031004,1031095)
(1031004,1031097)
(1031004,1031100)
(1031004,1031103)
(1031004,1031108)
(1031004,1031110)
(1031004,1031112)
(1031004,1031116)
(1031004,1031118)
(1031004,1031122)
(1031004,1031123)
(1031004,1031129)
(1031004,1031133)
(1031004,1031135)
(1031004,1031136)
(1031004,1031144)
(1031004,1031148)
(1031004,1031149)
(1031004,1031156)
(1031004,1031161)
(1031004,1031164)
(1031004,1031168)
(1031004,1031174)
(1031004,1031179)
(1031004,1031182)
(1031004,1031188)
(1031004,1031193)
(1031004,1031200)
(1031004,1031205)
(1031004,1031207)
(1031004,1031213)
(1031004,1031219)
(1031004,1031224)
(1031004,1031231)
(1031004,1031234)
(1031004,1031243)
(1031004,1031250)
(1031004,1031255)
(1031004,1031259)
(1031004,1031263)
(1031004,1031270)
(1031009,1031011)
(1031009,1031015)
(1031009,1031019)
(1031009,1031025)
(1031009,1031031)
(1031009,1031035)
(1031009,1031037)
(1031009,1031043)
(1031009,1031046)
(1031009,1031052)
(1031009,1031059)
(1031009,1031061)
(1031009,1031069)
(1031009,1031072)
(1031009,1031076)
(1031009,1031081)
(1031009,1031083)
(1031009,1031089)
(1031009,1031095)
(1031009,1031097)
(1031009,1031100)
(1031009,1031103)
(1031009,1031108)
(1031009,1031110)
(1031009,1031112)
(1031009,1031116)
(1031009,1031118)
(1031009,1031122)
(1031009,1031123)
(1031009,1031129)
(1031009,1031133)
(1031009,1031135)
(1031009,1031136)
(1031009,1031144)
(1031009,1031148)
(1031009,1031149)
(1031009,1031156)
(1031009,1031161)
(1031009,1031164)
(1031009,1031168)
(1031009,1031174)
(1031009,1031179)
(1031009,1031182)
(1031009,1031188)
(1031009,1031193)
(1031009,1031200)
(1031009,1031205)
(1031009,1031207)
(1031009,1031213)
(1031009,1031219)
(1031009,1031224)
(1031009,1031231)
(1031009,1031234)
(1031009,1031243)
(1031009,1031250)
(1031009,1031255)
(1031009,1031259)
(1031009,1031263)
(1031009,1031270)
(1031011,1031015)
(1031011,1031019)
(1031011,1031025)
(1031011,1031031)
(1031011,1031035)
(1031011,1031037)
(1031011,1031043)
(1031011,1031046)
(1031011,1031052)
(1031011,1031059)
(1031011,1031061)
(1031011,1031069)
(1031011,1031072)
(1031011,1031076)
(1031011,1031081)
(1031011,1031083)
(1031011,1031089)
(1031011,1031095)
(1031011,1031097)
(1031011,1031100)
(1031011,1031103)
(1031011,1031108)
(1031011,1031110)
(1031011,1031112)
(1031011,1031116)
(1031011,1031118)
(1031011,1031122)
(1031011,1031123)
(1031011,1031129)
(1031011,1031133)
(1031011,1031135)
(1031011,1031136)
(1031011,1031144)
(1031011,1031148)
(1031011,1031149)
(1031011,1031156)
(1031011,1031161)
(1031011,1031164)
(1031011,1031168)
(1031011,1031174)
(1031011,1031179)
(1031011,1031182)
(1031011,1031188)
(1031011,1031193)
(1031011,1031200)
(1031011,1031205)
(1031011,1031207)
(1031011,1031213)
(1031011,1031219)
(1031011,1031224)
(1031011,1031231)
(1031011,1031234)
(1031011,1031243)
(1031011,1031250)
(1031011,1031255)
(1031011,1031259)
(1031011,1031263)
(1031011,1031270)
(1031015,1031019)
(1031015,1031025)
(1031015,1031031)
(1031015,1031035)
(1031015,1031037)
(1031015,1031043)
(1031015,1031046)
(1031015,1031052)
(1031015,1031059)
(1031015,1031061)
(1031015,1031069)
(1031015,1031072)
(1031015,1031076)
(1031015,1031081)
(1031015,1031083)
(1031015,1031089)
(1031015,1031095)
(1031015,1031097)
(1031015,1031100)
(1031015,1031103)
(1031015,1031108)
(1031015,1031110)
(1031015,1031112)
(1031015,1031116)
(1031015,1031118)
(1031015,1031122)
(1031015,1031123)
(1031015,1031129)
(1031015,1031133)
(1031015,1031135)
(1031015,1031136)
(1031015,1031144)
(1031015,1031148)
(1031015,1031149)
(1031015,1031156)
(1031015,1031161)
(1031015,1031164)
(1031015,1031168)
(1031015,1031174)
(1031015,1031179)
(1031015,1031182)
(1031015,1031188)
(1031015,1031193)
(1031015,1031200)
(1031015,1031205)
(1031015,1031207)
(1031015,1031213)
(1031015,1031219)
(1031015,1031224)
(1031015,1031231)
(1031015,1031234)
(1031015,1031243)
(1031015,1031250)
(1031015,1031255)
(1031015,1031259)
(1031015,1031263)
(1031015,1031270)
(1031019,1031025)
(1031019,1031031)
(1031019,1031035)
(1031019,1031037)
(1031019,1031043)
(1031019,1031046)
(1031019,1031052)
(1031019,1031059)
(1031019,1031061)
(1031019,1031069)
(1031019,1031072)
(1031019,1031076)
(1031019,1031081)
(1031019,1031083)
(1031019,1031089)
(1031019,1031095)
(1031019,1031097)
(1031019,1031100)
(1031019,1031103)
(1031019,1031108)
(1031019,1031110)
(1031019,1031112)
(1031019,1031116)
(1031019,1031118)
(1031019,1031122)
(1031019,1031123)
(1031019,1031129)
(1031019,1031133)
(1031019,1031135)
(1031019,1031136)
(1031019,1031144)
(1031019,1031148)
(1031019,1031149)
(1031019,1031156)
(1031019,1031161)
(1031019,1031164)
(1031019,1031168)
(1031019,1031174)
(1031019,1031179)
(1031019,1031182)
(1031019,1031188)
(1031019,1031193)
(1031019,1031200)
(1031019,1031205)
(1031019,1031207)
(1031019,1031213)
(1031019,1031219)
(1031019,1031224)
(1031019,1031231)
(1031019,1031234)
(1031019,1031243)
(1031019,1031250)
(1031019,1031255)
(1031019,1031259)
(1031019,1031263)
(1031019,1031270)
(1031025,1031031)
(1031025,1031035)
(1031025,1031037)
(1031025,1031043)
(1031025,1031046)
(1031025,1031052)
(1031025,1031059)
(1031025,1031061)
(1031025,1031069)
(1031025,1031072)
(1031025,1031076)
(1031025,1031081)
(1031025,1031083)
(1031025,1031089)
(1031025,1031095)
(1031025,1031097)
(1031025,1031100)
(1031025,1031103)
(1031025,1031108)
(1031025,1031110)
(1031025,1031112)
(1031025,1031116)
(1031025,1031118)
(1031025,1031122)
(1031025,1031123)
(1031025,1031129)
(1031025,1031133)
(1031025,1031135)
(1031025,1031136)
(1031025,1031144)
(1031025,1031148)
(1031025,1031149)
(1031025,1031156)
(1031025,1031161)
(1031025,1031164)
(1031025,1031168)
(1031025,1031174)
(1031025,1031179)
(1031025,1031182)
(1031025,1031188)
(1031025,1031193)
(1031025,1031200)
(1031025,1031205)
(1031025,1031207)
(1031025,1031213)
(1031025,1031219)
(1031025,1031224)
(1031025,1031231)
(1031025,1031234)
(1031025,1031243)
(1031025,1031250)
(1031025,1031255)
(1031025,1031259)
(1031025,1031263)
(1031025,1031270)
(1031031,1031035)
(1031031,1031037)
(1031031,1031043)
(1031031,1031046)
(1031031,1031052)
(1031031,1031059)
(1031031,1031061)
(1031031,1031069)
(1031031,1031072)
(1031031,1031076)
(1031031,1031081)
(1031031,1031083)
(1031031,1031089)
(1031031,1031095)
(1031031,1031097)
(1031031,1031100)
(1031031,1031103)
(1031031,1031108)
(1031031,1031110)
(1031031,1031112)
(1031031,1031116)
(1031031,1031118)
(1031031,1031122)
(1031031,1031123)
(1031031,1031129)
(1031031,1031133)
(1031031,1031135)
(1031031,1031136)
(1031031,1031144)
(1031031,1031148)
(1031031,1031149)
(1031031,1031156)
(1031031,1031161)
(1031031,1031164)
(1031031,1031168)
(1031031,1031174)
(1031031,1031179)
(1031031,1031182)
(1031031,1031188)
(1031031,1031193)
(1031031,1031200)
(1031031,1031205)
(1031031,1031207)
(1031031,1031213)
(1031031,1031219)
(1031031,1031224)
(1031031,1031231)
(1031031,1031234)
(1031031,1031243)
(1031031,1031250)
(1031031,1031255)
(1031031,1031259)
(1031031,1031263)
(1031031,1031270)
(1031035,1031037)
(1031035,1031043)
(1031035,1031046)
(1031035,1031052)
(1031035,1031059)
(1031035,1031061)
(1031035,1031069)
(1031035,1031072)
(1031035,1031076)
(1031035,1031081)
(1031035,1031083)
(1031035,1031089)
(1031035,1031095)
(1031035,1031097)
(1031035,1031100)
(1031035,1031103)
(1031035,1031108)
(1031035,1031110)
(1031035,1031112)
(1031035,1031116)
(1031035,1031118)
(1031035,1031122)
(1031035,1031123)
(1031035,1031129)
(1031035,1031133)
(1031035,1031135)
(1031035,1031136)
(1031035,1031144)
(1031035,1031148)
(1031035,1031149)
(1031035,1031156)
(1031035,1031161)
(1031035,1031164)
(1031035,1031168)
(1031035,1031174)
(1031035,1031179)
(1031035,1031182)
(1031035,1031188)
(1031035,1031193)
(1031035,1031200)
(1031035,1031205)
(1031035,1031207)
(1031035,1031213)
(1031035,1031219)
(1031035,1031224)
(1031035,1031231)
(1031035,1031234)
(1031035,1031243)
(1031035,1031250)
(1031035,1031255)
(1031035,1031259)
(1031035,1031263)
(1031035,1031270)
(1031037,1031043)
(1031037,1031046)
(1031037,1031052)
(1031037,1031059)
(1031037,1031061)
(1031037,1031069)
(1031037,1031072)
(1031037,1031076)
(1031037,1031081)
(1031037,1031083)
(1031037,1031089)
(1031037,1031095)
(1031037,1031097)
(1031037,1031100)
(1031037,1031103)
(1031037,1031108)
(1031037,1031110)
(1031037,1031112)
(1031037,1031116)
(1031037,1031118)
(1031037,1031122)
(1031037,1031123)
(1031037,1031129)
(1031037,1031133)
(1031037,1031135)
(1031037,1031136)
(1031037,1031144)
(1031037,1031148)
(1031037,1031149)
(1031037,1031156)
(1031037,1031161)
(1031037,1031164)
(1031037,1031168)
(1031037,1031174)
(1031037,1031179)
(1031037,1031182)
(1031037,1031188)
(1031037,1031193)
(1031037,1031200)
(1031037,1031205)
(1031037,1031207)
(1031037,1031213)
(1031037,1031219)
(1031037,1031224)
(1031037,1031231)
(1031037,1031234)
(1031037,1031243)
(1031037,1031250)
(1031037,1031255)
(1031037,1031259)
(1031037,1031263)
(1031037,1031270)
(1031043,1031046)
(1031043,1031052)
(1031043,1031059)
(1031043,1031061)
(1031043,1031069)
(1031043,1031072)
(1031043,1031076)
(1031043,1031081)
(1031043,1031083)
(1031043,1031089)
(1031043,1031095)
(1031043,1031097)
(1031043,1031100)
(1031043,1031103)
(1031043,1031108)
(1031043,1031110)
(1031043,1031112)
(1031043,1031116)
(1031043,1031118)
(1031043,1031122)
(1031043,1031123)
(1031043,1031129)
(1031043,1031133)
(1031043,1031135)
(1031043,1031136)
(1031043,1031144)
(1031043,1031148)
(1031043,1031149)
(1031043,1031156)
(1031043,1031161)
(1031043,1031164)
(1031043,1031168)
(1031043,1031174)
(1031043,1031179)
(1031043,1031182)
(1031043,1031188)
(1031043,1031193)
(1031043,1031200)
(1031043,1031205)
(1031043,1031207)
(1031043,1031213)
(1031043,1031219)
(1031043,1031224)
(1031043,1031231)
(1031043,1031234)
(1031043,1031243)
(1031043,1031250)
(1031043,1031255)
(1031043,1031259)
(1031043,1031263)
(1031043,1031270)
(1031046,1031052)
(1031046,1031059)
(1031046,1031061)
(1031046,1031069)
(1031046,1031072)
(1031046,1031076)
(1031046,1031081)
(1031046,1031083)
(1031046,1031089)
(1031046,1031095)
(1031046,1031097)
(1031046,1031100)
(1031046,1031103)
(1031046,1031108)
(1031046,1031110)
(1031046,1031112)
(1031046,1031116)
(1031046,1031118)
(1031046,1031122)
(1031046,1031123)
(1031046,1031129)
(1031046,1031133)
(1031046,1031135)
(1031046,1031136)
(1031046,1031144)
(1031046,1031148)
(1031046,1031149)
(1031046,1031156)
(1031046,1031161)
(1031046,1031164)
(1031046,1031168)
(1031046,1031174)
(1031046,1031179)
(1031046,1031182)
(1031046,1031188)
(1031046,1031193)
(1031046,1031200)
(1031046,1031205)
(1031046,1031207)
(1031046,1031213)
(1031046,1031219)
(1031046,1031224)
(1031046,1031231)
(1031046,1031234)
(1031046,1031243)
(1031046,1031250)
(1031046,1031255)
(1031046,1031259)
(1031046,1031263)
(1031046,1031270)
(1031052,1031059)
(1031052,1031061)
(1031052,1031069)
(1031052,1031072)
(1031052,1031076)
(1031052,1031081)
(1031052,1031083)
(1031052,1031089)
(1031052,1031095)
(1031052,1031097)
(1031052,1031100)
(1031052,1031103)
(1031052,1031108)
(1031052,1031110)
(1031052,1031112)
(1031052,1031116)
(1031052,1031118)
(1031052,1031122)
(1031052,1031123)
(1031052,1031129)
(1031052,1031133)
(1031052,1031135)
(1031052,1031136)
(1031052,1031144)
(1031052,1031148)
(1031052,1031149)
(1031052,1031156)
(1031052,1031161)
(1031052,1031164)
(1031052,1031168)
(1031052,1031174)
(1031052,1031179)
(1031052,1031182)
(1031052,1031188)
(1031052,1031193)
(1031052,1031200)
(1031052,1031205)
(1031052,1031207)
(1031052,1031213)
(1031052,1031219)
(1031052,1031224)
(1031052,1031231)
(1031052,1031234)
(1031052,1031243)
(1031052,1031250)
(1031052,1031255)
(1031052,1031259)
(1031052,1031263)
(1031052,1031270)
(1031059,1031061)
(1031059,1031069)
(1031059,1031072)
(1031059,1031076)
(1031059,1031081)
(1031059,1031083)
(1031059,1031089)
(1031059,1031095)
(1031059,1031097)
(1031059,1031100)
(1031059,1031103)
(1031059,1031108)
(1031059,1031110)
(1031059,1031112)
(1031059,1031116)
(1031059,1031118)
(1031059,1031122)
(1031059,1031123)
(1031059,1031129)
(1031059,1031133)
(1031059,1031135)
(1031059,1031136)
(1031059,1031144)
(1031059,1031148)
(1031059,1031149)
(1031059,1031156)
(1031059,1031161)
(1031059,1031164)
(1031059,1031168)
(1031059,1031174)
(1031059,1031179)
(1031059,1031182)
(1031059,1031188)
(1031059,1031193)
(1031059,1031200)
(1031059,1031205)
(1031059,1031207)
(1031059,1031213)
(1031059,1031219)
(1031059,1031224)
(1031059,1031231)
(1031059,1031234)
(1031059,1031243)
(1031059,1031250)
(1031059,1031255)
(1031059,1031259)
(1031059,1031263)
(1031059,1031270)
(1031061,1031069)
(1031061,1031072)
(1031061,1031076)
(1031061,1031081)
(1031061,1031083)
(1031061,1031089)
(1031061,1031095)
(1031061,1031097)
(1031061,1031100)
(1031061,1031103)
(1031061,1031108)
(1031061,1031110)
(1031061,1031112)
(1031061,1031116)
(1031061,1031118)
(1031061,1031122)
(1031061,1031123)
(1031061,1031129)
(1031061,1031133)
(1031061,1031135)
(1031061,1031136)
(1031061,1031144)
(1031061,1031148)
(1031061,1031149)
(1031061,1031156)
(1031061,1031161)
(1031061,1031164)
(1031061,1031168)
(1031061,1031174)
(1031061,1031179)
(1031061,1031182)
(1031061,1031188)
(1031061,1031193)
(1031061,1031200)
(1031061,1031205)
(1031061,1031207)
(1031061,1031213)
(1031061,1031219)
(1031061,1031224)
(1031061,1031231)
(1031061,1031234)
(1031061,1031243)
(1031061,1031250)
(1031061,1031255)
(1031061,1031259)
(1031061,1031263)
(1031061,1031270)
(1031069,1031072)
(1031069,1031076)
(1031069,1031081)
(1031069,1031083)
(1031069,1031089)
(1031069,1031095)
(1031069,1031097)
(1031069,1031100)
(1031069,1031103)
(1031069,1031108)
(1031069,1031110)
(1031069,1031112)
(1031069,1031116)
(1031069,1031118)
(1031069,1031122)
(1031069,1031123)
(1031069,1031129)
(1031069,1031133)
(1031069,1031135)
(1031069,1031136)
(1031069,1031144)
(1031069,1031148)
(1031069,1031149)
(1031069,1031156)
(1031069,1031161)
(1031069,1031164)
(1031069,1031168)
(1031069,1031174)
(1031069,1031179)
(1031069,1031182)
(1031069,1031188)
(1031069,1031193)
(1031069,1031200)
(1031069,1031205)
(1031069,1031207)
(1031069,1031213)
(1031069,1031219)
(1031069,1031224)
(1031069,1031231)
(1031069,1031234)
(1031069,1031243)
(1031069,1031250)
(1031069,1031255)
(1031069,1031259)
(1031069,1031263)
(1031069,1031270)
(1031072,1031076)
(1031072,1031081)
(1031072,1031083)
(1031072,1031089)
(1031072,1031095)
(1031072,1031097)
(1031072,1031100)
(1031072,1031103)
(1031072,1031108)
(1031072,1031110)
(1031072,1031112)
(1031072,1031116)
(1031072,1031118)
(1031072,1031122)
(1031072,1031123)
(1031072,1031129)
(1031072,1031133)
(1031072,1031135)
(1031072,1031136)
(1031072,1031144)
(1031072,1031148)
(1031072,1031149)
(1031072,1031156)
(1031072,1031161)
(1031072,1031164)
(1031072,1031168)
(1031072,1031174)
(1031072,1031179)
(1031072,1031182)
(1031072,1031188)
(1031072,1031193)
(1031072,1031200)
(1031072,1031205)
(1031072,1031207)
(1031072,1031213)
(1031072,1031219)
(1031072,1031224)
(1031072,1031231)
(1031072,1031234)
(1031072,1031243)
(1031072,1031250)
(1031072,1031255)
(1031072,1031259)
(1031072,1031263)
(1031072,1031270)
(1031076,1031081)
(1031076,1031083)
(1031076,1031089)
(1031076,1031095)
(1031076,1031097)
(1031076,1031100)
(1031076,1031103)
(1031076,1031108)
(1031076,1031110)
(1031076,1031112)
(1031076,1031116)
(1031076,1031118)
(1031076,1031122)
(1031076,1031123)
(1031076,1031129)
(1031076,1031133)
(1031076,1031135)
(1031076,1031136)
(1031076,1031144)
(1031076,1031148)
(1031076,1031149)
(1031076,1031156)
(1031076,1031161)
(1031076,1031164)
(1031076,1031168)
(1031076,1031174)
(1031076,1031179)
(1031076,1031182)
(1031076,1031188)
(1031076,1031193)
(1031076,1031200)
(1031076,1031205)
(1031076,1031207)
(1031076,1031213)
(1031076,1031219)
(1031076,1031224)
(1031076,1031231)
(1031076,1031234)
(1031076,1031243)
(1031076,1031250)
(1031076,1031255)
(1031076,1031259)
(1031076,1031263)
(1031076,1031270)
(1031081,1031083)
(1031081,1031089)
(1031081,1031095)
(1031081,1031097)
(1031081,1031100)
(1031081,1031103)
(1031081,1031108)
(1031081,1031110)
(1031081,1031112)
(1031081,1031116)
(1031081,1031118)
(1031081,1031122)
(1031081,1031123)
(1031081,1031129)
(1031081,1031133)
(1031081,1031135)
(1031081,1031136)
(1031081,1031144)
(1031081,1031148)
(1031081,1031149)
(1031081,1031156)
(1031081,1031161)
(1031081,1031164)
(1031081,1031168)
(1031081,1031174)
(1031081,1031179)
(1031081,1031182)
(1031081,1031188)
(1031081,1031193)
(1031081,1031200)
(1031081,1031205)
(1031081,1031207)
(1031081,1031213)
(1031081,1031219)
(1031081,1031224)
(1031081,1031231)
(1031081,1031234)
(1031081,1031243)
(1031081,1031250)
(1031081,1031255)
(1031081,1031259)
(1031081,1031263)
(1031081,1031270)
(1031083,1031089)
(1031083,1031095)
(1031083,1031097)
(1031083,1031100)
(1031083,1031103)
(1031083,1031108)
(1031083,1031110)
(1031083,1031112)
(1031083,1031116)
(1031083,1031118)
(1031083,1031122)
(1031083,1031123)
(1031083,1031129)
(1031083,1031133)
(1031083,1031135)
(1031083,1031136)
(1031083,1031144)
(1031083,1031148)
(1031083,1031149)
(1031083,1031156)
(1031083,1031161)
(1031083,1031164)
(1031083,1031168)
(1031083,1031174)
(1031083,1031179)
(1031083,1031182)
(1031083,1031188)
(1031083,1031193)
(1031083,1031200)
(1031083,1031205)
(1031083,1031207)
(1031083,1031213)
(1031083,1031219)
(1031083,1031224)
(1031083,1031231)
(1031083,1031234)
(1031083,1031243)
(1031083,1031250)
(1031083,1031255)
(1031083,1031259)
(1031083,1031263)
(1031083,1031270)
(1031089,1031095)
(1031089,1031097)
(1031089,1031100)
(1031089,1031103)
(1031089,1031108)
(1031089,1031110)
(1031089,1031112)
(1031089,1031116)
(1031089,1031118)
(1031089,1031122)
(1031089,1031123)
(1031089,1031129)
(1031089,1031133)
(1031089,1031135)
(1031089,1031136)
(1031089,1031144)
(1031089,1031148)
(1031089,1031149)
(1031089,1031156)
(1031089,1031161)
(1031089,1031164)
(1031089,1031168)
(1031089,1031174)
(1031089,1031179)
(1031089,1031182)
(1031089,1031188)
(1031089,1031193)
(1031089,1031200)
(1031089,1031205)
(1031089,1031207)
(1031089,1031213)
(1031089,1031219)
(1031089,1031224)
(1031089,1031231)
(1031089,1031234)
(1031089,1031243)
(1031089,1031250)
(1031089,1031255)
(1031089,1031259)
(1031089,1031263)
(1031089,1031270)
(1031095,1031097)
(1031095,1031100)
(1031095,1031103)
(1031095,1031108)
(1031095,1031110)
(1031095,1031112)
(1031095,1031116)
(1031095,1031118)
(1031095,1031122)
(1031095,1031123)
(1031095,1031129)
(1031095,1031133)
(1031095,1031135)
(1031095,1031136)
(1031095,1031144)
(1031095,1031148)
(1031095,1031149)
(1031095,1031156)
(1031095,1031161)
(1031095,1031164)
(1031095,1031168)
(1031095,1031174)
(1031095,1031179)
(1031095,1031182)
(1031095,1031188)
(1031095,1031193)
(1031095,1031200)
(1031095,1031205)
(1031095,1031207)
(1031095,1031213)
(1031095,1031219)
(1031095,1031224)
(1031095,1031231)
(1031095,1031234)
(1031095,1031243)
(1031095,1031250)
(1031095,1031255)
(1031095,1031259)
(1031095,1031263)
(1031095,1031270)
(1031097,1031100)
(1031097,1031103)
(1031097,1031108)
(1031097,1031110)
(1031097,1031112)
(1031097,1031116)
(1031097,1031118)
(1031097,1031122)
(1031097,1031123)
(1031097,1031129)
(1031097,1031133)
(1031097,1031135)
(1031097,1031136)
(1031097,1031144)
(1031097,1031148)
(1031097,1031149)
(1031097,1031156)
(1031097,1031161)
(1031097,1031164)
(1031097,1031168)
(1031097,1031174)
(1031097,1031179)
(1031097,1031182)
(1031097,1031188)
(1031097,1031193)
(1031097,1031200)
(1031097,1031205)
(1031097,1031207)
(1031097,1031213)
(1031097,1031219)
(1031097,1031224)
(1031097,1031231)
(1031097,1031234)
(1031097,1031243)
(1031097,1031250)
(1031097,1031255)
(1031097,1031259)
(1031097,1031263)
(1031097,1031270)
(1031100,1031103)
(1031100,1031108)
(1031100,1031110)
(1031100,1031112)
(1031100,1031116)
(1031100,1031118)
(1031100,1031122)
(1031100,1031123)
(1031100,1031129)
(1031100,1031133)
(1031100,1031135)
(1031100,1031136)
(1031100,1031144)
(1031100,1031148)
(1031100,1031149)
(1031100,1031156)
(1031100,1031161)
(1031100,1031164)
(1031100,1031168)
(1031100,1031174)
(1031100,1031179)
(1031100,1031182)
(1031100,1031188)
(1031100,1031193)
(1031100,1031200)
(1031100,1031205)
(1031100,1031207)
(1031100,1031213)
(1031100,1031219)
(1031100,1031224)
(1031100,1031231)
(1031100,1031234)
(1031100,1031243)
(1031100,1031250)
(1031100,1031255)
(1031100,1031259)
(1031100,1031263)
(1031100,1031270)
(1031103,1031108)
(1031103,1031110)
(1031103,1031112)
(1031103,1031116)
(1031103,1031118)
(1031103,1031122)
(1031103,1031123)
(1031103,1031129)
(1031103,1031133)
(1031103,1031135)
(1031103,1031136)
(1031103,1031144)
(1031103,1031148)
(1031103,1031149)
(1031103,1031156)
(1031103,1031161)
(1031103,1031164)
(1031103,1031168)
(1031103,1031174)
(1031103,1031179)
(1031103,1031182)
(1031103,1031188)
(1031103,1031193)
(1031103,1031200)
(1031103,1031205)
(1031103,1031207)
(1031103,1031213)
(1031103,1031219)
(1031103,1031224)
(1031103,1031231)
(1031103,1031234)
(1031103,1031243)
(1031103,1031250)
(1031103,1031255)
(1031103,1031259)
(1031103,1031263)
(1031103,1031270)
(1031108,1031110)
(1031108,1031112)
(1031108,1031116)
(1031108,1031118)
(1031108,1031122)
(1031108,1031123)
(1031108,1031129)
(1031108,1031133)
(1031108,1031135)
(1031108,1031136)
(1031108,1031144)
(1031108,1031148)
(1031108,1031149)
(1031108,1031156)
(1031108,1031161)
(1031108,1031164)
(1031108,1031168)
(1031108,1031174)
(1031108,1031179)
(1031108,1031182)
(1031108,1031188)
(1031108,1031193)
(1031108,1031200)
(1031108,1031205)
(1031108,1031207)
(1031108,1031213)
(1031108,1031219)
(1031108,1031224)
(1031108,1031231)
(1031108,1031234)
(1031108,1031243)
(1031108,1031250)
(1031108,1031255)
(1031108,1031259)
(1031108,1031263)
(1031108,1031270)
(1031110,1031112)
(1031110,1031116)
(1031110,1031118)
(1031110,1031122)
(1031110,1031123)
(1031110,1031129)
(1031110,1031133)
(1031110,1031135)
(1031110,1031136)
(1031110,1031144)
(1031110,1031148)
(1031110,1031149)
(1031110,1031156)
(1031110,1031161)
(1031110,1031164)
(1031110,1031168)
(1031110,1031174)
(1031110,1031179)
(1031110,1031182)
(1031110,1031188)
(1031110,1031193)
(1031110,1031200)
(1031110,1031205)
(1031110,1031207)
(1031110,1031213)
(1031110,1031219)
(1031110,1031224)
(1031110,1031231)
(1031110,1031234)
(1031110,1031243)
(1031110,1031250)
(1031110,1031255)
(1031110,1031259)
(1031110,1031263)
(1031110,1031270)
(1031112,1031116)
(1031112,1031118)
(1031112,1031122)
(1031112,1031123)
(1031112,1031129)
(1031112,1031133)
(1031112,1031135)
(1031112,1031136)
(1031112,1031144)
(1031112,1031148)
(1031112,1031149)
(1031112,1031156)
(1031112,1031161)
(1031112,1031164)
(1031112,1031168)
(1031112,1031174)
(1031112,1031179)
(1031112,1031182)
(1031112,1031188)
(1031112,1031193)
(1031112,1031200)
(1031112,1031205)
(1031112,1031207)
(1031112,1031213)
(1031112,1031219)
(1031112,1031224)
(1031112,1031231)
(1031112,1031234)
(1031112,1031243)
(1031112,1031250)
(1031112,1031255)
(1031112,1031259)
(1031112,1031263)
(1031112,1031270)
(1031116,1031118)
(1031116,1031122)
(1031116,1031123)
(1031116,1031129)
(1031116,1031133)
(1031116,1031135)
(1031116,1031136)
(1031116,1031144)
(1031116,1031148)
(1031116,1031149)
(1031116,1031156)
(1031116,1031161)
(1031116,1031164)
(1031116,1031168)
(1031116,1031174)
(1031116,1031179)
(1031116,1031182)
(1031116,1031188)
(1031116,1031193)
(1031116,1031200)
(1031116,1031205)
(1031116,1031207)
(1031116,1031213)
(1031116,1031219)
(1031116,1031224)
(1031116,1031231)
(1031116,1031234)
(1031116,1031243)
(1031116,1031250)
(1031116,1031255)
(1031116,1031259)
(1031116,1031263)
(1031116,1031270)
(1031118,1031122)
(1031118,1031123)
(1031118,1031129)
(1031118,1031133)
(1031118,1031135)
(1031118,1031136)
(1031118,1031144)
(1031118,1031148)
(1031118,1031149)
(1031118,1031156)
(1031118,1031161)
(1031118,1031164)
(1031118,1031168)
(1031118,1031174)
(1031118,1031179)
(1031118,1031182)
(1031118,1031188)
(1031118,1031193)
(1031118,1031200)
(1031118,1031205)
(1031118,1031207)
(1031118,1031213)
(1031118,1031219)
(1031118,1031224)
(1031118,1031231)
(1031118,1031234)
(1031118,1031243)
(1031118,1031250)
(1031118,1031255)
(1031118,1031259)
(1031118,1031263)
(1031118,1031270)
(1031122,1031123)
(1031122,1031129)
(1031122,1031133)
(1031122,1031135)
(1031122,1031136)
(1031122,1031144)
(1031122,1031148)
(1031122,1031149)
(1031122,1031156)
(1031122,1031161)
(1031122,1031164)
(1031122,1031168)
(1031122,1031174)
(1031122,1031179)
(1031122,1031182)
(1031122,1031188)
(1031122,1031193)
(1031122,1031200)
(1031122,1031205)
(1031122,1031207)
(1031122,1031213)
(1031122,1031219)
(1031122,1031224)
(1031122,1031231)
(1031122,1031234)
(1031122,1031243)
(1031122,1031250)
(1031122,1031255)
(1031122,1031259)
(1031122,1031263)
(1031122,1031270)
(1031123,1031129)
(1031123,1031133)
(1031123,1031135)
(1031123,1031136)
(1031123,1031144)
(1031123,1031148)
(1031123,1031149)
(1031123,1031156)
(1031123,1031161)
(1031123,1031164)
(1031123,1031168)
(1031123,1031174)
(1031123,1031179)
(1031123,1031182)
(1031123,1031188)
(1031123,1031193)
(1031123,1031200)
(1031123,1031205)
(1031123,1031207)
(1031123,1031213)
(1031123,1031219)
(1031123,1031224)
(1031123,1031231)
(1031123,1031234)
(1031123,1031243)
(1031123,1031250)
(1031123,1031255)
(1031123,1031259)
(1031123,1031263)
(1031123,1031270)
(1031129,1031133)
(1031129,1031135)
(1031129,1031136)
(1031129,1031144)
(1031129,1031148)
(1031129,1031149)
(1031129,1031156)
(1031129,1031161)
(1031129,1031164)
(1031129,1031168)
(1031129,1031174)
(1031129,1031179)
(1031129,1031182)
(1031129,1031188)
(1031129,1031193)
(1031129,1031200)
(1031129,1031205)
(1031129,1031207)
(1031129,1031213)
(1031129,1031219)
(1031129,1031224)
(1031129,1031231)
(1031129,1031234)
(1031129,1031243)
(1031129,1031250)
(1031129,1031255)
(1031129,1031259)
(1031129,1031263)
(1031129,1031270)
(1031133,1031135)
(1031133,1031136)
(1031133,1031144)
(1031133,1031148)
(1031133,1031149)
(1031133,1031156)
(1031133,1031161)
(1031133,1031164)
(1031133,1031168)
(1031133,1031174)
(1031133,1031179)
(1031133,1031182)
(1031133,1031188)
(1031133,1031193)
(1031133,1031200)
(1031133,1031205)
(1031133,1031207)
(1031133,1031213)
(1031133,1031219)
(1031133,1031224)
(1031133,1031231)
(1031133,1031234)
(1031133,1031243)
(1031133,1031250)
(1031133,1031255)
(1031133,1031259)
(1031133,1031263)
(1031133,1031270)
(1031135,1031136)
(1031135,1031144)
(1031135,1031148)
(1031135,1031149)
(1031135,1031156)
(1031135,1031161)
(1031135,1031164)
(1031135,1031168)
(1031135,1031174)
(1031135,1031179)
(1031135,1031182)
(1031135,1031188)
(1031135,1031193)
(1031135,1031200)
(1031135,1031205)
(1031135,1031207)
(1031135,1031213)
(1031135,1031219)
(1031135,1031224)
(1031135,1031231)
(1031135,1031234)
(1031135,1031243)
(1031135,1031250)
(1031135,1031255)
(1031135,1031259)
(1031135,1031263)
(1031135,1031270)
(1031136,1031144)
(1031136,1031148)
(1031136,1031149)
(1031136,1031156)
(1031136,1031161)
(1031136,1031164)
(1031136,1031168)
(1031136,1031174)
(1031136,1031179)
(1031136,1031182)
(1031136,1031188)
(1031136,1031193)
(1031136,1031200)
(1031136,1031205)
(1031136,1031207)
(1031136,1031213)
(1031136,1031219)
(1031136,1031224)
(1031136,1031231)
(1031136,1031234)
(1031136,1031243)
(1031136,1031250)
(1031136,1031255)
(1031136,1031259)
(1031136,1031263)
(1031136,1031270)
(1031144,1031148)
(1031144,1031149)
(1031144,1031156)
(1031144,1031161)
(1031144,1031164)
(1031144,1031168)
(1031144,1031174)
(1031144,1031179)
(1031144,1031182)
(1031144,1031188)
(1031144,1031193)
(1031144,1031200)
(1031144,1031205)
(1031144,1031207)
(1031144,1031213)
(1031144,1031219)
(1031144,1031224)
(1031144,1031231)
(1031144,1031234)
(1031144,1031243)
(1031144,1031250)
(1031144,1031255)
(1031144,1031259)
(1031144,1031263)
(1031144,1031270)
(1031148,1031149)
(1031148,1031156)
(1031148,1031161)
(1031148,1031164)
(1031148,1031168)
(1031148,1031174)
(1031148,1031179)
(1031148,1031182)
(1031148,1031188)
(1031148,1031193)
(1031148,1031200)
(1031148,1031205)
(1031148,1031207)
(1031148,1031213)
(1031148,1031219)
(1031148,1031224)
(1031148,1031231)
(1031148,1031234)
(1031148,1031243)
(1031148,1031250)
(1031148,1031255)
(1031148,1031259)
(1031148,1031263)
(1031148,1031270)
(1031149,1031156)
(1031149,1031161)
(1031149,1031164)
(1031149,1031168)
(1031149,1031174)
(1031149,1031179)
(1031149,1031182)
(1031149,1031188)
(1031149,1031193)
(1031149,1031200)
(1031149,1031205)
(1031149,1031207)
(1031149,1031213)
(1031149,1031219)
(1031149,1031224)
(1031149,1031231)
(1031149,1031234)
(1031149,1031243)
(1031149,1031250)
(1031149,1031255)
(1031149,1031259)
(1031149,1031263)
(1031149,1031270)
(1031156,1031161)
(1031156,1031164)
(1031156,1031168)
(1031156,1031174)
(1031156,1031179)
(1031156,1031182)
(1031156,1031188)
(1031156,1031193)
(1031156,1031200)
(1031156,1031205)
(1031156,1031207)
(1031156,1031213)
(1031156,1031219)
(1031156,1031224)
(1031156,1031231)
(1031156,1031234)
(1031156,1031243)
(1031156,1031250)
(1031156,1031255)
(1031156,1031259)
(1031156,1031263)
(1031156,1031270)
(1031161,1031164)
(1031161,1031168)
(1031161,1031174)
(1031161,1031179)
(1031161,1031182)
(1031161,1031188)
(1031161,1031193)
(1031161,1031200)
(1031161,1031205)
(1031161,1031207)
(1031161,1031213)
(1031161,1031219)
(1031161,1031224)
(1031161,1031231)
(1031161,1031234)
(1031161,1031243)
(1031161,1031250)
(1031161,1031255)
(1031161,1031259)
(1031161,1031263)
(1031161,1031270)
(1031164,1031168)
(1031164,1031174)
(1031164,1031179)
(1031164,1031182)
(1031164,1031188)
(1031164,1031193)
(1031164,1031200)
(1031164,1031205)
(1031164,1031207)
(1031164,1031213)
(1031164,1031219)
(1031164,1031224)
(1031164,1031231)
(1031164,1031234)
(1031164,1031243)
(1031164,1031250)
(1031164,1031255)
(1031164,1031259)
(1031164,1031263)
(1031164,1031270)
(1031168,1031174)
(1031168,1031179)
(1031168,1031182)
(1031168,1031188)
(1031168,1031193)
(1031168,1031200)
(1031168,1031205)
(1031168,1031207)
(1031168,1031213)
(1031168,1031219)
(1031168,1031224)
(1031168,1031231)
(1031168,1031234)
(1031168,1031243)
(1031168,1031250)
(1031168,1031255)
(1031168,1031259)
(1031168,1031263)
(1031168,1031270)
(1031174,1031179)
(1031174,1031182)
(1031174,1031188)
(1031174,1031193)
(1031174,1031200)
(1031174,1031205)
(1031174,1031207)
(1031174,1031213)
(1031174,1031219)
(1031174,1031224)
(1031174,1031231)
(1031174,1031234)
(1031174,1031243)
(1031174,1031250)
(1031174,1031255)
(1031174,1031259)
(1031174,1031263)
(1031174,1031270)
(1031179,1031182)
(1031179,1031188)
(1031179,1031193)
(1031179,1031200)
(1031179,1031205)
(1031179,1031207)
(1031179,1031213)
(1031179,1031219)
(1031179,1031224)
(1031179,1031231)
(1031179,1031234)
(1031179,1031243)
(1031179,1031250)
(1031179,1031255)
(1031179,1031259)
(1031179,1031263)
(1031179,1031270)
(1031182,1031188)
(1031182,1031193)
(1031182,1031200)
(1031182,1031205)
(1031182,1031207)
(1031182,1031213)
(1031182,1031219)
(1031182,1031224)
(1031182,1031231)
(1031182,1031234)
(1031182,1031243)
(1031182,1031250)
(1031182,1031255)
(1031182,1031259)
(1031182,1031263)
(1031182,1031270)
(1031188,1031193)
(1031188,1031200)
(1031188,1031205)
(1031188,1031207)
(1031188,1031213)
(1031188,1031219)
(1031188,1031224)
(1031188,1031231)
(1031188,1031234)
(1031188,1031243)
(1031188,1031250)
(1031188,1031255)
(1031188,1031259)
(1031188,1031263)
(1031188,1031270)
(1031193,1031200)
(1031193,1031205)
(1031193,1031207)
(1031193,1031213)
(1031193,1031219)
(1031193,1031224)
(1031193,1031231)
(1031193,1031234)
(1031193,1031243)
(1031193,1031250)
(1031193,1031255)
(1031193,1031259)
(1031193,1031263)
(1031193,1031270)
(1031200,1031205)
(1031200,1031207)
(1031200,1031213)
(1031200,1031219)
(1031200,1031224)
(1031200,1031231)
(1031200,1031234)
(1031200,1031243)
(1031200,1031250)
(1031200,1031255)
(1031200,1031259)
(1031200,1031263)
(1031200,1031270)
(1031205,1031207)
(1031205,1031213)
(1031205,1031219)
(1031205,1031224)
(1031205,1031231)
(1031205,1031234)
(1031205,1031243)
(1031205,1031250)
(1031205,1031255)
(1031205,1031259)
(1031205,1031263)
(1031205,1031270)
(1031207,1031213)
(1031207,1031219)
(1031207,1031224)
(1031207,1031231)
(1031207,1031234)
(1031207,1031243)
(1031207,1031250)
(1031207,1031255)
(1031207,1031259)
(1031207,1031263)
(1031207,1031270)
(1031213,1031219)
(1031213,1031224)
(1031213,1031231)
(1031213,1031234)
(1031213,1031243)
(1031213,1031250)
(1031213,1031255)
(1031213,1031259)
(1031213,1031263)
(1031213,1031270)
(1031219,1031224)
(1031219,1031231)
(1031219,1031234)
(1031219,1031243)
(1031219,1031250)
(1031219,1031255)
(1031219,1031259)
(1031219,1031263)
(1031219,1031270)
(1031224,1031231)
(1031224,1031234)
(1031224,1031243)
(1031224,1031250)
(1031224,1031255)
(1031224,1031259)
(1031224,1031263)
(1031224,1031270)
(1031231,1031234)
(1031231,1031243)
(1031231,1031250)
(1031231,1031255)
(1031231,1031259)
(1031231,1031263)
(1031231,1031270)
(1031234,1031243)
(1031234,1031250)
(1031234,1031255)
(1031234,1031259)
(1031234,1031263)
(1031234,1031270)
(1031243,1031250)
(1031243,1031255)
(1031243,1031259)
(1031243,1031263)
(1031243,1031270)
(1031250,1031255)
(1031250,1031259)
(1031250,1031263)
(1031250,1031270)
(1031255,1031259)
(1031255,1031263)
(1031255,1031270)
(1031259,1031263)
(1031259,1031270)
(1031263,1031270)
(1031289,1031291)
(1031289,1031298)
(1031289,1031300)
(1031289,1031304)
(1031289,1031308)
(1031289,1031315)
(1031289,1031319)
(1031289,1031324)
(1031289,1031327)
(1031289,1031334)
(1031289,1031339)
(1031289,1031343)
(1031289,1031347)
(1031289,1031351)
(1031289,1031355)
(1031289,1031361)
(1031289,1031366)
(1031289,1031371)
(1031289,1031376)
(1031289,1031383)
(1031289,1031389)
(1031289,1031392)
(1031289,1031397)
(1031289,1031402)
(1031289,1031408)
(1031289,1031412)
(1031289,1031419)
(1031289,1031424)
(1031289,1031426)
(1031289,1031431)
(1031289,1031435)
(1031289,1031438)
(1031289,1031443)
(1031289,1031447)
(1031289,1031451)
(1031289,1031455)
(1031289,1031457)
(1031289,1031466)
(1031289,1031468)
(1031289,1031473)
(1031289,1031476)
(1031289,1031483)
(1031291,1031298)
(1031291,1031300)
(1031291,1031304)
(1031291,1031308)
(1031291,1031315)
(1031291,1031319)
(1031291,1031324)
(1031291,1031327)
(1031291,1031334)
(1031291,1031339)
(1031291,1031343)
(1031291,1031347)
(1031291,1031351)
(1031291,1031355)
(1031291,1031361)
(1031291,1031366)
(1031291,1031371)
(1031291,1031376)
(1031291,1031383)
(1031291,1031389)
(1031291,1031392)
(1031291,1031397)
(1031291,1031402)
(1031291,1031408)
(1031291,1031412)
(1031291,1031419)
(1031291,1031424)
(1031291,1031426)
(1031291,1031431)
(1031291,1031435)
(1031291,1031438)
(1031291,1031443)
(1031291,1031447)
(1031291,1031451)
(1031291,1031455)
(1031291,1031457)
(1031291,1031466)
(1031291,1031468)
(1031291,1031473)
(1031291,1031476)
(1031291,1031483)
(1031298,1031300)
(1031298,1031304)
(1031298,1031308)
(1031298,1031315)
(1031298,1031319)
(1031298,1031324)
(1031298,1031327)
(1031298,1031334)
(1031298,1031339)
(1031298,1031343)
(1031298,1031347)
(1031298,1031351)
(1031298,1031355)
(1031298,1031361)
(1031298,1031366)
(1031298,1031371)
(1031298,1031376)
(1031298,1031383)
(1031298,1031389)
(1031298,1031392)
(1031298,1031397)
(1031298,1031402)
(1031298,1031408)
(1031298,1031412)
(1031298,1031419)
(1031298,1031424)
(1031298,1031426)
(1031298,1031431)
(1031298,1031435)
(1031298,1031438)
(1031298,1031443)
(1031298,1031447)
(1031298,1031451)
(1031298,1031455)
(1031298,1031457)
(1031298,1031466)
(1031298,1031468)
(1031298,1031473)
(1031298,1031476)
(1031298,1031483)
(1031300,1031304)
(1031300,1031308)
(1031300,1031315)
(1031300,1031319)
(1031300,1031324)
(1031300,1031327)
(1031300,1031334)
(1031300,1031339)
(1031300,1031343)
(1031300,1031347)
(1031300,1031351)
(1031300,1031355)
(1031300,1031361)
(1031300,1031366)
(1031300,1031371)
(1031300,1031376)
(1031300,1031383)
(1031300,1031389)
(1031300,1031392)
(1031300,1031397)
(1031300,1031402)
(1031300,1031408)
(1031300,1031412)
(1031300,1031419)
(1031300,1031424)
(1031300,1031426)
(1031300,1031431)
(1031300,1031435)
(1031300,1031438)
(1031300,1031443)
(1031300,1031447)
(1031300,1031451)
(1031300,1031455)
(1031300,1031457)
(1031300,1031466)
(1031300,1031468)
(1031300,1031473)
(1031300,1031476)
(1031300,1031483)
(1031304,1031308)
(1031304,1031315)
(1031304,1031319)
(1031304,1031324)
(1031304,1031327)
(1031304,1031334)
(1031304,1031339)
(1031304,1031343)
(1031304,1031347)
(1031304,1031351)
(1031304,1031355)
(1031304,1031361)
(1031304,1031366)
(1031304,1031371)
(1031304,1031376)
(1031304,1031383)
(1031304,1031389)
(1031304,1031392)
(1031304,1031397)
(1031304,1031402)
(1031304,1031408)
(1031304,1031412)
(1031304,1031419)
(1031304,1031424)
(1031304,1031426)
(1031304,1031431)
(1031304,1031435)
(1031304,1031438)
(1031304,1031443)
(1031304,1031447)
(1031304,1031451)
(1031304,1031455)
(1031304,1031457)
(1031304,1031466)
(1031304,1031468)
(1031304,1031473)
(1031304,1031476)
(1031304,1031483)
(1031308,1031315)
(1031308,1031319)
(1031308,1031324)
(1031308,1031327)
(1031308,1031334)
(1031308,1031339)
(1031308,1031343)
(1031308,1031347)
(1031308,1031351)
(1031308,1031355)
(1031308,1031361)
(1031308,1031366)
(1031308,1031371)
(1031308,1031376)
(1031308,1031383)
(1031308,1031389)
(1031308,1031392)
(1031308,1031397)
(1031308,1031402)
(1031308,1031408)
(1031308,1031412)
(1031308,1031419)
(1031308,1031424)
(1031308,1031426)
(1031308,1031431)
(1031308,1031435)
(1031308,1031438)
(1031308,1031443)
(1031308,1031447)
(1031308,1031451)
(1031308,1031455)
(1031308,1031457)
(1031308,1031466)
(1031308,1031468)
(1031308,1031473)
(1031308,1031476)
(1031308,1031483)
(1031315,1031319)
(1031315,1031324)
(1031315,1031327)
(1031315,1031334)
(1031315,1031339)
(1031315,1031343)
(1031315,1031347)
(1031315,1031351)
(1031315,1031355)
(1031315,1031361)
(1031315,1031366)
(1031315,1031371)
(1031315,1031376)
(1031315,1031383)
(1031315,1031389)
(1031315,1031392)
(1031315,1031397)
(1031315,1031402)
(1031315,1031408)
(1031315,1031412)
(1031315,1031419)
(1031315,1031424)
(1031315,1031426)
(1031315,1031431)
(1031315,1031435)
(1031315,1031438)
(1031315,1031443)
(1031315,1031447)
(1031315,1031451)
(1031315,1031455)
(1031315,1031457)
(1031315,1031466)
(1031315,1031468)
(1031315,1031473)
(1031315,1031476)
(1031315,1031483)
(1031319,1031324)
(1031319,1031327)
(1031319,1031334)
(1031319,1031339)
(1031319,1031343)
(1031319,1031347)
(1031319,1031351)
(1031319,1031355)
(1031319,1031361)
(1031319,1031366)
(1031319,1031371)
(1031319,1031376)
(1031319,1031383)
(1031319,1031389)
(1031319,1031392)
(1031319,1031397)
(1031319,1031402)
(1031319,1031408)
(1031319,1031412)
(1031319,1031419)
(1031319,1031424)
(1031319,1031426)
(1031319,1031431)
(1031319,1031435)
(1031319,1031438)
(1031319,1031443)
(1031319,1031447)
(1031319,1031451)
(1031319,1031455)
(1031319,1031457)
(1031319,1031466)
(1031319,1031468)
(1031319,1031473)
(1031319,1031476)
(1031319,1031483)
(1031324,1031327)
(1031324,1031334)
(1031324,1031339)
(1031324,1031343)
(1031324,1031347)
(1031324,1031351)
(1031324,1031355)
(1031324,1031361)
(1031324,1031366)
(1031324,1031371)
(1031324,1031376)
(1031324,1031383)
(1031324,1031389)
(1031324,1031392)
(1031324,1031397)
(1031324,1031402)
(1031324,1031408)
(1031324,1031412)
(1031324,1031419)
(1031324,1031424)
(1031324,1031426)
(1031324,1031431)
(1031324,1031435)
(1031324,1031438)
(1031324,1031443)
(1031324,1031447)
(1031324,1031451)
(1031324,1031455)
(1031324,1031457)
(1031324,1031466)
(1031324,1031468)
(1031324,1031473)
(1031324,1031476)
(1031324,1031483)
(1031327,1031334)
(1031327,1031339)
(1031327,1031343)
(1031327,1031347)
(1031327,1031351)
(1031327,1031355)
(1031327,1031361)
(1031327,1031366)
(1031327,1031371)
(1031327,1031376)
(1031327,1031383)
(1031327,1031389)
(1031327,1031392)
(1031327,1031397)
(1031327,1031402)
(1031327,1031408)
(1031327,1031412)
(1031327,1031419)
(1031327,1031424)
(1031327,1031426)
(1031327,1031431)
(1031327,1031435)
(1031327,1031438)
(1031327,1031443)
(1031327,1031447)
(1031327,1031451)
(1031327,1031455)
(1031327,1031457)
(1031327,1031466)
(1031327,1031468)
(1031327,1031473)
(1031327,1031476)
(1031327,1031483)
(1031334,1031339)
(1031334,1031343)
(1031334,1031347)
(1031334,1031351)
(1031334,1031355)
(1031334,1031361)
(1031334,1031366)
(1031334,1031371)
(1031334,1031376)
(1031334,1031383)
(1031334,1031389)
(1031334,1031392)
(1031334,1031397)
(1031334,1031402)
(1031334,1031408)
(1031334,1031412)
(1031334,1031419)
(1031334,1031424)
(1031334,1031426)
(1031334,1031431)
(1031334,1031435)
(1031334,1031438)
(1031334,1031443)
(1031334,1031447)
(1031334,1031451)
(1031334,1031455)
(1031334,1031457)
(1031334,1031466)
(1031334,1031468)
(1031334,1031473)
(1031334,1031476)
(1031334,1031483)
(1031339,1031343)
(1031339,1031347)
(1031339,1031351)
(1031339,1031355)
(1031339,1031361)
(1031339,1031366)
(1031339,1031371)
(1031339,1031376)
(1031339,1031383)
(1031339,1031389)
(1031339,1031392)
(1031339,1031397)
(1031339,1031402)
(1031339,1031408)
(1031339,1031412)
(1031339,1031419)
(1031339,1031424)
(1031339,1031426)
(1031339,1031431)
(1031339,1031435)
(1031339,1031438)
(1031339,1031443)
(1031339,1031447)
(1031339,1031451)
(1031339,1031455)
(1031339,1031457)
(1031339,1031466)
(1031339,1031468)
(1031339,1031473)
(1031339,1031476)
(1031339,1031483)
(1031343,1031347)
(1031343,1031351)
(1031343,1031355)
(1031343,1031361)
(1031343,1031366)
(1031343,1031371)
(1031343,1031376)
(1031343,1031383)
(1031343,1031389)
(1031343,1031392)
(1031343,1031397)
(1031343,1031402)
(1031343,1031408)
(1031343,1031412)
(1031343,1031419)
(1031343,1031424)
(1031343,1031426)
(1031343,1031431)
(1031343,1031435)
(1031343,1031438)
(1031343,1031443)
(1031343,1031447)
(1031343,1031451)
(1031343,1031455)
(1031343,1031457)
(1031343,1031466)
(1031343,1031468)
(1031343,1031473)
(1031343,1031476)
(1031343,1031483)
(1031347,1031351)
(1031347,1031355)
(1031347,1031361)
(1031347,1031366)
(1031347,1031371)
(1031347,1031376)
(1031347,1031383)
(1031347,1031389)
(1031347,1031392)
(1031347,1031397)
(1031347,1031402)
(1031347,1031408)
(1031347,1031412)
(1031347,1031419)
(1031347,1031424)
(1031347,1031426)
(1031347,1031431)
(1031347,1031435)
(1031347,1031438)
(1031347,1031443)
(1031347,1031447)
(1031347,1031451)
(1031347,1031455)
(1031347,1031457)
(1031347,1031466)
(1031347,1031468)
(1031347,1031473)
(1031347,1031476)
(1031347,1031483)
(1031351,1031355)
(1031351,1031361)
(1031351,1031366)
(1031351,1031371)
(1031351,1031376)
(1031351,1031383)
(1031351,1031389)
(1031351,1031392)
(1031351,1031397)
(1031351,1031402)
(1031351,1031408)
(1031351,1031412)
(1031351,1031419)
(1031351,1031424)
(1031351,1031426)
(1031351,1031431)
(1031351,1031435)
(1031351,1031438)
(1031351,1031443)
(1031351,1031447)
(1031351,1031451)
(1031351,1031455)
(1031351,1031457)
(1031351,1031466)
(1031351,1031468)
(1031351,1031473)
(1031351,1031476)
(1031351,1031483)
(1031355,1031361)
(1031355,1031366)
(1031355,1031371)
(1031355,1031376)
(1031355,1031383)
(1031355,1031389)
(1031355,1031392)
(1031355,1031397)
(1031355,1031402)
(1031355,1031408)
(1031355,1031412)
(1031355,1031419)
(1031355,1031424)
(1031355,1031426)
(1031355,1031431)
(1031355,1031435)
(1031355,1031438)
(1031355,1031443)
(1031355,1031447)
(1031355,1031451)
(1031355,1031455)
(1031355,1031457)
(1031355,1031466)
(1031355,1031468)
(1031355,1031473)
(1031355,1031476)
(1031355,1031483)
(1031361,1031366)
(1031361,1031371)
(1031361,1031376)
(1031361,1031383)
(1031361,1031389)
(1031361,1031392)
(1031361,1031397)
(1031361,1031402)
(1031361,1031408)
(1031361,1031412)
(1031361,1031419)
(1031361,1031424)
(1031361,1031426)
(1031361,1031431)
(1031361,1031435)
(1031361,1031438)
(1031361,1031443)
(1031361,1031447)
(1031361,1031451)
(1031361,1031455)
(1031361,1031457)
(1031361,1031466)
(1031361,1031468)
(1031361,1031473)
(1031361,1031476)
(1031361,1031483)
(1031366,1031371)
(1031366,1031376)
(1031366,1031383)
(1031366,1031389)
(1031366,1031392)
(1031366,1031397)
(1031366,1031402)
(1031366,1031408)
(1031366,1031412)
(1031366,1031419)
(1031366,1031424)
(1031366,1031426)
(1031366,1031431)
(1031366,1031435)
(1031366,1031438)
(1031366,1031443)
(1031366,1031447)
(1031366,1031451)
(1031366,1031455)
(1031366,1031457)
(1031366,1031466)
(1031366,1031468)
(1031366,1031473)
(1031366,1031476)
(1031366,1031483)
(1031371,1031376)
(1031371,1031383)
(1031371,1031389)
(1031371,1031392)
(1031371,1031397)
(1031371,1031402)
(1031371,1031408)
(1031371,1031412)
(1031371,1031419)
(1031371,1031424)
(1031371,1031426)
(1031371,1031431)
(1031371,1031435)
(1031371,1031438)
(1031371,1031443)
(1031371,1031447)
(1031371,1031451)
(1031371,1031455)
(1031371,1031457)
(1031371,1031466)
(1031371,1031468)
(1031371,1031473)
(1031371,1031476)
(1031371,1031483)
(1031376,1031383)
(1031376,1031389)
(1031376,1031392)
(1031376,1031397)
(1031376,1031402)
(1031376,1031408)
(1031376,1031412)
(1031376,1031419)
(1031376,1031424)
(1031376,1031426)
(1031376,1031431)
(1031376,1031435)
(1031376,1031438)
(1031376,1031443)
(1031376,1031447)
(1031376,1031451)
(1031376,1031455)
(1031376,1031457)
(1031376,1031466)
(1031376,1031468)
(1031376,1031473)
(1031376,1031476)
(1031376,1031483)
(1031383,1031389)
(1031383,1031392)
(1031383,1031397)
(1031383,1031402)
(1031383,1031408)
(1031383,1031412)
(1031383,1031419)
(1031383,1031424)
(1031383,1031426)
(1031383,1031431)
(1031383,1031435)
(1031383,1031438)
(1031383,1031443)
(1031383,1031447)
(1031383,1031451)
(1031383,1031455)
(1031383,1031457)
(1031383,1031466)
(1031383,1031468)
(1031383,1031473)
(1031383,1031476)
(1031383,1031483)
(1031389,1031392)
(1031389,1031397)
(1031389,1031402)
(1031389,1031408)
(1031389,1031412)
(1031389,1031419)
(1031389,1031424)
(1031389,1031426)
(1031389,1031431)
(1031389,1031435)
(1031389,1031438)
(1031389,1031443)
(1031389,1031447)
(1031389,1031451)
(1031389,1031455)
(1031389,1031457)
(1031389,1031466)
(1031389,1031468)
(1031389,1031473)
(1031389,1031476)
(1031389,1031483)
(1031392,1031397)
(1031392,1031402)
(1031392,1031408)
(1031392,1031412)
(1031392,1031419)
(1031392,1031424)
(1031392,1031426)
(1031392,1031431)
(1031392,1031435)
(1031392,1031438)
(1031392,1031443)
(1031392,1031447)
(1031392,1031451)
(1031392,1031455)
(1031392,1031457)
(1031392,1031466)
(1031392,1031468)
(1031392,1031473)
(1031392,1031476)
(1031392,1031483)
(1031397,1031402)
(1031397,1031408)
(1031397,1031412)
(1031397,1031419)
(1031397,1031424)
(1031397,1031426)
(1031397,1031431)
(1031397,1031435)
(1031397,1031438)
(1031397,1031443)
(1031397,1031447)
(1031397,1031451)
(1031397,1031455)
(1031397,1031457)
(1031397,1031466)
(1031397,1031468)
(1031397,1031473)
(1031397,1031476)
(1031397,1031483)
(1031402,1031408)
(1031402,1031412)
(1031402,1031419)
(1031402,1031424)
(1031402,1031426)
(1031402,1031431)
(1031402,1031435)
(1031402,1031438)
(1031402,1031443)
(1031402,1031447)
(1031402,1031451)
(1031402,1031455)
(1031402,1031457)
(1031402,1031466)
(1031402,1031468)
(1031402,1031473)
(1031402,1031476)
(1031402,1031483)
(1031408,1031412)
(1031408,1031419)
(1031408,1031424)
(1031408,1031426)
(1031408,1031431)
(1031408,1031435)
(1031408,1031438)
(1031408,1031443)
(1031408,1031447)
(1031408,1031451)
(1031408,1031455)
(1031408,1031457)
(1031408,1031466)
(1031408,1031468)
(1031408,1031473)
(1031408,1031476)
(1031408,1031483)
(1031412,1031419)
(1031412,1031424)
(1031412,1031426)
(1031412,1031431)
(1031412,1031435)
(1031412,1031438)
(1031412,1031443)
(1031412,1031447)
(1031412,1031451)
(1031412,1031455)
(1031412,1031457)
(1031412,1031466)
(1031412,1031468)
(1031412,1031473)
(1031412,1031476)
(1031412,1031483)
(1031419,1031424)
(1031419,1031426)
(1031419,1031431)
(1031419,1031435)
(1031419,1031438)
(1031419,1031443)
(1031419,1031447)
(1031419,1031451)
(1031419,1031455)
(1031419,1031457)
(1031419,1031466)
(1031419,1031468)
(1031419,1031473)
(1031419,1031476)
(1031419,1031483)
(1031424,1031426)
(1031424,1031431)
(1031424,1031435)
(1031424,1031438)
(1031424,1031443)
(1031424,1031447)
(1031424,1031451)
(1031424,1031455)
(1031424,1031457)
(1031424,1031466)
(1031424,1031468)
(1031424,1031473)
(1031424,1031476)
(1031424,1031483)
(1031426,1031431)
(1031426,1031435)
(1031426,1031438)
(1031426,1031443)
(1031426,1031447)
(1031426,1031451)
(1031426,1031455)
(1031426,1031457)
(1031426,1031466)
(1031426,1031468)
(1031426,1031473)
(1031426,1031476)
(1031426,1031483)
(1031431,1031435)
(1031431,1031438)
(1031431,1031443)
(1031431,1031447)
(1031431,1031451)
(1031431,1031455)
(1031431,1031457)
(1031431,1031466)
(1031431,1031468)
(1031431,1031473)
(1031431,1031476)
(1031431,1031483)
(1031435,1031438)
(1031435,1031443)
(1031435,1031447)
(1031435,1031451)
(1031435,1031455)
(1031435,1031457)
(1031435,1031466)
(1031435,1031468)
(1031435,1031473)
(1031435,1031476)
(1031435,1031483)
(1031438,1031443)
(1031438,1031447)
(1031438,1031451)
(1031438,1031455)
(1031438,1031457)
(1031438,1031466)
(1031438,1031468)
(1031438,1031473)
(1031438,1031476)
(1031438,1031483)
(1031443,1031447)
(1031443,1031451)
(1031443,1031455)
(1031443,1031457)
(1031443,1031466)
(1031443,1031468)
(1031443,1031473)
(1031443,1031476)
(1031443,1031483)
(1031447,1031451)
(1031447,1031455)
(1031447,1031457)
(1031447,1031466)
(1031447,1031468)
(1031447,1031473)
(1031447,1031476)
(1031447,1031483)
(1031451,1031455)
(1031451,1031457)
(1031451,1031466)
(1031451,1031468)
(1031451,1031473)
(1031451,1031476)
(1031451,1031483)
(1031455,1031457)
(1031455,1031466)
(1031455,1031468)
(1031455,1031473)
(1031455,1031476)
(1031455,1031483)
(1031457,1031466)
(1031457,1031468)
(1031457,1031473)
(1031457,1031476)
(1031457,1031483)
(1031466,1031468)
(1031466,1031473)
(1031466,1031476)
(1031466,1031483)
(1031468,1031473)
(1031468,1031476)
(1031468,1031483)
(1031473,1031476)
(1031473,1031483)
(1031476,1031483)
(1031515,1031519)
(1031540,1031545)
(1031540,1031548)
(1031540,1031555)
(1031540,1031566)
(1031545,1031548)
(1031545,1031555)
(1031545,1031566)
(1031548,1031555)
(1031548,1031566)
(1031555,1031566)
(1031569,1031575)
(1031569,1031577)
(1031569,1031589)
(1031569,1031593)
(1031569,1031608)
(1031569,1031616)
(1031569,1031623)
(1031569,1031627)
(1031575,1031577)
(1031575,1031589)
(1031575,1031593)
(1031575,1031608)
(1031575,1031616)
(1031575,1031623)
(1031575,1031627)
(1031577,1031589)
(1031577,1031593)
(1031577,1031608)
(1031577,1031616)
(1031577,1031623)
(1031577,1031627)
(1031589,1031593)
(1031589,1031608)
(1031589,1031616)
(1031589,1031623)
(1031589,1031627)
(1031593,1031608)
(1031593,1031616)
(1031593,1031623)
(1031593,1031627)
(1031608,1031616)
(1031608,1031623)
(1031608,1031627)
(1031616,1031623)
(1031616,1031627)
(1031623,1031627)
(1031631,1031641)
(1031631,1031645)
(1031631,1031653)
(1031631,1031659)
(1031631,1031666)
(1031631,1031673)
(1031641,1031645)
(1031641,1031653)
(1031641,1031659)
(1031641,1031666)
(1031641,1031673)
(1031645,1031653)
(1031645,1031659)
(1031645,1031666)
(1031645,1031673)
(1031653,1031659)
(1031653,1031666)
(1031653,1031673)
(1031659,1031666)
(1031659,1031673)
(1031666,1031673)
(1031712,1031714)
(1031712,1031720)
(1031712,1031724)
(1031714,1031720)
(1031714,1031724)
(1031720,1031724)
(1031740,1031742)
(1031740,1031747)
(1031742,1031747)
(1031752,1031756)
(1031752,1031762)
(1031756,1031762)
(1031782,1031791)
