(151842,979231)
(375335,375369)
(375335,377039)
(375335,978423)
(375335,978425)
(375335,978427)
(375335,978429)
(375335,978431)
(375335,978434)
(375335,978437)
(375335,978441)
(375335,978448)
(375335,978452)
(375335,978459)
(375335,978461)
(375335,978467)
(375335,978469)
(375335,978475)
(375335,978479)
(375335,978487)
(375335,978488)
(375335,978497)
(375335,978499)
(375335,978503)
(375335,978510)
(375335,978513)
(375335,978516)
(375335,978526)
(375335,978534)
(375335,978535)
(375335,978541)
(375335,978548)
(375335,978552)
(375335,978557)
(375335,978567)
(375335,978570)
(375335,978580)
(375335,978586)
(375335,978589)
(375335,978597)
(375335,978603)
(375335,978607)
(375335,978617)
(375335,978621)
(375335,978634)
(375335,978638)
(375335,978643)
(375335,978650)
(375335,978654)
(375335,978660)
(375335,978662)
(375335,978670)
(375335,978680)
(375335,978686)
(375335,978692)
(375335,978696)
(375335,978700)
(375335,978706)
(375335,978712)
(375335,978717)
(375335,978720)
(375335,978721)
(375335,978727)
(375335,978732)
(375335,978737)
(375335,978745)
(375335,978747)
(375335,978750)
(375335,978757)
(375335,978762)
(375335,978768)
(375335,978777)
(375335,978786)
(375335,978789)
(375335,978796)
(375335,978802)
(375335,978808)
(375335,978811)
(375335,978819)
(375335,978827)
(375335,978833)
(375335,978836)
(375335,978844)
(375335,978850)
(375335,978854)
(375335,978857)
(375335,978867)
(375335,978875)
(375369,377039)
(375369,978423)
(375369,978425)
(375369,978427)
(375369,978429)
(375369,978431)
(375369,978434)
(375369,978437)
(375369,978441)
(375369,978448)
(375369,978452)
(375369,978459)
(375369,978461)
(375369,978467)
(375369,978469)
(375369,978475)
(375369,978479)
(375369,978487)
(375369,978488)
(375369,978497)
(375369,978499)
(375369,978503)
(375369,978510)
(375369,978513)
(375369,978516)
(375369,978526)
(375369,978534)
(375369,978535)
(375369,978541)
(375369,978548)
(375369,978552)
(375369,978557)
(375369,978567)
(375369,978570)
(375369,978580)
(375369,978586)
(375369,978589)
(375369,978597)
(375369,978603)
(375369,978607)
(375369,978617)
(375369,978621)
(375369,978634)
(375369,978638)
(375369,978643)
(375369,978650)
(375369,978654)
(375369,978660)
(375369,978662)
(375369,978670)
(375369,978680)
(375369,978686)
(375369,978692)
(375369,978696)
(375369,978700)
(375369,978706)
(375369,978712)
(375369,978717)
(375369,978720)
(375369,978721)
(375369,978727)
(375369,978732)
(375369,978737)
(375369,978745)
(375369,978747)
(375369,978750)
(375369,978757)
(375369,978762)
(375369,978768)
(375369,978777)
(375369,978786)
(375369,978789)
(375369,978796)
(375369,978802)
(375369,978808)
(375369,978811)
(375369,978819)
(375369,978827)
(375369,978833)
(375369,978836)
(375369,978844)
(375369,978850)
(375369,978854)
(375369,978857)
(375369,978867)
(375369,978875)
(377039,978423)
(377039,978425)
(377039,978427)
(377039,978429)
(377039,978431)
(377039,978434)
(377039,978437)
(377039,978441)
(377039,978448)
(377039,978452)
(377039,978459)
(377039,978461)
(377039,978467)
(377039,978469)
(377039,978475)
(377039,978479)
(377039,978487)
(377039,978488)
(377039,978497)
(377039,978499)
(377039,978503)
(377039,978510)
(377039,978513)
(377039,978516)
(377039,978526)
(377039,978534)
(377039,978535)
(377039,978541)
(377039,978548)
(377039,978552)
(377039,978557)
(377039,978567)
(377039,978570)
(377039,978580)
(377039,978586)
(377039,978589)
(377039,978597)
(377039,978603)
(377039,978607)
(377039,978617)
(377039,978621)
(377039,978634)
(377039,978638)
(377039,978643)
(377039,978650)
(377039,978654)
(377039,978660)
(377039,978662)
(377039,978670)
(377039,978680)
(377039,978686)
(377039,978692)
(377039,978696)
(377039,978700)
(377039,978706)
(377039,978712)
(377039,978717)
(377039,978720)
(377039,978721)
(377039,978727)
(377039,978732)
(377039,978737)
(377039,978745)
(377039,978747)
(377039,978750)
(377039,978757)
(377039,978762)
(377039,978768)
(377039,978777)
(377039,978786)
(377039,978789)
(377039,978796)
(377039,978802)
(377039,978808)
(377039,978811)
(377039,978819)
(377039,978827)
(377039,978833)
(377039,978836)
(377039,978844)
(377039,978850)
(377039,978854)
(377039,978857)
(377039,978867)
(377039,978875)
(978423,978425)
(978423,978427)
(978423,978429)
(978423,978431)
(978423,978434)
(978423,978437)
(978423,978441)
(978423,978448)
(978423,978452)
(978423,978459)
(978423,978461)
(978423,978467)
(978423,978469)
(978423,978475)
(978423,978479)
(978423,978487)
(978423,978488)
(978423,978497)
(978423,978499)
(978423,978503)
(978423,978510)
(978423,978513)
(978423,978516)
(978423,978526)
(978423,978534)
(978423,978535)
(978423,978541)
(978423,978548)
(978423,978552)
(978423,978557)
(978423,978567)
(978423,978570)
(978423,978580)
(978423,978586)
(978423,978589)
(978423,978597)
(978423,978603)
(978423,978607)
(978423,978617)
(978423,978621)
(978423,978634)
(978423,978638)
(978423,978643)
(978423,978650)
(978423,978654)
(978423,978660)
(978423,978662)
(978423,978670)
(978423,978680)
(978423,978686)
(978423,978692)
(978423,978696)
(978423,978700)
(978423,978706)
(978423,978712)
(978423,978717)
(978423,978720)
(978423,978721)
(978423,978727)
(978423,978732)
(978423,978737)
(978423,978745)
(978423,978747)
(978423,978750)
(978423,978757)
(978423,978762)
(978423,978768)
(978423,978777)
(978423,978786)
(978423,978789)
(978423,978796)
(978423,978802)
(978423,978808)
(978423,978811)
(978423,978819)
(978423,978827)
(978423,978833)
(978423,978836)
(978423,978844)
(978423,978850)
(978423,978854)
(978423,978857)
(978423,978867)
(978423,978875)
(978425,978427)
(978425,978429)
(978425,978431)
(978425,978434)
(978425,978437)
(978425,978441)
(978425,978448)
(978425,978452)
(978425,978459)
(978425,978461)
(978425,978467)
(978425,978469)
(978425,978475)
(978425,978479)
(978425,978487)
(978425,978488)
(978425,978497)
(978425,978499)
(978425,978503)
(978425,978510)
(978425,978513)
(978425,978516)
(978425,978526)
(978425,978534)
(978425,978535)
(978425,978541)
(978425,978548)
(978425,978552)
(978425,978557)
(978425,978567)
(978425,978570)
(978425,978580)
(978425,978586)
(978425,978589)
(978425,978597)
(978425,978603)
(978425,978607)
(978425,978617)
(978425,978621)
(978425,978634)
(978425,978638)
(978425,978643)
(978425,978650)
(978425,978654)
(978425,978660)
(978425,978662)
(978425,978670)
(978425,978680)
(978425,978686)
(978425,978692)
(978425,978696)
(978425,978700)
(978425,978706)
(978425,978712)
(978425,978717)
(978425,978720)
(978425,978721)
(978425,978727)
(978425,978732)
(978425,978737)
(978425,978745)
(978425,978747)
(978425,978750)
(978425,978757)
(978425,978762)
(978425,978768)
(978425,978777)
(978425,978786)
(978425,978789)
(978425,978796)
(978425,978802)
(978425,978808)
(978425,978811)
(978425,978819)
(978425,978827)
(978425,978833)
(978425,978836)
(978425,978844)
(978425,978850)
(978425,978854)
(978425,978857)
(978425,978867)
(978425,978875)
(978427,978429)
(978427,978431)
(978427,978434)
(978427,978437)
(978427,978441)
(978427,978448)
(978427,978452)
(978427,978459)
(978427,978461)
(978427,978467)
(978427,978469)
(978427,978475)
(978427,978479)
(978427,978487)
(978427,978488)
(978427,978497)
(978427,978499)
(978427,978503)
(978427,978510)
(978427,978513)
(978427,978516)
(978427,978526)
(978427,978534)
(978427,978535)
(978427,978541)
(978427,978548)
(978427,978552)
(978427,978557)
(978427,978567)
(978427,978570)
(978427,978580)
(978427,978586)
(978427,978589)
(978427,978597)
(978427,978603)
(978427,978607)
(978427,978617)
(978427,978621)
(978427,978634)
(978427,978638)
(978427,978643)
(978427,978650)
(978427,978654)
(978427,978660)
(978427,978662)
(978427,978670)
(978427,978680)
(978427,978686)
(978427,978692)
(978427,978696)
(978427,978700)
(978427,978706)
(978427,978712)
(978427,978717)
(978427,978720)
(978427,978721)
(978427,978727)
(978427,978732)
(978427,978737)
(978427,978745)
(978427,978747)
(978427,978750)
(978427,978757)
(978427,978762)
(978427,978768)
(978427,978777)
(978427,978786)
(978427,978789)
(978427,978796)
(978427,978802)
(978427,978808)
(978427,978811)
(978427,978819)
(978427,978827)
(978427,978833)
(978427,978836)
(978427,978844)
(978427,978850)
(978427,978854)
(978427,978857)
(978427,978867)
(978427,978875)
(978429,978431)
(978429,978434)
(978429,978437)
(978429,978441)
(978429,978448)
(978429,978452)
(978429,978459)
(978429,978461)
(978429,978467)
(978429,978469)
(978429,978475)
(978429,978479)
(978429,978487)
(978429,978488)
(978429,978497)
(978429,978499)
(978429,978503)
(978429,978510)
(978429,978513)
(978429,978516)
(978429,978526)
(978429,978534)
(978429,978535)
(978429,978541)
(978429,978548)
(978429,978552)
(978429,978557)
(978429,978567)
(978429,978570)
(978429,978580)
(978429,978586)
(978429,978589)
(978429,978597)
(978429,978603)
(978429,978607)
(978429,978617)
(978429,978621)
(978429,978634)
(978429,978638)
(978429,978643)
(978429,978650)
(978429,978654)
(978429,978660)
(978429,978662)
(978429,978670)
(978429,978680)
(978429,978686)
(978429,978692)
(978429,978696)
(978429,978700)
(978429,978706)
(978429,978712)
(978429,978717)
(978429,978720)
(978429,978721)
(978429,978727)
(978429,978732)
(978429,978737)
(978429,978745)
(978429,978747)
(978429,978750)
(978429,978757)
(978429,978762)
(978429,978768)
(978429,978777)
(978429,978786)
(978429,978789)
(978429,978796)
(978429,978802)
(978429,978808)
(978429,978811)
(978429,978819)
(978429,978827)
(978429,978833)
(978429,978836)
(978429,978844)
(978429,978850)
(978429,978854)
(978429,978857)
(978429,978867)
(978429,978875)
(978431,978434)
(978431,978437)
(978431,978441)
(978431,978448)
(978431,978452)
(978431,978459)
(978431,978461)
(978431,978467)
(978431,978469)
(978431,978475)
(978431,978479)
(978431,978487)
(978431,978488)
(978431,978497)
(978431,978499)
(978431,978503)
(978431,978510)
(978431,978513)
(978431,978516)
(978431,978526)
(978431,978534)
(978431,978535)
(978431,978541)
(978431,978548)
(978431,978552)
(978431,978557)
(978431,978567)
(978431,978570)
(978431,978580)
(978431,978586)
(978431,978589)
(978431,978597)
(978431,978603)
(978431,978607)
(978431,978617)
(978431,978621)
(978431,978634)
(978431,978638)
(978431,978643)
(978431,978650)
(978431,978654)
(978431,978660)
(978431,978662)
(978431,978670)
(978431,978680)
(978431,978686)
(978431,978692)
(978431,978696)
(978431,978700)
(978431,978706)
(978431,978712)
(978431,978717)
(978431,978720)
(978431,978721)
(978431,978727)
(978431,978732)
(978431,978737)
(978431,978745)
(978431,978747)
(978431,978750)
(978431,978757)
(978431,978762)
(978431,978768)
(978431,978777)
(978431,978786)
(978431,978789)
(978431,978796)
(978431,978802)
(978431,978808)
(978431,978811)
(978431,978819)
(978431,978827)
(978431,978833)
(978431,978836)
(978431,978844)
(978431,978850)
(978431,978854)
(978431,978857)
(978431,978867)
(978431,978875)
(978434,978437)
(978434,978441)
(978434,978448)
(978434,978452)
(978434,978459)
(978434,978461)
(978434,978467)
(978434,978469)
(978434,978475)
(978434,978479)
(978434,978487)
(978434,978488)
(978434,978497)
(978434,978499)
(978434,978503)
(978434,978510)
(978434,978513)
(978434,978516)
(978434,978526)
(978434,978534)
(978434,978535)
(978434,978541)
(978434,978548)
(978434,978552)
(978434,978557)
(978434,978567)
(978434,978570)
(978434,978580)
(978434,978586)
(978434,978589)
(978434,978597)
(978434,978603)
(978434,978607)
(978434,978617)
(978434,978621)
(978434,978634)
(978434,978638)
(978434,978643)
(978434,978650)
(978434,978654)
(978434,978660)
(978434,978662)
(978434,978670)
(978434,978680)
(978434,978686)
(978434,978692)
(978434,978696)
(978434,978700)
(978434,978706)
(978434,978712)
(978434,978717)
(978434,978720)
(978434,978721)
(978434,978727)
(978434,978732)
(978434,978737)
(978434,978745)
(978434,978747)
(978434,978750)
(978434,978757)
(978434,978762)
(978434,978768)
(978434,978777)
(978434,978786)
(978434,978789)
(978434,978796)
(978434,978802)
(978434,978808)
(978434,978811)
(978434,978819)
(978434,978827)
(978434,978833)
(978434,978836)
(978434,978844)
(978434,978850)
(978434,978854)
(978434,978857)
(978434,978867)
(978434,978875)
(978437,978441)
(978437,978448)
(978437,978452)
(978437,978459)
(978437,978461)
(978437,978467)
(978437,978469)
(978437,978475)
(978437,978479)
(978437,978487)
(978437,978488)
(978437,978497)
(978437,978499)
(978437,978503)
(978437,978510)
(978437,978513)
(978437,978516)
(978437,978526)
(978437,978534)
(978437,978535)
(978437,978541)
(978437,978548)
(978437,978552)
(978437,978557)
(978437,978567)
(978437,978570)
(978437,978580)
(978437,978586)
(978437,978589)
(978437,978597)
(978437,978603)
(978437,978607)
(978437,978617)
(978437,978621)
(978437,978634)
(978437,978638)
(978437,978643)
(978437,978650)
(978437,978654)
(978437,978660)
(978437,978662)
(978437,978670)
(978437,978680)
(978437,978686)
(978437,978692)
(978437,978696)
(978437,978700)
(978437,978706)
(978437,978712)
(978437,978717)
(978437,978720)
(978437,978721)
(978437,978727)
(978437,978732)
(978437,978737)
(978437,978745)
(978437,978747)
(978437,978750)
(978437,978757)
(978437,978762)
(978437,978768)
(978437,978777)
(978437,978786)
(978437,978789)
(978437,978796)
(978437,978802)
(978437,978808)
(978437,978811)
(978437,978819)
(978437,978827)
(978437,978833)
(978437,978836)
(978437,978844)
(978437,978850)
(978437,978854)
(978437,978857)
(978437,978867)
(978437,978875)
(978441,978448)
(978441,978452)
(978441,978459)
(978441,978461)
(978441,978467)
(978441,978469)
(978441,978475)
(978441,978479)
(978441,978487)
(978441,978488)
(978441,978497)
(978441,978499)
(978441,978503)
(978441,978510)
(978441,978513)
(978441,978516)
(978441,978526)
(978441,978534)
(978441,978535)
(978441,978541)
(978441,978548)
(978441,978552)
(978441,978557)
(978441,978567)
(978441,978570)
(978441,978580)
(978441,978586)
(978441,978589)
(978441,978597)
(978441,978603)
(978441,978607)
(978441,978617)
(978441,978621)
(978441,978634)
(978441,978638)
(978441,978643)
(978441,978650)
(978441,978654)
(978441,978660)
(978441,978662)
(978441,978670)
(978441,978680)
(978441,978686)
(978441,978692)
(978441,978696)
(978441,978700)
(978441,978706)
(978441,978712)
(978441,978717)
(978441,978720)
(978441,978721)
(978441,978727)
(978441,978732)
(978441,978737)
(978441,978745)
(978441,978747)
(978441,978750)
(978441,978757)
(978441,978762)
(978441,978768)
(978441,978777)
(978441,978786)
(978441,978789)
(978441,978796)
(978441,978802)
(978441,978808)
(978441,978811)
(978441,978819)
(978441,978827)
(978441,978833)
(978441,978836)
(978441,978844)
(978441,978850)
(978441,978854)
(978441,978857)
(978441,978867)
(978441,978875)
(978448,978452)
(978448,978459)
(978448,978461)
(978448,978467)
(978448,978469)
(978448,978475)
(978448,978479)
(978448,978487)
(978448,978488)
(978448,978497)
(978448,978499)
(978448,978503)
(978448,978510)
(978448,978513)
(978448,978516)
(978448,978526)
(978448,978534)
(978448,978535)
(978448,978541)
(978448,978548)
(978448,978552)
(978448,978557)
(978448,978567)
(978448,978570)
(978448,978580)
(978448,978586)
(978448,978589)
(978448,978597)
(978448,978603)
(978448,978607)
(978448,978617)
(978448,978621)
(978448,978634)
(978448,978638)
(978448,978643)
(978448,978650)
(978448,978654)
(978448,978660)
(978448,978662)
(978448,978670)
(978448,978680)
(978448,978686)
(978448,978692)
(978448,978696)
(978448,978700)
(978448,978706)
(978448,978712)
(978448,978717)
(978448,978720)
(978448,978721)
(978448,978727)
(978448,978732)
(978448,978737)
(978448,978745)
(978448,978747)
(978448,978750)
(978448,978757)
(978448,978762)
(978448,978768)
(978448,978777)
(978448,978786)
(978448,978789)
(978448,978796)
(978448,978802)
(978448,978808)
(978448,978811)
(978448,978819)
(978448,978827)
(978448,978833)
(978448,978836)
(978448,978844)
(978448,978850)
(978448,978854)
(978448,978857)
(978448,978867)
(978448,978875)
(978452,978459)
(978452,978461)
(978452,978467)
(978452,978469)
(978452,978475)
(978452,978479)
(978452,978487)
(978452,978488)
(978452,978497)
(978452,978499)
(978452,978503)
(978452,978510)
(978452,978513)
(978452,978516)
(978452,978526)
(978452,978534)
(978452,978535)
(978452,978541)
(978452,978548)
(978452,978552)
(978452,978557)
(978452,978567)
(978452,978570)
(978452,978580)
(978452,978586)
(978452,978589)
(978452,978597)
(978452,978603)
(978452,978607)
(978452,978617)
(978452,978621)
(978452,978634)
(978452,978638)
(978452,978643)
(978452,978650)
(978452,978654)
(978452,978660)
(978452,978662)
(978452,978670)
(978452,978680)
(978452,978686)
(978452,978692)
(978452,978696)
(978452,978700)
(978452,978706)
(978452,978712)
(978452,978717)
(978452,978720)
(978452,978721)
(978452,978727)
(978452,978732)
(978452,978737)
(978452,978745)
(978452,978747)
(978452,978750)
(978452,978757)
(978452,978762)
(978452,978768)
(978452,978777)
(978452,978786)
(978452,978789)
(978452,978796)
(978452,978802)
(978452,978808)
(978452,978811)
(978452,978819)
(978452,978827)
(978452,978833)
(978452,978836)
(978452,978844)
(978452,978850)
(978452,978854)
(978452,978857)
(978452,978867)
(978452,978875)
(978459,978461)
(978459,978467)
(978459,978469)
(978459,978475)
(978459,978479)
(978459,978487)
(978459,978488)
(978459,978497)
(978459,978499)
(978459,978503)
(978459,978510)
(978459,978513)
(978459,978516)
(978459,978526)
(978459,978534)
(978459,978535)
(978459,978541)
(978459,978548)
(978459,978552)
(978459,978557)
(978459,978567)
(978459,978570)
(978459,978580)
(978459,978586)
(978459,978589)
(978459,978597)
(978459,978603)
(978459,978607)
(978459,978617)
(978459,978621)
(978459,978634)
(978459,978638)
(978459,978643)
(978459,978650)
(978459,978654)
(978459,978660)
(978459,978662)
(978459,978670)
(978459,978680)
(978459,978686)
(978459,978692)
(978459,978696)
(978459,978700)
(978459,978706)
(978459,978712)
(978459,978717)
(978459,978720)
(978459,978721)
(978459,978727)
(978459,978732)
(978459,978737)
(978459,978745)
(978459,978747)
(978459,978750)
(978459,978757)
(978459,978762)
(978459,978768)
(978459,978777)
(978459,978786)
(978459,978789)
(978459,978796)
(978459,978802)
(978459,978808)
(978459,978811)
(978459,978819)
(978459,978827)
(978459,978833)
(978459,978836)
(978459,978844)
(978459,978850)
(978459,978854)
(978459,978857)
(978459,978867)
(978459,978875)
(978461,978467)
(978461,978469)
(978461,978475)
(978461,978479)
(978461,978487)
(978461,978488)
(978461,978497)
(978461,978499)
(978461,978503)
(978461,978510)
(978461,978513)
(978461,978516)
(978461,978526)
(978461,978534)
(978461,978535)
(978461,978541)
(978461,978548)
(978461,978552)
(978461,978557)
(978461,978567)
(978461,978570)
(978461,978580)
(978461,978586)
(978461,978589)
(978461,978597)
(978461,978603)
(978461,978607)
(978461,978617)
(978461,978621)
(978461,978634)
(978461,978638)
(978461,978643)
(978461,978650)
(978461,978654)
(978461,978660)
(978461,978662)
(978461,978670)
(978461,978680)
(978461,978686)
(978461,978692)
(978461,978696)
(978461,978700)
(978461,978706)
(978461,978712)
(978461,978717)
(978461,978720)
(978461,978721)
(978461,978727)
(978461,978732)
(978461,978737)
(978461,978745)
(978461,978747)
(978461,978750)
(978461,978757)
(978461,978762)
(978461,978768)
(978461,978777)
(978461,978786)
(978461,978789)
(978461,978796)
(978461,978802)
(978461,978808)
(978461,978811)
(978461,978819)
(978461,978827)
(978461,978833)
(978461,978836)
(978461,978844)
(978461,978850)
(978461,978854)
(978461,978857)
(978461,978867)
(978461,978875)
(978467,978469)
(978467,978475)
(978467,978479)
(978467,978487)
(978467,978488)
(978467,978497)
(978467,978499)
(978467,978503)
(978467,978510)
(978467,978513)
(978467,978516)
(978467,978526)
(978467,978534)
(978467,978535)
(978467,978541)
(978467,978548)
(978467,978552)
(978467,978557)
(978467,978567)
(978467,978570)
(978467,978580)
(978467,978586)
(978467,978589)
(978467,978597)
(978467,978603)
(978467,978607)
(978467,978617)
(978467,978621)
(978467,978634)
(978467,978638)
(978467,978643)
(978467,978650)
(978467,978654)
(978467,978660)
(978467,978662)
(978467,978670)
(978467,978680)
(978467,978686)
(978467,978692)
(978467,978696)
(978467,978700)
(978467,978706)
(978467,978712)
(978467,978717)
(978467,978720)
(978467,978721)
(978467,978727)
(978467,978732)
(978467,978737)
(978467,978745)
(978467,978747)
(978467,978750)
(978467,978757)
(978467,978762)
(978467,978768)
(978467,978777)
(978467,978786)
(978467,978789)
(978467,978796)
(978467,978802)
(978467,978808)
(978467,978811)
(978467,978819)
(978467,978827)
(978467,978833)
(978467,978836)
(978467,978844)
(978467,978850)
(978467,978854)
(978467,978857)
(978467,978867)
(978467,978875)
(978469,978475)
(978469,978479)
(978469,978487)
(978469,978488)
(978469,978497)
(978469,978499)
(978469,978503)
(978469,978510)
(978469,978513)
(978469,978516)
(978469,978526)
(978469,978534)
(978469,978535)
(978469,978541)
(978469,978548)
(978469,978552)
(978469,978557)
(978469,978567)
(978469,978570)
(978469,978580)
(978469,978586)
(978469,978589)
(978469,978597)
(978469,978603)
(978469,978607)
(978469,978617)
(978469,978621)
(978469,978634)
(978469,978638)
(978469,978643)
(978469,978650)
(978469,978654)
(978469,978660)
(978469,978662)
(978469,978670)
(978469,978680)
(978469,978686)
(978469,978692)
(978469,978696)
(978469,978700)
(978469,978706)
(978469,978712)
(978469,978717)
(978469,978720)
(978469,978721)
(978469,978727)
(978469,978732)
(978469,978737)
(978469,978745)
(978469,978747)
(978469,978750)
(978469,978757)
(978469,978762)
(978469,978768)
(978469,978777)
(978469,978786)
(978469,978789)
(978469,978796)
(978469,978802)
(978469,978808)
(978469,978811)
(978469,978819)
(978469,978827)
(978469,978833)
(978469,978836)
(978469,978844)
(978469,978850)
(978469,978854)
(978469,978857)
(978469,978867)
(978469,978875)
(978475,978479)
(978475,978487)
(978475,978488)
(978475,978497)
(978475,978499)
(978475,978503)
(978475,978510)
(978475,978513)
(978475,978516)
(978475,978526)
(978475,978534)
(978475,978535)
(978475,978541)
(978475,978548)
(978475,978552)
(978475,978557)
(978475,978567)
(978475,978570)
(978475,978580)
(978475,978586)
(978475,978589)
(978475,978597)
(978475,978603)
(978475,978607)
(978475,978617)
(978475,978621)
(978475,978634)
(978475,978638)
(978475,978643)
(978475,978650)
(978475,978654)
(978475,978660)
(978475,978662)
(978475,978670)
(978475,978680)
(978475,978686)
(978475,978692)
(978475,978696)
(978475,978700)
(978475,978706)
(978475,978712)
(978475,978717)
(978475,978720)
(978475,978721)
(978475,978727)
(978475,978732)
(978475,978737)
(978475,978745)
(978475,978747)
(978475,978750)
(978475,978757)
(978475,978762)
(978475,978768)
(978475,978777)
(978475,978786)
(978475,978789)
(978475,978796)
(978475,978802)
(978475,978808)
(978475,978811)
(978475,978819)
(978475,978827)
(978475,978833)
(978475,978836)
(978475,978844)
(978475,978850)
(978475,978854)
(978475,978857)
(978475,978867)
(978475,978875)
(978479,978487)
(978479,978488)
(978479,978497)
(978479,978499)
(978479,978503)
(978479,978510)
(978479,978513)
(978479,978516)
(978479,978526)
(978479,978534)
(978479,978535)
(978479,978541)
(978479,978548)
(978479,978552)
(978479,978557)
(978479,978567)
(978479,978570)
(978479,978580)
(978479,978586)
(978479,978589)
(978479,978597)
(978479,978603)
(978479,978607)
(978479,978617)
(978479,978621)
(978479,978634)
(978479,978638)
(978479,978643)
(978479,978650)
(978479,978654)
(978479,978660)
(978479,978662)
(978479,978670)
(978479,978680)
(978479,978686)
(978479,978692)
(978479,978696)
(978479,978700)
(978479,978706)
(978479,978712)
(978479,978717)
(978479,978720)
(978479,978721)
(978479,978727)
(978479,978732)
(978479,978737)
(978479,978745)
(978479,978747)
(978479,978750)
(978479,978757)
(978479,978762)
(978479,978768)
(978479,978777)
(978479,978786)
(978479,978789)
(978479,978796)
(978479,978802)
(978479,978808)
(978479,978811)
(978479,978819)
(978479,978827)
(978479,978833)
(978479,978836)
(978479,978844)
(978479,978850)
(978479,978854)
(978479,978857)
(978479,978867)
(978479,978875)
(978487,978488)
(978487,978497)
(978487,978499)
(978487,978503)
(978487,978510)
(978487,978513)
(978487,978516)
(978487,978526)
(978487,978534)
(978487,978535)
(978487,978541)
(978487,978548)
(978487,978552)
(978487,978557)
(978487,978567)
(978487,978570)
(978487,978580)
(978487,978586)
(978487,978589)
(978487,978597)
(978487,978603)
(978487,978607)
(978487,978617)
(978487,978621)
(978487,978634)
(978487,978638)
(978487,978643)
(978487,978650)
(978487,978654)
(978487,978660)
(978487,978662)
(978487,978670)
(978487,978680)
(978487,978686)
(978487,978692)
(978487,978696)
(978487,978700)
(978487,978706)
(978487,978712)
(978487,978717)
(978487,978720)
(978487,978721)
(978487,978727)
(978487,978732)
(978487,978737)
(978487,978745)
(978487,978747)
(978487,978750)
(978487,978757)
(978487,978762)
(978487,978768)
(978487,978777)
(978487,978786)
(978487,978789)
(978487,978796)
(978487,978802)
(978487,978808)
(978487,978811)
(978487,978819)
(978487,978827)
(978487,978833)
(978487,978836)
(978487,978844)
(978487,978850)
(978487,978854)
(978487,978857)
(978487,978867)
(978487,978875)
(978488,978497)
(978488,978499)
(978488,978503)
(978488,978510)
(978488,978513)
(978488,978516)
(978488,978526)
(978488,978534)
(978488,978535)
(978488,978541)
(978488,978548)
(978488,978552)
(978488,978557)
(978488,978567)
(978488,978570)
(978488,978580)
(978488,978586)
(978488,978589)
(978488,978597)
(978488,978603)
(978488,978607)
(978488,978617)
(978488,978621)
(978488,978634)
(978488,978638)
(978488,978643)
(978488,978650)
(978488,978654)
(978488,978660)
(978488,978662)
(978488,978670)
(978488,978680)
(978488,978686)
(978488,978692)
(978488,978696)
(978488,978700)
(978488,978706)
(978488,978712)
(978488,978717)
(978488,978720)
(978488,978721)
(978488,978727)
(978488,978732)
(978488,978737)
(978488,978745)
(978488,978747)
(978488,978750)
(978488,978757)
(978488,978762)
(978488,978768)
(978488,978777)
(978488,978786)
(978488,978789)
(978488,978796)
(978488,978802)
(978488,978808)
(978488,978811)
(978488,978819)
(978488,978827)
(978488,978833)
(978488,978836)
(978488,978844)
(978488,978850)
(978488,978854)
(978488,978857)
(978488,978867)
(978488,978875)
(978497,978499)
(978497,978503)
(978497,978510)
(978497,978513)
(978497,978516)
(978497,978526)
(978497,978534)
(978497,978535)
(978497,978541)
(978497,978548)
(978497,978552)
(978497,978557)
(978497,978567)
(978497,978570)
(978497,978580)
(978497,978586)
(978497,978589)
(978497,978597)
(978497,978603)
(978497,978607)
(978497,978617)
(978497,978621)
(978497,978634)
(978497,978638)
(978497,978643)
(978497,978650)
(978497,978654)
(978497,978660)
(978497,978662)
(978497,978670)
(978497,978680)
(978497,978686)
(978497,978692)
(978497,978696)
(978497,978700)
(978497,978706)
(978497,978712)
(978497,978717)
(978497,978720)
(978497,978721)
(978497,978727)
(978497,978732)
(978497,978737)
(978497,978745)
(978497,978747)
(978497,978750)
(978497,978757)
(978497,978762)
(978497,978768)
(978497,978777)
(978497,978786)
(978497,978789)
(978497,978796)
(978497,978802)
(978497,978808)
(978497,978811)
(978497,978819)
(978497,978827)
(978497,978833)
(978497,978836)
(978497,978844)
(978497,978850)
(978497,978854)
(978497,978857)
(978497,978867)
(978497,978875)
(978499,978503)
(978499,978510)
(978499,978513)
(978499,978516)
(978499,978526)
(978499,978534)
(978499,978535)
(978499,978541)
(978499,978548)
(978499,978552)
(978499,978557)
(978499,978567)
(978499,978570)
(978499,978580)
(978499,978586)
(978499,978589)
(978499,978597)
(978499,978603)
(978499,978607)
(978499,978617)
(978499,978621)
(978499,978634)
(978499,978638)
(978499,978643)
(978499,978650)
(978499,978654)
(978499,978660)
(978499,978662)
(978499,978670)
(978499,978680)
(978499,978686)
(978499,978692)
(978499,978696)
(978499,978700)
(978499,978706)
(978499,978712)
(978499,978717)
(978499,978720)
(978499,978721)
(978499,978727)
(978499,978732)
(978499,978737)
(978499,978745)
(978499,978747)
(978499,978750)
(978499,978757)
(978499,978762)
(978499,978768)
(978499,978777)
(978499,978786)
(978499,978789)
(978499,978796)
(978499,978802)
(978499,978808)
(978499,978811)
(978499,978819)
(978499,978827)
(978499,978833)
(978499,978836)
(978499,978844)
(978499,978850)
(978499,978854)
(978499,978857)
(978499,978867)
(978499,978875)
(978503,978510)
(978503,978513)
(978503,978516)
(978503,978526)
(978503,978534)
(978503,978535)
(978503,978541)
(978503,978548)
(978503,978552)
(978503,978557)
(978503,978567)
(978503,978570)
(978503,978580)
(978503,978586)
(978503,978589)
(978503,978597)
(978503,978603)
(978503,978607)
(978503,978617)
(978503,978621)
(978503,978634)
(978503,978638)
(978503,978643)
(978503,978650)
(978503,978654)
(978503,978660)
(978503,978662)
(978503,978670)
(978503,978680)
(978503,978686)
(978503,978692)
(978503,978696)
(978503,978700)
(978503,978706)
(978503,978712)
(978503,978717)
(978503,978720)
(978503,978721)
(978503,978727)
(978503,978732)
(978503,978737)
(978503,978745)
(978503,978747)
(978503,978750)
(978503,978757)
(978503,978762)
(978503,978768)
(978503,978777)
(978503,978786)
(978503,978789)
(978503,978796)
(978503,978802)
(978503,978808)
(978503,978811)
(978503,978819)
(978503,978827)
(978503,978833)
(978503,978836)
(978503,978844)
(978503,978850)
(978503,978854)
(978503,978857)
(978503,978867)
(978503,978875)
(978510,978513)
(978510,978516)
(978510,978526)
(978510,978534)
(978510,978535)
(978510,978541)
(978510,978548)
(978510,978552)
(978510,978557)
(978510,978567)
(978510,978570)
(978510,978580)
(978510,978586)
(978510,978589)
(978510,978597)
(978510,978603)
(978510,978607)
(978510,978617)
(978510,978621)
(978510,978634)
(978510,978638)
(978510,978643)
(978510,978650)
(978510,978654)
(978510,978660)
(978510,978662)
(978510,978670)
(978510,978680)
(978510,978686)
(978510,978692)
(978510,978696)
(978510,978700)
(978510,978706)
(978510,978712)
(978510,978717)
(978510,978720)
(978510,978721)
(978510,978727)
(978510,978732)
(978510,978737)
(978510,978745)
(978510,978747)
(978510,978750)
(978510,978757)
(978510,978762)
(978510,978768)
(978510,978777)
(978510,978786)
(978510,978789)
(978510,978796)
(978510,978802)
(978510,978808)
(978510,978811)
(978510,978819)
(978510,978827)
(978510,978833)
(978510,978836)
(978510,978844)
(978510,978850)
(978510,978854)
(978510,978857)
(978510,978867)
(978510,978875)
(978513,978516)
(978513,978526)
(978513,978534)
(978513,978535)
(978513,978541)
(978513,978548)
(978513,978552)
(978513,978557)
(978513,978567)
(978513,978570)
(978513,978580)
(978513,978586)
(978513,978589)
(978513,978597)
(978513,978603)
(978513,978607)
(978513,978617)
(978513,978621)
(978513,978634)
(978513,978638)
(978513,978643)
(978513,978650)
(978513,978654)
(978513,978660)
(978513,978662)
(978513,978670)
(978513,978680)
(978513,978686)
(978513,978692)
(978513,978696)
(978513,978700)
(978513,978706)
(978513,978712)
(978513,978717)
(978513,978720)
(978513,978721)
(978513,978727)
(978513,978732)
(978513,978737)
(978513,978745)
(978513,978747)
(978513,978750)
(978513,978757)
(978513,978762)
(978513,978768)
(978513,978777)
(978513,978786)
(978513,978789)
(978513,978796)
(978513,978802)
(978513,978808)
(978513,978811)
(978513,978819)
(978513,978827)
(978513,978833)
(978513,978836)
(978513,978844)
(978513,978850)
(978513,978854)
(978513,978857)
(978513,978867)
(978513,978875)
(978516,978526)
(978516,978534)
(978516,978535)
(978516,978541)
(978516,978548)
(978516,978552)
(978516,978557)
(978516,978567)
(978516,978570)
(978516,978580)
(978516,978586)
(978516,978589)
(978516,978597)
(978516,978603)
(978516,978607)
(978516,978617)
(978516,978621)
(978516,978634)
(978516,978638)
(978516,978643)
(978516,978650)
(978516,978654)
(978516,978660)
(978516,978662)
(978516,978670)
(978516,978680)
(978516,978686)
(978516,978692)
(978516,978696)
(978516,978700)
(978516,978706)
(978516,978712)
(978516,978717)
(978516,978720)
(978516,978721)
(978516,978727)
(978516,978732)
(978516,978737)
(978516,978745)
(978516,978747)
(978516,978750)
(978516,978757)
(978516,978762)
(978516,978768)
(978516,978777)
(978516,978786)
(978516,978789)
(978516,978796)
(978516,978802)
(978516,978808)
(978516,978811)
(978516,978819)
(978516,978827)
(978516,978833)
(978516,978836)
(978516,978844)
(978516,978850)
(978516,978854)
(978516,978857)
(978516,978867)
(978516,978875)
(978526,978534)
(978526,978535)
(978526,978541)
(978526,978548)
(978526,978552)
(978526,978557)
(978526,978567)
(978526,978570)
(978526,978580)
(978526,978586)
(978526,978589)
(978526,978597)
(978526,978603)
(978526,978607)
(978526,978617)
(978526,978621)
(978526,978634)
(978526,978638)
(978526,978643)
(978526,978650)
(978526,978654)
(978526,978660)
(978526,978662)
(978526,978670)
(978526,978680)
(978526,978686)
(978526,978692)
(978526,978696)
(978526,978700)
(978526,978706)
(978526,978712)
(978526,978717)
(978526,978720)
(978526,978721)
(978526,978727)
(978526,978732)
(978526,978737)
(978526,978745)
(978526,978747)
(978526,978750)
(978526,978757)
(978526,978762)
(978526,978768)
(978526,978777)
(978526,978786)
(978526,978789)
(978526,978796)
(978526,978802)
(978526,978808)
(978526,978811)
(978526,978819)
(978526,978827)
(978526,978833)
(978526,978836)
(978526,978844)
(978526,978850)
(978526,978854)
(978526,978857)
(978526,978867)
(978526,978875)
(978534,978535)
(978534,978541)
(978534,978548)
(978534,978552)
(978534,978557)
(978534,978567)
(978534,978570)
(978534,978580)
(978534,978586)
(978534,978589)
(978534,978597)
(978534,978603)
(978534,978607)
(978534,978617)
(978534,978621)
(978534,978634)
(978534,978638)
(978534,978643)
(978534,978650)
(978534,978654)
(978534,978660)
(978534,978662)
(978534,978670)
(978534,978680)
(978534,978686)
(978534,978692)
(978534,978696)
(978534,978700)
(978534,978706)
(978534,978712)
(978534,978717)
(978534,978720)
(978534,978721)
(978534,978727)
(978534,978732)
(978534,978737)
(978534,978745)
(978534,978747)
(978534,978750)
(978534,978757)
(978534,978762)
(978534,978768)
(978534,978777)
(978534,978786)
(978534,978789)
(978534,978796)
(978534,978802)
(978534,978808)
(978534,978811)
(978534,978819)
(978534,978827)
(978534,978833)
(978534,978836)
(978534,978844)
(978534,978850)
(978534,978854)
(978534,978857)
(978534,978867)
(978534,978875)
(978535,978541)
(978535,978548)
(978535,978552)
(978535,978557)
(978535,978567)
(978535,978570)
(978535,978580)
(978535,978586)
(978535,978589)
(978535,978597)
(978535,978603)
(978535,978607)
(978535,978617)
(978535,978621)
(978535,978634)
(978535,978638)
(978535,978643)
(978535,978650)
(978535,978654)
(978535,978660)
(978535,978662)
(978535,978670)
(978535,978680)
(978535,978686)
(978535,978692)
(978535,978696)
(978535,978700)
(978535,978706)
(978535,978712)
(978535,978717)
(978535,978720)
(978535,978721)
(978535,978727)
(978535,978732)
(978535,978737)
(978535,978745)
(978535,978747)
(978535,978750)
(978535,978757)
(978535,978762)
(978535,978768)
(978535,978777)
(978535,978786)
(978535,978789)
(978535,978796)
(978535,978802)
(978535,978808)
(978535,978811)
(978535,978819)
(978535,978827)
(978535,978833)
(978535,978836)
(978535,978844)
(978535,978850)
(978535,978854)
(978535,978857)
(978535,978867)
(978535,978875)
(978541,978548)
(978541,978552)
(978541,978557)
(978541,978567)
(978541,978570)
(978541,978580)
(978541,978586)
(978541,978589)
(978541,978597)
(978541,978603)
(978541,978607)
(978541,978617)
(978541,978621)
(978541,978634)
(978541,978638)
(978541,978643)
(978541,978650)
(978541,978654)
(978541,978660)
(978541,978662)
(978541,978670)
(978541,978680)
(978541,978686)
(978541,978692)
(978541,978696)
(978541,978700)
(978541,978706)
(978541,978712)
(978541,978717)
(978541,978720)
(978541,978721)
(978541,978727)
(978541,978732)
(978541,978737)
(978541,978745)
(978541,978747)
(978541,978750)
(978541,978757)
(978541,978762)
(978541,978768)
(978541,978777)
(978541,978786)
(978541,978789)
(978541,978796)
(978541,978802)
(978541,978808)
(978541,978811)
(978541,978819)
(978541,978827)
(978541,978833)
(978541,978836)
(978541,978844)
(978541,978850)
(978541,978854)
(978541,978857)
(978541,978867)
(978541,978875)
(978548,978552)
(978548,978557)
(978548,978567)
(978548,978570)
(978548,978580)
(978548,978586)
(978548,978589)
(978548,978597)
(978548,978603)
(978548,978607)
(978548,978617)
(978548,978621)
(978548,978634)
(978548,978638)
(978548,978643)
(978548,978650)
(978548,978654)
(978548,978660)
(978548,978662)
(978548,978670)
(978548,978680)
(978548,978686)
(978548,978692)
(978548,978696)
(978548,978700)
(978548,978706)
(978548,978712)
(978548,978717)
(978548,978720)
(978548,978721)
(978548,978727)
(978548,978732)
(978548,978737)
(978548,978745)
(978548,978747)
(978548,978750)
(978548,978757)
(978548,978762)
(978548,978768)
(978548,978777)
(978548,978786)
(978548,978789)
(978548,978796)
(978548,978802)
(978548,978808)
(978548,978811)
(978548,978819)
(978548,978827)
(978548,978833)
(978548,978836)
(978548,978844)
(978548,978850)
(978548,978854)
(978548,978857)
(978548,978867)
(978548,978875)
(978552,978557)
(978552,978567)
(978552,978570)
(978552,978580)
(978552,978586)
(978552,978589)
(978552,978597)
(978552,978603)
(978552,978607)
(978552,978617)
(978552,978621)
(978552,978634)
(978552,978638)
(978552,978643)
(978552,978650)
(978552,978654)
(978552,978660)
(978552,978662)
(978552,978670)
(978552,978680)
(978552,978686)
(978552,978692)
(978552,978696)
(978552,978700)
(978552,978706)
(978552,978712)
(978552,978717)
(978552,978720)
(978552,978721)
(978552,978727)
(978552,978732)
(978552,978737)
(978552,978745)
(978552,978747)
(978552,978750)
(978552,978757)
(978552,978762)
(978552,978768)
(978552,978777)
(978552,978786)
(978552,978789)
(978552,978796)
(978552,978802)
(978552,978808)
(978552,978811)
(978552,978819)
(978552,978827)
(978552,978833)
(978552,978836)
(978552,978844)
(978552,978850)
(978552,978854)
(978552,978857)
(978552,978867)
(978552,978875)
(978557,978567)
(978557,978570)
(978557,978580)
(978557,978586)
(978557,978589)
(978557,978597)
(978557,978603)
(978557,978607)
(978557,978617)
(978557,978621)
(978557,978634)
(978557,978638)
(978557,978643)
(978557,978650)
(978557,978654)
(978557,978660)
(978557,978662)
(978557,978670)
(978557,978680)
(978557,978686)
(978557,978692)
(978557,978696)
(978557,978700)
(978557,978706)
(978557,978712)
(978557,978717)
(978557,978720)
(978557,978721)
(978557,978727)
(978557,978732)
(978557,978737)
(978557,978745)
(978557,978747)
(978557,978750)
(978557,978757)
(978557,978762)
(978557,978768)
(978557,978777)
(978557,978786)
(978557,978789)
(978557,978796)
(978557,978802)
(978557,978808)
(978557,978811)
(978557,978819)
(978557,978827)
(978557,978833)
(978557,978836)
(978557,978844)
(978557,978850)
(978557,978854)
(978557,978857)
(978557,978867)
(978557,978875)
(978567,978570)
(978567,978580)
(978567,978586)
(978567,978589)
(978567,978597)
(978567,978603)
(978567,978607)
(978567,978617)
(978567,978621)
(978567,978634)
(978567,978638)
(978567,978643)
(978567,978650)
(978567,978654)
(978567,978660)
(978567,978662)
(978567,978670)
(978567,978680)
(978567,978686)
(978567,978692)
(978567,978696)
(978567,978700)
(978567,978706)
(978567,978712)
(978567,978717)
(978567,978720)
(978567,978721)
(978567,978727)
(978567,978732)
(978567,978737)
(978567,978745)
(978567,978747)
(978567,978750)
(978567,978757)
(978567,978762)
(978567,978768)
(978567,978777)
(978567,978786)
(978567,978789)
(978567,978796)
(978567,978802)
(978567,978808)
(978567,978811)
(978567,978819)
(978567,978827)
(978567,978833)
(978567,978836)
(978567,978844)
(978567,978850)
(978567,978854)
(978567,978857)
(978567,978867)
(978567,978875)
(978570,978580)
(978570,978586)
(978570,978589)
(978570,978597)
(978570,978603)
(978570,978607)
(978570,978617)
(978570,978621)
(978570,978634)
(978570,978638)
(978570,978643)
(978570,978650)
(978570,978654)
(978570,978660)
(978570,978662)
(978570,978670)
(978570,978680)
(978570,978686)
(978570,978692)
(978570,978696)
(978570,978700)
(978570,978706)
(978570,978712)
(978570,978717)
(978570,978720)
(978570,978721)
(978570,978727)
(978570,978732)
(978570,978737)
(978570,978745)
(978570,978747)
(978570,978750)
(978570,978757)
(978570,978762)
(978570,978768)
(978570,978777)
(978570,978786)
(978570,978789)
(978570,978796)
(978570,978802)
(978570,978808)
(978570,978811)
(978570,978819)
(978570,978827)
(978570,978833)
(978570,978836)
(978570,978844)
(978570,978850)
(978570,978854)
(978570,978857)
(978570,978867)
(978570,978875)
(978580,978586)
(978580,978589)
(978580,978597)
(978580,978603)
(978580,978607)
(978580,978617)
(978580,978621)
(978580,978634)
(978580,978638)
(978580,978643)
(978580,978650)
(978580,978654)
(978580,978660)
(978580,978662)
(978580,978670)
(978580,978680)
(978580,978686)
(978580,978692)
(978580,978696)
(978580,978700)
(978580,978706)
(978580,978712)
(978580,978717)
(978580,978720)
(978580,978721)
(978580,978727)
(978580,978732)
(978580,978737)
(978580,978745)
(978580,978747)
(978580,978750)
(978580,978757)
(978580,978762)
(978580,978768)
(978580,978777)
(978580,978786)
(978580,978789)
(978580,978796)
(978580,978802)
(978580,978808)
(978580,978811)
(978580,978819)
(978580,978827)
(978580,978833)
(978580,978836)
(978580,978844)
(978580,978850)
(978580,978854)
(978580,978857)
(978580,978867)
(978580,978875)
(978586,978589)
(978586,978597)
(978586,978603)
(978586,978607)
(978586,978617)
(978586,978621)
(978586,978634)
(978586,978638)
(978586,978643)
(978586,978650)
(978586,978654)
(978586,978660)
(978586,978662)
(978586,978670)
(978586,978680)
(978586,978686)
(978586,978692)
(978586,978696)
(978586,978700)
(978586,978706)
(978586,978712)
(978586,978717)
(978586,978720)
(978586,978721)
(978586,978727)
(978586,978732)
(978586,978737)
(978586,978745)
(978586,978747)
(978586,978750)
(978586,978757)
(978586,978762)
(978586,978768)
(978586,978777)
(978586,978786)
(978586,978789)
(978586,978796)
(978586,978802)
(978586,978808)
(978586,978811)
(978586,978819)
(978586,978827)
(978586,978833)
(978586,978836)
(978586,978844)
(978586,978850)
(978586,978854)
(978586,978857)
(978586,978867)
(978586,978875)
(978589,978597)
(978589,978603)
(978589,978607)
(978589,978617)
(978589,978621)
(978589,978634)
(978589,978638)
(978589,978643)
(978589,978650)
(978589,978654)
(978589,978660)
(978589,978662)
(978589,978670)
(978589,978680)
(978589,978686)
(978589,978692)
(978589,978696)
(978589,978700)
(978589,978706)
(978589,978712)
(978589,978717)
(978589,978720)
(978589,978721)
(978589,978727)
(978589,978732)
(978589,978737)
(978589,978745)
(978589,978747)
(978589,978750)
(978589,978757)
(978589,978762)
(978589,978768)
(978589,978777)
(978589,978786)
(978589,978789)
(978589,978796)
(978589,978802)
(978589,978808)
(978589,978811)
(978589,978819)
(978589,978827)
(978589,978833)
(978589,978836)
(978589,978844)
(978589,978850)
(978589,978854)
(978589,978857)
(978589,978867)
(978589,978875)
(978597,978603)
(978597,978607)
(978597,978617)
(978597,978621)
(978597,978634)
(978597,978638)
(978597,978643)
(978597,978650)
(978597,978654)
(978597,978660)
(978597,978662)
(978597,978670)
(978597,978680)
(978597,978686)
(978597,978692)
(978597,978696)
(978597,978700)
(978597,978706)
(978597,978712)
(978597,978717)
(978597,978720)
(978597,978721)
(978597,978727)
(978597,978732)
(978597,978737)
(978597,978745)
(978597,978747)
(978597,978750)
(978597,978757)
(978597,978762)
(978597,978768)
(978597,978777)
(978597,978786)
(978597,978789)
(978597,978796)
(978597,978802)
(978597,978808)
(978597,978811)
(978597,978819)
(978597,978827)
(978597,978833)
(978597,978836)
(978597,978844)
(978597,978850)
(978597,978854)
(978597,978857)
(978597,978867)
(978597,978875)
(978603,978607)
(978603,978617)
(978603,978621)
(978603,978634)
(978603,978638)
(978603,978643)
(978603,978650)
(978603,978654)
(978603,978660)
(978603,978662)
(978603,978670)
(978603,978680)
(978603,978686)
(978603,978692)
(978603,978696)
(978603,978700)
(978603,978706)
(978603,978712)
(978603,978717)
(978603,978720)
(978603,978721)
(978603,978727)
(978603,978732)
(978603,978737)
(978603,978745)
(978603,978747)
(978603,978750)
(978603,978757)
(978603,978762)
(978603,978768)
(978603,978777)
(978603,978786)
(978603,978789)
(978603,978796)
(978603,978802)
(978603,978808)
(978603,978811)
(978603,978819)
(978603,978827)
(978603,978833)
(978603,978836)
(978603,978844)
(978603,978850)
(978603,978854)
(978603,978857)
(978603,978867)
(978603,978875)
(978607,978617)
(978607,978621)
(978607,978634)
(978607,978638)
(978607,978643)
(978607,978650)
(978607,978654)
(978607,978660)
(978607,978662)
(978607,978670)
(978607,978680)
(978607,978686)
(978607,978692)
(978607,978696)
(978607,978700)
(978607,978706)
(978607,978712)
(978607,978717)
(978607,978720)
(978607,978721)
(978607,978727)
(978607,978732)
(978607,978737)
(978607,978745)
(978607,978747)
(978607,978750)
(978607,978757)
(978607,978762)
(978607,978768)
(978607,978777)
(978607,978786)
(978607,978789)
(978607,978796)
(978607,978802)
(978607,978808)
(978607,978811)
(978607,978819)
(978607,978827)
(978607,978833)
(978607,978836)
(978607,978844)
(978607,978850)
(978607,978854)
(978607,978857)
(978607,978867)
(978607,978875)
(978617,978621)
(978617,978634)
(978617,978638)
(978617,978643)
(978617,978650)
(978617,978654)
(978617,978660)
(978617,978662)
(978617,978670)
(978617,978680)
(978617,978686)
(978617,978692)
(978617,978696)
(978617,978700)
(978617,978706)
(978617,978712)
(978617,978717)
(978617,978720)
(978617,978721)
(978617,978727)
(978617,978732)
(978617,978737)
(978617,978745)
(978617,978747)
(978617,978750)
(978617,978757)
(978617,978762)
(978617,978768)
(978617,978777)
(978617,978786)
(978617,978789)
(978617,978796)
(978617,978802)
(978617,978808)
(978617,978811)
(978617,978819)
(978617,978827)
(978617,978833)
(978617,978836)
(978617,978844)
(978617,978850)
(978617,978854)
(978617,978857)
(978617,978867)
(978617,978875)
(978621,978634)
(978621,978638)
(978621,978643)
(978621,978650)
(978621,978654)
(978621,978660)
(978621,978662)
(978621,978670)
(978621,978680)
(978621,978686)
(978621,978692)
(978621,978696)
(978621,978700)
(978621,978706)
(978621,978712)
(978621,978717)
(978621,978720)
(978621,978721)
(978621,978727)
(978621,978732)
(978621,978737)
(978621,978745)
(978621,978747)
(978621,978750)
(978621,978757)
(978621,978762)
(978621,978768)
(978621,978777)
(978621,978786)
(978621,978789)
(978621,978796)
(978621,978802)
(978621,978808)
(978621,978811)
(978621,978819)
(978621,978827)
(978621,978833)
(978621,978836)
(978621,978844)
(978621,978850)
(978621,978854)
(978621,978857)
(978621,978867)
(978621,978875)
(978634,978638)
(978634,978643)
(978634,978650)
(978634,978654)
(978634,978660)
(978634,978662)
(978634,978670)
(978634,978680)
(978634,978686)
(978634,978692)
(978634,978696)
(978634,978700)
(978634,978706)
(978634,978712)
(978634,978717)
(978634,978720)
(978634,978721)
(978634,978727)
(978634,978732)
(978634,978737)
(978634,978745)
(978634,978747)
(978634,978750)
(978634,978757)
(978634,978762)
(978634,978768)
(978634,978777)
(978634,978786)
(978634,978789)
(978634,978796)
(978634,978802)
(978634,978808)
(978634,978811)
(978634,978819)
(978634,978827)
(978634,978833)
(978634,978836)
(978634,978844)
(978634,978850)
(978634,978854)
(978634,978857)
(978634,978867)
(978634,978875)
(978638,978643)
(978638,978650)
(978638,978654)
(978638,978660)
(978638,978662)
(978638,978670)
(978638,978680)
(978638,978686)
(978638,978692)
(978638,978696)
(978638,978700)
(978638,978706)
(978638,978712)
(978638,978717)
(978638,978720)
(978638,978721)
(978638,978727)
(978638,978732)
(978638,978737)
(978638,978745)
(978638,978747)
(978638,978750)
(978638,978757)
(978638,978762)
(978638,978768)
(978638,978777)
(978638,978786)
(978638,978789)
(978638,978796)
(978638,978802)
(978638,978808)
(978638,978811)
(978638,978819)
(978638,978827)
(978638,978833)
(978638,978836)
(978638,978844)
(978638,978850)
(978638,978854)
(978638,978857)
(978638,978867)
(978638,978875)
(978643,978650)
(978643,978654)
(978643,978660)
(978643,978662)
(978643,978670)
(978643,978680)
(978643,978686)
(978643,978692)
(978643,978696)
(978643,978700)
(978643,978706)
(978643,978712)
(978643,978717)
(978643,978720)
(978643,978721)
(978643,978727)
(978643,978732)
(978643,978737)
(978643,978745)
(978643,978747)
(978643,978750)
(978643,978757)
(978643,978762)
(978643,978768)
(978643,978777)
(978643,978786)
(978643,978789)
(978643,978796)
(978643,978802)
(978643,978808)
(978643,978811)
(978643,978819)
(978643,978827)
(978643,978833)
(978643,978836)
(978643,978844)
(978643,978850)
(978643,978854)
(978643,978857)
(978643,978867)
(978643,978875)
(978650,978654)
(978650,978660)
(978650,978662)
(978650,978670)
(978650,978680)
(978650,978686)
(978650,978692)
(978650,978696)
(978650,978700)
(978650,978706)
(978650,978712)
(978650,978717)
(978650,978720)
(978650,978721)
(978650,978727)
(978650,978732)
(978650,978737)
(978650,978745)
(978650,978747)
(978650,978750)
(978650,978757)
(978650,978762)
(978650,978768)
(978650,978777)
(978650,978786)
(978650,978789)
(978650,978796)
(978650,978802)
(978650,978808)
(978650,978811)
(978650,978819)
(978650,978827)
(978650,978833)
(978650,978836)
(978650,978844)
(978650,978850)
(978650,978854)
(978650,978857)
(978650,978867)
(978650,978875)
(978654,978660)
(978654,978662)
(978654,978670)
(978654,978680)
(978654,978686)
(978654,978692)
(978654,978696)
(978654,978700)
(978654,978706)
(978654,978712)
(978654,978717)
(978654,978720)
(978654,978721)
(978654,978727)
(978654,978732)
(978654,978737)
(978654,978745)
(978654,978747)
(978654,978750)
(978654,978757)
(978654,978762)
(978654,978768)
(978654,978777)
(978654,978786)
(978654,978789)
(978654,978796)
(978654,978802)
(978654,978808)
(978654,978811)
(978654,978819)
(978654,978827)
(978654,978833)
(978654,978836)
(978654,978844)
(978654,978850)
(978654,978854)
(978654,978857)
(978654,978867)
(978654,978875)
(978660,978662)
(978660,978670)
(978660,978680)
(978660,978686)
(978660,978692)
(978660,978696)
(978660,978700)
(978660,978706)
(978660,978712)
(978660,978717)
(978660,978720)
(978660,978721)
(978660,978727)
(978660,978732)
(978660,978737)
(978660,978745)
(978660,978747)
(978660,978750)
(978660,978757)
(978660,978762)
(978660,978768)
(978660,978777)
(978660,978786)
(978660,978789)
(978660,978796)
(978660,978802)
(978660,978808)
(978660,978811)
(978660,978819)
(978660,978827)
(978660,978833)
(978660,978836)
(978660,978844)
(978660,978850)
(978660,978854)
(978660,978857)
(978660,978867)
(978660,978875)
(978662,978670)
(978662,978680)
(978662,978686)
(978662,978692)
(978662,978696)
(978662,978700)
(978662,978706)
(978662,978712)
(978662,978717)
(978662,978720)
(978662,978721)
(978662,978727)
(978662,978732)
(978662,978737)
(978662,978745)
(978662,978747)
(978662,978750)
(978662,978757)
(978662,978762)
(978662,978768)
(978662,978777)
(978662,978786)
(978662,978789)
(978662,978796)
(978662,978802)
(978662,978808)
(978662,978811)
(978662,978819)
(978662,978827)
(978662,978833)
(978662,978836)
(978662,978844)
(978662,978850)
(978662,978854)
(978662,978857)
(978662,978867)
(978662,978875)
(978670,978680)
(978670,978686)
(978670,978692)
(978670,978696)
(978670,978700)
(978670,978706)
(978670,978712)
(978670,978717)
(978670,978720)
(978670,978721)
(978670,978727)
(978670,978732)
(978670,978737)
(978670,978745)
(978670,978747)
(978670,978750)
(978670,978757)
(978670,978762)
(978670,978768)
(978670,978777)
(978670,978786)
(978670,978789)
(978670,978796)
(978670,978802)
(978670,978808)
(978670,978811)
(978670,978819)
(978670,978827)
(978670,978833)
(978670,978836)
(978670,978844)
(978670,978850)
(978670,978854)
(978670,978857)
(978670,978867)
(978670,978875)
(978680,978686)
(978680,978692)
(978680,978696)
(978680,978700)
(978680,978706)
(978680,978712)
(978680,978717)
(978680,978720)
(978680,978721)
(978680,978727)
(978680,978732)
(978680,978737)
(978680,978745)
(978680,978747)
(978680,978750)
(978680,978757)
(978680,978762)
(978680,978768)
(978680,978777)
(978680,978786)
(978680,978789)
(978680,978796)
(978680,978802)
(978680,978808)
(978680,978811)
(978680,978819)
(978680,978827)
(978680,978833)
(978680,978836)
(978680,978844)
(978680,978850)
(978680,978854)
(978680,978857)
(978680,978867)
(978680,978875)
(978686,978692)
(978686,978696)
(978686,978700)
(978686,978706)
(978686,978712)
(978686,978717)
(978686,978720)
(978686,978721)
(978686,978727)
(978686,978732)
(978686,978737)
(978686,978745)
(978686,978747)
(978686,978750)
(978686,978757)
(978686,978762)
(978686,978768)
(978686,978777)
(978686,978786)
(978686,978789)
(978686,978796)
(978686,978802)
(978686,978808)
(978686,978811)
(978686,978819)
(978686,978827)
(978686,978833)
(978686,978836)
(978686,978844)
(978686,978850)
(978686,978854)
(978686,978857)
(978686,978867)
(978686,978875)
(978692,978696)
(978692,978700)
(978692,978706)
(978692,978712)
(978692,978717)
(978692,978720)
(978692,978721)
(978692,978727)
(978692,978732)
(978692,978737)
(978692,978745)
(978692,978747)
(978692,978750)
(978692,978757)
(978692,978762)
(978692,978768)
(978692,978777)
(978692,978786)
(978692,978789)
(978692,978796)
(978692,978802)
(978692,978808)
(978692,978811)
(978692,978819)
(978692,978827)
(978692,978833)
(978692,978836)
(978692,978844)
(978692,978850)
(978692,978854)
(978692,978857)
(978692,978867)
(978692,978875)
(978696,978700)
(978696,978706)
(978696,978712)
(978696,978717)
(978696,978720)
(978696,978721)
(978696,978727)
(978696,978732)
(978696,978737)
(978696,978745)
(978696,978747)
(978696,978750)
(978696,978757)
(978696,978762)
(978696,978768)
(978696,978777)
(978696,978786)
(978696,978789)
(978696,978796)
(978696,978802)
(978696,978808)
(978696,978811)
(978696,978819)
(978696,978827)
(978696,978833)
(978696,978836)
(978696,978844)
(978696,978850)
(978696,978854)
(978696,978857)
(978696,978867)
(978696,978875)
(978700,978706)
(978700,978712)
(978700,978717)
(978700,978720)
(978700,978721)
(978700,978727)
(978700,978732)
(978700,978737)
(978700,978745)
(978700,978747)
(978700,978750)
(978700,978757)
(978700,978762)
(978700,978768)
(978700,978777)
(978700,978786)
(978700,978789)
(978700,978796)
(978700,978802)
(978700,978808)
(978700,978811)
(978700,978819)
(978700,978827)
(978700,978833)
(978700,978836)
(978700,978844)
(978700,978850)
(978700,978854)
(978700,978857)
(978700,978867)
(978700,978875)
(978706,978712)
(978706,978717)
(978706,978720)
(978706,978721)
(978706,978727)
(978706,978732)
(978706,978737)
(978706,978745)
(978706,978747)
(978706,978750)
(978706,978757)
(978706,978762)
(978706,978768)
(978706,978777)
(978706,978786)
(978706,978789)
(978706,978796)
(978706,978802)
(978706,978808)
(978706,978811)
(978706,978819)
(978706,978827)
(978706,978833)
(978706,978836)
(978706,978844)
(978706,978850)
(978706,978854)
(978706,978857)
(978706,978867)
(978706,978875)
(978712,978717)
(978712,978720)
(978712,978721)
(978712,978727)
(978712,978732)
(978712,978737)
(978712,978745)
(978712,978747)
(978712,978750)
(978712,978757)
(978712,978762)
(978712,978768)
(978712,978777)
(978712,978786)
(978712,978789)
(978712,978796)
(978712,978802)
(978712,978808)
(978712,978811)
(978712,978819)
(978712,978827)
(978712,978833)
(978712,978836)
(978712,978844)
(978712,978850)
(978712,978854)
(978712,978857)
(978712,978867)
(978712,978875)
(978717,978720)
(978717,978721)
(978717,978727)
(978717,978732)
(978717,978737)
(978717,978745)
(978717,978747)
(978717,978750)
(978717,978757)
(978717,978762)
(978717,978768)
(978717,978777)
(978717,978786)
(978717,978789)
(978717,978796)
(978717,978802)
(978717,978808)
(978717,978811)
(978717,978819)
(978717,978827)
(978717,978833)
(978717,978836)
(978717,978844)
(978717,978850)
(978717,978854)
(978717,978857)
(978717,978867)
(978717,978875)
(978720,978721)
(978720,978727)
(978720,978732)
(978720,978737)
(978720,978745)
(978720,978747)
(978720,978750)
(978720,978757)
(978720,978762)
(978720,978768)
(978720,978777)
(978720,978786)
(978720,978789)
(978720,978796)
(978720,978802)
(978720,978808)
(978720,978811)
(978720,978819)
(978720,978827)
(978720,978833)
(978720,978836)
(978720,978844)
(978720,978850)
(978720,978854)
(978720,978857)
(978720,978867)
(978720,978875)
(978721,978727)
(978721,978732)
(978721,978737)
(978721,978745)
(978721,978747)
(978721,978750)
(978721,978757)
(978721,978762)
(978721,978768)
(978721,978777)
(978721,978786)
(978721,978789)
(978721,978796)
(978721,978802)
(978721,978808)
(978721,978811)
(978721,978819)
(978721,978827)
(978721,978833)
(978721,978836)
(978721,978844)
(978721,978850)
(978721,978854)
(978721,978857)
(978721,978867)
(978721,978875)
(978727,978732)
(978727,978737)
(978727,978745)
(978727,978747)
(978727,978750)
(978727,978757)
(978727,978762)
(978727,978768)
(978727,978777)
(978727,978786)
(978727,978789)
(978727,978796)
(978727,978802)
(978727,978808)
(978727,978811)
(978727,978819)
(978727,978827)
(978727,978833)
(978727,978836)
(978727,978844)
(978727,978850)
(978727,978854)
(978727,978857)
(978727,978867)
(978727,978875)
(978732,978737)
(978732,978745)
(978732,978747)
(978732,978750)
(978732,978757)
(978732,978762)
(978732,978768)
(978732,978777)
(978732,978786)
(978732,978789)
(978732,978796)
(978732,978802)
(978732,978808)
(978732,978811)
(978732,978819)
(978732,978827)
(978732,978833)
(978732,978836)
(978732,978844)
(978732,978850)
(978732,978854)
(978732,978857)
(978732,978867)
(978732,978875)
(978737,978745)
(978737,978747)
(978737,978750)
(978737,978757)
(978737,978762)
(978737,978768)
(978737,978777)
(978737,978786)
(978737,978789)
(978737,978796)
(978737,978802)
(978737,978808)
(978737,978811)
(978737,978819)
(978737,978827)
(978737,978833)
(978737,978836)
(978737,978844)
(978737,978850)
(978737,978854)
(978737,978857)
(978737,978867)
(978737,978875)
(978745,978747)
(978745,978750)
(978745,978757)
(978745,978762)
(978745,978768)
(978745,978777)
(978745,978786)
(978745,978789)
(978745,978796)
(978745,978802)
(978745,978808)
(978745,978811)
(978745,978819)
(978745,978827)
(978745,978833)
(978745,978836)
(978745,978844)
(978745,978850)
(978745,978854)
(978745,978857)
(978745,978867)
(978745,978875)
(978747,978750)
(978747,978757)
(978747,978762)
(978747,978768)
(978747,978777)
(978747,978786)
(978747,978789)
(978747,978796)
(978747,978802)
(978747,978808)
(978747,978811)
(978747,978819)
(978747,978827)
(978747,978833)
(978747,978836)
(978747,978844)
(978747,978850)
(978747,978854)
(978747,978857)
(978747,978867)
(978747,978875)
(978750,978757)
(978750,978762)
(978750,978768)
(978750,978777)
(978750,978786)
(978750,978789)
(978750,978796)
(978750,978802)
(978750,978808)
(978750,978811)
(978750,978819)
(978750,978827)
(978750,978833)
(978750,978836)
(978750,978844)
(978750,978850)
(978750,978854)
(978750,978857)
(978750,978867)
(978750,978875)
(978757,978762)
(978757,978768)
(978757,978777)
(978757,978786)
(978757,978789)
(978757,978796)
(978757,978802)
(978757,978808)
(978757,978811)
(978757,978819)
(978757,978827)
(978757,978833)
(978757,978836)
(978757,978844)
(978757,978850)
(978757,978854)
(978757,978857)
(978757,978867)
(978757,978875)
(978762,978768)
(978762,978777)
(978762,978786)
(978762,978789)
(978762,978796)
(978762,978802)
(978762,978808)
(978762,978811)
(978762,978819)
(978762,978827)
(978762,978833)
(978762,978836)
(978762,978844)
(978762,978850)
(978762,978854)
(978762,978857)
(978762,978867)
(978762,978875)
(978768,978777)
(978768,978786)
(978768,978789)
(978768,978796)
(978768,978802)
(978768,978808)
(978768,978811)
(978768,978819)
(978768,978827)
(978768,978833)
(978768,978836)
(978768,978844)
(978768,978850)
(978768,978854)
(978768,978857)
(978768,978867)
(978768,978875)
(978777,978786)
(978777,978789)
(978777,978796)
(978777,978802)
(978777,978808)
(978777,978811)
(978777,978819)
(978777,978827)
(978777,978833)
(978777,978836)
(978777,978844)
(978777,978850)
(978777,978854)
(978777,978857)
(978777,978867)
(978777,978875)
(978786,978789)
(978786,978796)
(978786,978802)
(978786,978808)
(978786,978811)
(978786,978819)
(978786,978827)
(978786,978833)
(978786,978836)
(978786,978844)
(978786,978850)
(978786,978854)
(978786,978857)
(978786,978867)
(978786,978875)
(978789,978796)
(978789,978802)
(978789,978808)
(978789,978811)
(978789,978819)
(978789,978827)
(978789,978833)
(978789,978836)
(978789,978844)
(978789,978850)
(978789,978854)
(978789,978857)
(978789,978867)
(978789,978875)
(978796,978802)
(978796,978808)
(978796,978811)
(978796,978819)
(978796,978827)
(978796,978833)
(978796,978836)
(978796,978844)
(978796,978850)
(978796,978854)
(978796,978857)
(978796,978867)
(978796,978875)
(978802,978808)
(978802,978811)
(978802,978819)
(978802,978827)
(978802,978833)
(978802,978836)
(978802,978844)
(978802,978850)
(978802,978854)
(978802,978857)
(978802,978867)
(978802,978875)
(978808,978811)
(978808,978819)
(978808,978827)
(978808,978833)
(978808,978836)
(978808,978844)
(978808,978850)
(978808,978854)
(978808,978857)
(978808,978867)
(978808,978875)
(978811,978819)
(978811,978827)
(978811,978833)
(978811,978836)
(978811,978844)
(978811,978850)
(978811,978854)
(978811,978857)
(978811,978867)
(978811,978875)
(978819,978827)
(978819,978833)
(978819,978836)
(978819,978844)
(978819,978850)
(978819,978854)
(978819,978857)
(978819,978867)
(978819,978875)
(978827,978833)
(978827,978836)
(978827,978844)
(978827,978850)
(978827,978854)
(978827,978857)
(978827,978867)
(978827,978875)
(978833,978836)
(978833,978844)
(978833,978850)
(978833,978854)
(978833,978857)
(978833,978867)
(978833,978875)
(978836,978844)
(978836,978850)
(978836,978854)
(978836,978857)
(978836,978867)
(978836,978875)
(978844,978850)
(978844,978854)
(978844,978857)
(978844,978867)
(978844,978875)
(978850,978854)
(978850,978857)
(978850,978867)
(978850,978875)
(978854,978857)
(978854,978867)
(978854,978875)
(978857,978867)
(978857,978875)
(978867,978875)
(541407,891710)
(541407,978975)
(541407,978978)
(541407,978985)
(541407,978991)
(541407,978997)
(541407,979002)
(541407,979004)
(541407,979011)
(541407,979013)
(541407,979023)
(541407,979033)
(541407,979040)
(541407,979051)
(891710,978975)
(891710,978978)
(891710,978985)
(891710,978991)
(891710,978997)
(891710,979002)
(891710,979004)
(891710,979011)
(891710,979013)
(891710,979023)
(891710,979033)
(891710,979040)
(891710,979051)
(978975,978978)
(978975,978985)
(978975,978991)
(978975,978997)
(978975,979002)
(978975,979004)
(978975,979011)
(978975,979013)
(978975,979023)
(978975,979033)
(978975,979040)
(978975,979051)
(978978,978985)
(978978,978991)
(978978,978997)
(978978,979002)
(978978,979004)
(978978,979011)
(978978,979013)
(978978,979023)
(978978,979033)
(978978,979040)
(978978,979051)
(978985,978991)
(978985,978997)
(978985,979002)
(978985,979004)
(978985,979011)
(978985,979013)
(978985,979023)
(978985,979033)
(978985,979040)
(978985,979051)
(978991,978997)
(978991,979002)
(978991,979004)
(978991,979011)
(978991,979013)
(978991,979023)
(978991,979033)
(978991,979040)
(978991,979051)
(978997,979002)
(978997,979004)
(978997,979011)
(978997,979013)
(978997,979023)
(978997,979033)
(978997,979040)
(978997,979051)
(979002,979004)
(979002,979011)
(979002,979013)
(979002,979023)
(979002,979033)
(979002,979040)
(979002,979051)
(979004,979011)
(979004,979013)
(979004,979023)
(979004,979033)
(979004,979040)
(979004,979051)
(979011,979013)
(979011,979023)
(979011,979033)
(979011,979040)
(979011,979051)
(979013,979023)
(979013,979033)
(979013,979040)
(979013,979051)
(979023,979033)
(979023,979040)
(979023,979051)
(979033,979040)
(979033,979051)
(979040,979051)
(780381,979062)
(978071,978077)
(978071,978084)
(978071,978089)
(978071,978091)
(978071,978101)
(978071,978105)
(978071,978111)
(978071,978118)
(978071,978122)
(978077,978084)
(978077,978089)
(978077,978091)
(978077,978101)
(978077,978105)
(978077,978111)
(978077,978118)
(978077,978122)
(978084,978089)
(978084,978091)
(978084,978101)
(978084,978105)
(978084,978111)
(978084,978118)
(978084,978122)
(978089,978091)
(978089,978101)
(978089,978105)
(978089,978111)
(978089,978118)
(978089,978122)
(978091,978101)
(978091,978105)
(978091,978111)
(978091,978118)
(978091,978122)
(978101,978105)
(978101,978111)
(978101,978118)
(978101,978122)
(978105,978111)
(978105,978118)
(978105,978122)
(978111,978118)
(978111,978122)
(978118,978122)
(978131,978137)
(978131,978143)
(978131,978144)
(978131,978148)
(978131,978156)
(978131,978159)
(978131,978161)
(978131,978169)
(978131,978173)
(978131,978181)
(978131,978185)
(978131,978187)
(978131,978192)
(978131,978194)
(978131,978202)
(978131,978206)
(978131,978212)
(978131,978217)
(978131,978220)
(978131,978224)
(978131,978227)
(978131,978232)
(978131,978237)
(978131,978241)
(978131,978243)
(978131,978246)
(978131,978251)
(978131,978256)
(978131,978259)
(978131,978263)
(978131,978268)
(978131,978274)
(978131,978277)
(978131,978286)
(978131,978292)
(978131,978295)
(978131,978302)
(978131,978310)
(978131,978313)
(978131,978323)
(978131,978331)
(978131,978337)
(978131,978340)
(978131,978343)
(978131,978354)
(978131,978360)
(978131,978371)
(978131,978378)
(978131,978385)
(978131,978391)
(978131,978399)
(978131,978404)
(978137,978143)
(978137,978144)
(978137,978148)
(978137,978156)
(978137,978159)
(978137,978161)
(978137,978169)
(978137,978173)
(978137,978181)
(978137,978185)
(978137,978187)
(978137,978192)
(978137,978194)
(978137,978202)
(978137,978206)
(978137,978212)
(978137,978217)
(978137,978220)
(978137,978224)
(978137,978227)
(978137,978232)
(978137,978237)
(978137,978241)
(978137,978243)
(978137,978246)
(978137,978251)
(978137,978256)
(978137,978259)
(978137,978263)
(978137,978268)
(978137,978274)
(978137,978277)
(978137,978286)
(978137,978292)
(978137,978295)
(978137,978302)
(978137,978310)
(978137,978313)
(978137,978323)
(978137,978331)
(978137,978337)
(978137,978340)
(978137,978343)
(978137,978354)
(978137,978360)
(978137,978371)
(978137,978378)
(978137,978385)
(978137,978391)
(978137,978399)
(978137,978404)
(978143,978144)
(978143,978148)
(978143,978156)
(978143,978159)
(978143,978161)
(978143,978169)
(978143,978173)
(978143,978181)
(978143,978185)
(978143,978187)
(978143,978192)
(978143,978194)
(978143,978202)
(978143,978206)
(978143,978212)
(978143,978217)
(978143,978220)
(978143,978224)
(978143,978227)
(978143,978232)
(978143,978237)
(978143,978241)
(978143,978243)
(978143,978246)
(978143,978251)
(978143,978256)
(978143,978259)
(978143,978263)
(978143,978268)
(978143,978274)
(978143,978277)
(978143,978286)
(978143,978292)
(978143,978295)
(978143,978302)
(978143,978310)
(978143,978313)
(978143,978323)
(978143,978331)
(978143,978337)
(978143,978340)
(978143,978343)
(978143,978354)
(978143,978360)
(978143,978371)
(978143,978378)
(978143,978385)
(978143,978391)
(978143,978399)
(978143,978404)
(978144,978148)
(978144,978156)
(978144,978159)
(978144,978161)
(978144,978169)
(978144,978173)
(978144,978181)
(978144,978185)
(978144,978187)
(978144,978192)
(978144,978194)
(978144,978202)
(978144,978206)
(978144,978212)
(978144,978217)
(978144,978220)
(978144,978224)
(978144,978227)
(978144,978232)
(978144,978237)
(978144,978241)
(978144,978243)
(978144,978246)
(978144,978251)
(978144,978256)
(978144,978259)
(978144,978263)
(978144,978268)
(978144,978274)
(978144,978277)
(978144,978286)
(978144,978292)
(978144,978295)
(978144,978302)
(978144,978310)
(978144,978313)
(978144,978323)
(978144,978331)
(978144,978337)
(978144,978340)
(978144,978343)
(978144,978354)
(978144,978360)
(978144,978371)
(978144,978378)
(978144,978385)
(978144,978391)
(978144,978399)
(978144,978404)
(978148,978156)
(978148,978159)
(978148,978161)
(978148,978169)
(978148,978173)
(978148,978181)
(978148,978185)
(978148,978187)
(978148,978192)
(978148,978194)
(978148,978202)
(978148,978206)
(978148,978212)
(978148,978217)
(978148,978220)
(978148,978224)
(978148,978227)
(978148,978232)
(978148,978237)
(978148,978241)
(978148,978243)
(978148,978246)
(978148,978251)
(978148,978256)
(978148,978259)
(978148,978263)
(978148,978268)
(978148,978274)
(978148,978277)
(978148,978286)
(978148,978292)
(978148,978295)
(978148,978302)
(978148,978310)
(978148,978313)
(978148,978323)
(978148,978331)
(978148,978337)
(978148,978340)
(978148,978343)
(978148,978354)
(978148,978360)
(978148,978371)
(978148,978378)
(978148,978385)
(978148,978391)
(978148,978399)
(978148,978404)
(978156,978159)
(978156,978161)
(978156,978169)
(978156,978173)
(978156,978181)
(978156,978185)
(978156,978187)
(978156,978192)
(978156,978194)
(978156,978202)
(978156,978206)
(978156,978212)
(978156,978217)
(978156,978220)
(978156,978224)
(978156,978227)
(978156,978232)
(978156,978237)
(978156,978241)
(978156,978243)
(978156,978246)
(978156,978251)
(978156,978256)
(978156,978259)
(978156,978263)
(978156,978268)
(978156,978274)
(978156,978277)
(978156,978286)
(978156,978292)
(978156,978295)
(978156,978302)
(978156,978310)
(978156,978313)
(978156,978323)
(978156,978331)
(978156,978337)
(978156,978340)
(978156,978343)
(978156,978354)
(978156,978360)
(978156,978371)
(978156,978378)
(978156,978385)
(978156,978391)
(978156,978399)
(978156,978404)
(978159,978161)
(978159,978169)
(978159,978173)
(978159,978181)
(978159,978185)
(978159,978187)
(978159,978192)
(978159,978194)
(978159,978202)
(978159,978206)
(978159,978212)
(978159,978217)
(978159,978220)
(978159,978224)
(978159,978227)
(978159,978232)
(978159,978237)
(978159,978241)
(978159,978243)
(978159,978246)
(978159,978251)
(978159,978256)
(978159,978259)
(978159,978263)
(978159,978268)
(978159,978274)
(978159,978277)
(978159,978286)
(978159,978292)
(978159,978295)
(978159,978302)
(978159,978310)
(978159,978313)
(978159,978323)
(978159,978331)
(978159,978337)
(978159,978340)
(978159,978343)
(978159,978354)
(978159,978360)
(978159,978371)
(978159,978378)
(978159,978385)
(978159,978391)
(978159,978399)
(978159,978404)
(978161,978169)
(978161,978173)
(978161,978181)
(978161,978185)
(978161,978187)
(978161,978192)
(978161,978194)
(978161,978202)
(978161,978206)
(978161,978212)
(978161,978217)
(978161,978220)
(978161,978224)
(978161,978227)
(978161,978232)
(978161,978237)
(978161,978241)
(978161,978243)
(978161,978246)
(978161,978251)
(978161,978256)
(978161,978259)
(978161,978263)
(978161,978268)
(978161,978274)
(978161,978277)
(978161,978286)
(978161,978292)
(978161,978295)
(978161,978302)
(978161,978310)
(978161,978313)
(978161,978323)
(978161,978331)
(978161,978337)
(978161,978340)
(978161,978343)
(978161,978354)
(978161,978360)
(978161,978371)
(978161,978378)
(978161,978385)
(978161,978391)
(978161,978399)
(978161,978404)
(978169,978173)
(978169,978181)
(978169,978185)
(978169,978187)
(978169,978192)
(978169,978194)
(978169,978202)
(978169,978206)
(978169,978212)
(978169,978217)
(978169,978220)
(978169,978224)
(978169,978227)
(978169,978232)
(978169,978237)
(978169,978241)
(978169,978243)
(978169,978246)
(978169,978251)
(978169,978256)
(978169,978259)
(978169,978263)
(978169,978268)
(978169,978274)
(978169,978277)
(978169,978286)
(978169,978292)
(978169,978295)
(978169,978302)
(978169,978310)
(978169,978313)
(978169,978323)
(978169,978331)
(978169,978337)
(978169,978340)
(978169,978343)
(978169,978354)
(978169,978360)
(978169,978371)
(978169,978378)
(978169,978385)
(978169,978391)
(978169,978399)
(978169,978404)
(978173,978181)
(978173,978185)
(978173,978187)
(978173,978192)
(978173,978194)
(978173,978202)
(978173,978206)
(978173,978212)
(978173,978217)
(978173,978220)
(978173,978224)
(978173,978227)
(978173,978232)
(978173,978237)
(978173,978241)
(978173,978243)
(978173,978246)
(978173,978251)
(978173,978256)
(978173,978259)
(978173,978263)
(978173,978268)
(978173,978274)
(978173,978277)
(978173,978286)
(978173,978292)
(978173,978295)
(978173,978302)
(978173,978310)
(978173,978313)
(978173,978323)
(978173,978331)
(978173,978337)
(978173,978340)
(978173,978343)
(978173,978354)
(978173,978360)
(978173,978371)
(978173,978378)
(978173,978385)
(978173,978391)
(978173,978399)
(978173,978404)
(978181,978185)
(978181,978187)
(978181,978192)
(978181,978194)
(978181,978202)
(978181,978206)
(978181,978212)
(978181,978217)
(978181,978220)
(978181,978224)
(978181,978227)
(978181,978232)
(978181,978237)
(978181,978241)
(978181,978243)
(978181,978246)
(978181,978251)
(978181,978256)
(978181,978259)
(978181,978263)
(978181,978268)
(978181,978274)
(978181,978277)
(978181,978286)
(978181,978292)
(978181,978295)
(978181,978302)
(978181,978310)
(978181,978313)
(978181,978323)
(978181,978331)
(978181,978337)
(978181,978340)
(978181,978343)
(978181,978354)
(978181,978360)
(978181,978371)
(978181,978378)
(978181,978385)
(978181,978391)
(978181,978399)
(978181,978404)
(978185,978187)
(978185,978192)
(978185,978194)
(978185,978202)
(978185,978206)
(978185,978212)
(978185,978217)
(978185,978220)
(978185,978224)
(978185,978227)
(978185,978232)
(978185,978237)
(978185,978241)
(978185,978243)
(978185,978246)
(978185,978251)
(978185,978256)
(978185,978259)
(978185,978263)
(978185,978268)
(978185,978274)
(978185,978277)
(978185,978286)
(978185,978292)
(978185,978295)
(978185,978302)
(978185,978310)
(978185,978313)
(978185,978323)
(978185,978331)
(978185,978337)
(978185,978340)
(978185,978343)
(978185,978354)
(978185,978360)
(978185,978371)
(978185,978378)
(978185,978385)
(978185,978391)
(978185,978399)
(978185,978404)
(978187,978192)
(978187,978194)
(978187,978202)
(978187,978206)
(978187,978212)
(978187,978217)
(978187,978220)
(978187,978224)
(978187,978227)
(978187,978232)
(978187,978237)
(978187,978241)
(978187,978243)
(978187,978246)
(978187,978251)
(978187,978256)
(978187,978259)
(978187,978263)
(978187,978268)
(978187,978274)
(978187,978277)
(978187,978286)
(978187,978292)
(978187,978295)
(978187,978302)
(978187,978310)
(978187,978313)
(978187,978323)
(978187,978331)
(978187,978337)
(978187,978340)
(978187,978343)
(978187,978354)
(978187,978360)
(978187,978371)
(978187,978378)
(978187,978385)
(978187,978391)
(978187,978399)
(978187,978404)
(978192,978194)
(978192,978202)
(978192,978206)
(978192,978212)
(978192,978217)
(978192,978220)
(978192,978224)
(978192,978227)
(978192,978232)
(978192,978237)
(978192,978241)
(978192,978243)
(978192,978246)
(978192,978251)
(978192,978256)
(978192,978259)
(978192,978263)
(978192,978268)
(978192,978274)
(978192,978277)
(978192,978286)
(978192,978292)
(978192,978295)
(978192,978302)
(978192,978310)
(978192,978313)
(978192,978323)
(978192,978331)
(978192,978337)
(978192,978340)
(978192,978343)
(978192,978354)
(978192,978360)
(978192,978371)
(978192,978378)
(978192,978385)
(978192,978391)
(978192,978399)
(978192,978404)
(978194,978202)
(978194,978206)
(978194,978212)
(978194,978217)
(978194,978220)
(978194,978224)
(978194,978227)
(978194,978232)
(978194,978237)
(978194,978241)
(978194,978243)
(978194,978246)
(978194,978251)
(978194,978256)
(978194,978259)
(978194,978263)
(978194,978268)
(978194,978274)
(978194,978277)
(978194,978286)
(978194,978292)
(978194,978295)
(978194,978302)
(978194,978310)
(978194,978313)
(978194,978323)
(978194,978331)
(978194,978337)
(978194,978340)
(978194,978343)
(978194,978354)
(978194,978360)
(978194,978371)
(978194,978378)
(978194,978385)
(978194,978391)
(978194,978399)
(978194,978404)
(978202,978206)
(978202,978212)
(978202,978217)
(978202,978220)
(978202,978224)
(978202,978227)
(978202,978232)
(978202,978237)
(978202,978241)
(978202,978243)
(978202,978246)
(978202,978251)
(978202,978256)
(978202,978259)
(978202,978263)
(978202,978268)
(978202,978274)
(978202,978277)
(978202,978286)
(978202,978292)
(978202,978295)
(978202,978302)
(978202,978310)
(978202,978313)
(978202,978323)
(978202,978331)
(978202,978337)
(978202,978340)
(978202,978343)
(978202,978354)
(978202,978360)
(978202,978371)
(978202,978378)
(978202,978385)
(978202,978391)
(978202,978399)
(978202,978404)
(978206,978212)
(978206,978217)
(978206,978220)
(978206,978224)
(978206,978227)
(978206,978232)
(978206,978237)
(978206,978241)
(978206,978243)
(978206,978246)
(978206,978251)
(978206,978256)
(978206,978259)
(978206,978263)
(978206,978268)
(978206,978274)
(978206,978277)
(978206,978286)
(978206,978292)
(978206,978295)
(978206,978302)
(978206,978310)
(978206,978313)
(978206,978323)
(978206,978331)
(978206,978337)
(978206,978340)
(978206,978343)
(978206,978354)
(978206,978360)
(978206,978371)
(978206,978378)
(978206,978385)
(978206,978391)
(978206,978399)
(978206,978404)
(978212,978217)
(978212,978220)
(978212,978224)
(978212,978227)
(978212,978232)
(978212,978237)
(978212,978241)
(978212,978243)
(978212,978246)
(978212,978251)
(978212,978256)
(978212,978259)
(978212,978263)
(978212,978268)
(978212,978274)
(978212,978277)
(978212,978286)
(978212,978292)
(978212,978295)
(978212,978302)
(978212,978310)
(978212,978313)
(978212,978323)
(978212,978331)
(978212,978337)
(978212,978340)
(978212,978343)
(978212,978354)
(978212,978360)
(978212,978371)
(978212,978378)
(978212,978385)
(978212,978391)
(978212,978399)
(978212,978404)
(978217,978220)
(978217,978224)
(978217,978227)
(978217,978232)
(978217,978237)
(978217,978241)
(978217,978243)
(978217,978246)
(978217,978251)
(978217,978256)
(978217,978259)
(978217,978263)
(978217,978268)
(978217,978274)
(978217,978277)
(978217,978286)
(978217,978292)
(978217,978295)
(978217,978302)
(978217,978310)
(978217,978313)
(978217,978323)
(978217,978331)
(978217,978337)
(978217,978340)
(978217,978343)
(978217,978354)
(978217,978360)
(978217,978371)
(978217,978378)
(978217,978385)
(978217,978391)
(978217,978399)
(978217,978404)
(978220,978224)
(978220,978227)
(978220,978232)
(978220,978237)
(978220,978241)
(978220,978243)
(978220,978246)
(978220,978251)
(978220,978256)
(978220,978259)
(978220,978263)
(978220,978268)
(978220,978274)
(978220,978277)
(978220,978286)
(978220,978292)
(978220,978295)
(978220,978302)
(978220,978310)
(978220,978313)
(978220,978323)
(978220,978331)
(978220,978337)
(978220,978340)
(978220,978343)
(978220,978354)
(978220,978360)
(978220,978371)
(978220,978378)
(978220,978385)
(978220,978391)
(978220,978399)
(978220,978404)
(978224,978227)
(978224,978232)
(978224,978237)
(978224,978241)
(978224,978243)
(978224,978246)
(978224,978251)
(978224,978256)
(978224,978259)
(978224,978263)
(978224,978268)
(978224,978274)
(978224,978277)
(978224,978286)
(978224,978292)
(978224,978295)
(978224,978302)
(978224,978310)
(978224,978313)
(978224,978323)
(978224,978331)
(978224,978337)
(978224,978340)
(978224,978343)
(978224,978354)
(978224,978360)
(978224,978371)
(978224,978378)
(978224,978385)
(978224,978391)
(978224,978399)
(978224,978404)
(978227,978232)
(978227,978237)
(978227,978241)
(978227,978243)
(978227,978246)
(978227,978251)
(978227,978256)
(978227,978259)
(978227,978263)
(978227,978268)
(978227,978274)
(978227,978277)
(978227,978286)
(978227,978292)
(978227,978295)
(978227,978302)
(978227,978310)
(978227,978313)
(978227,978323)
(978227,978331)
(978227,978337)
(978227,978340)
(978227,978343)
(978227,978354)
(978227,978360)
(978227,978371)
(978227,978378)
(978227,978385)
(978227,978391)
(978227,978399)
(978227,978404)
(978232,978237)
(978232,978241)
(978232,978243)
(978232,978246)
(978232,978251)
(978232,978256)
(978232,978259)
(978232,978263)
(978232,978268)
(978232,978274)
(978232,978277)
(978232,978286)
(978232,978292)
(978232,978295)
(978232,978302)
(978232,978310)
(978232,978313)
(978232,978323)
(978232,978331)
(978232,978337)
(978232,978340)
(978232,978343)
(978232,978354)
(978232,978360)
(978232,978371)
(978232,978378)
(978232,978385)
(978232,978391)
(978232,978399)
(978232,978404)
(978237,978241)
(978237,978243)
(978237,978246)
(978237,978251)
(978237,978256)
(978237,978259)
(978237,978263)
(978237,978268)
(978237,978274)
(978237,978277)
(978237,978286)
(978237,978292)
(978237,978295)
(978237,978302)
(978237,978310)
(978237,978313)
(978237,978323)
(978237,978331)
(978237,978337)
(978237,978340)
(978237,978343)
(978237,978354)
(978237,978360)
(978237,978371)
(978237,978378)
(978237,978385)
(978237,978391)
(978237,978399)
(978237,978404)
(978241,978243)
(978241,978246)
(978241,978251)
(978241,978256)
(978241,978259)
(978241,978263)
(978241,978268)
(978241,978274)
(978241,978277)
(978241,978286)
(978241,978292)
(978241,978295)
(978241,978302)
(978241,978310)
(978241,978313)
(978241,978323)
(978241,978331)
(978241,978337)
(978241,978340)
(978241,978343)
(978241,978354)
(978241,978360)
(978241,978371)
(978241,978378)
(978241,978385)
(978241,978391)
(978241,978399)
(978241,978404)
(978243,978246)
(978243,978251)
(978243,978256)
(978243,978259)
(978243,978263)
(978243,978268)
(978243,978274)
(978243,978277)
(978243,978286)
(978243,978292)
(978243,978295)
(978243,978302)
(978243,978310)
(978243,978313)
(978243,978323)
(978243,978331)
(978243,978337)
(978243,978340)
(978243,978343)
(978243,978354)
(978243,978360)
(978243,978371)
(978243,978378)
(978243,978385)
(978243,978391)
(978243,978399)
(978243,978404)
(978246,978251)
(978246,978256)
(978246,978259)
(978246,978263)
(978246,978268)
(978246,978274)
(978246,978277)
(978246,978286)
(978246,978292)
(978246,978295)
(978246,978302)
(978246,978310)
(978246,978313)
(978246,978323)
(978246,978331)
(978246,978337)
(978246,978340)
(978246,978343)
(978246,978354)
(978246,978360)
(978246,978371)
(978246,978378)
(978246,978385)
(978246,978391)
(978246,978399)
(978246,978404)
(978251,978256)
(978251,978259)
(978251,978263)
(978251,978268)
(978251,978274)
(978251,978277)
(978251,978286)
(978251,978292)
(978251,978295)
(978251,978302)
(978251,978310)
(978251,978313)
(978251,978323)
(978251,978331)
(978251,978337)
(978251,978340)
(978251,978343)
(978251,978354)
(978251,978360)
(978251,978371)
(978251,978378)
(978251,978385)
(978251,978391)
(978251,978399)
(978251,978404)
(978256,978259)
(978256,978263)
(978256,978268)
(978256,978274)
(978256,978277)
(978256,978286)
(978256,978292)
(978256,978295)
(978256,978302)
(978256,978310)
(978256,978313)
(978256,978323)
(978256,978331)
(978256,978337)
(978256,978340)
(978256,978343)
(978256,978354)
(978256,978360)
(978256,978371)
(978256,978378)
(978256,978385)
(978256,978391)
(978256,978399)
(978256,978404)
(978259,978263)
(978259,978268)
(978259,978274)
(978259,978277)
(978259,978286)
(978259,978292)
(978259,978295)
(978259,978302)
(978259,978310)
(978259,978313)
(978259,978323)
(978259,978331)
(978259,978337)
(978259,978340)
(978259,978343)
(978259,978354)
(978259,978360)
(978259,978371)
(978259,978378)
(978259,978385)
(978259,978391)
(978259,978399)
(978259,978404)
(978263,978268)
(978263,978274)
(978263,978277)
(978263,978286)
(978263,978292)
(978263,978295)
(978263,978302)
(978263,978310)
(978263,978313)
(978263,978323)
(978263,978331)
(978263,978337)
(978263,978340)
(978263,978343)
(978263,978354)
(978263,978360)
(978263,978371)
(978263,978378)
(978263,978385)
(978263,978391)
(978263,978399)
(978263,978404)
(978268,978274)
(978268,978277)
(978268,978286)
(978268,978292)
(978268,978295)
(978268,978302)
(978268,978310)
(978268,978313)
(978268,978323)
(978268,978331)
(978268,978337)
(978268,978340)
(978268,978343)
(978268,978354)
(978268,978360)
(978268,978371)
(978268,978378)
(978268,978385)
(978268,978391)
(978268,978399)
(978268,978404)
(978274,978277)
(978274,978286)
(978274,978292)
(978274,978295)
(978274,978302)
(978274,978310)
(978274,978313)
(978274,978323)
(978274,978331)
(978274,978337)
(978274,978340)
(978274,978343)
(978274,978354)
(978274,978360)
(978274,978371)
(978274,978378)
(978274,978385)
(978274,978391)
(978274,978399)
(978274,978404)
(978277,978286)
(978277,978292)
(978277,978295)
(978277,978302)
(978277,978310)
(978277,978313)
(978277,978323)
(978277,978331)
(978277,978337)
(978277,978340)
(978277,978343)
(978277,978354)
(978277,978360)
(978277,978371)
(978277,978378)
(978277,978385)
(978277,978391)
(978277,978399)
(978277,978404)
(978286,978292)
(978286,978295)
(978286,978302)
(978286,978310)
(978286,978313)
(978286,978323)
(978286,978331)
(978286,978337)
(978286,978340)
(978286,978343)
(978286,978354)
(978286,978360)
(978286,978371)
(978286,978378)
(978286,978385)
(978286,978391)
(978286,978399)
(978286,978404)
(978292,978295)
(978292,978302)
(978292,978310)
(978292,978313)
(978292,978323)
(978292,978331)
(978292,978337)
(978292,978340)
(978292,978343)
(978292,978354)
(978292,978360)
(978292,978371)
(978292,978378)
(978292,978385)
(978292,978391)
(978292,978399)
(978292,978404)
(978295,978302)
(978295,978310)
(978295,978313)
(978295,978323)
(978295,978331)
(978295,978337)
(978295,978340)
(978295,978343)
(978295,978354)
(978295,978360)
(978295,978371)
(978295,978378)
(978295,978385)
(978295,978391)
(978295,978399)
(978295,978404)
(978302,978310)
(978302,978313)
(978302,978323)
(978302,978331)
(978302,978337)
(978302,978340)
(978302,978343)
(978302,978354)
(978302,978360)
(978302,978371)
(978302,978378)
(978302,978385)
(978302,978391)
(978302,978399)
(978302,978404)
(978310,978313)
(978310,978323)
(978310,978331)
(978310,978337)
(978310,978340)
(978310,978343)
(978310,978354)
(978310,978360)
(978310,978371)
(978310,978378)
(978310,978385)
(978310,978391)
(978310,978399)
(978310,978404)
(978313,978323)
(978313,978331)
(978313,978337)
(978313,978340)
(978313,978343)
(978313,978354)
(978313,978360)
(978313,978371)
(978313,978378)
(978313,978385)
(978313,978391)
(978313,978399)
(978313,978404)
(978323,978331)
(978323,978337)
(978323,978340)
(978323,978343)
(978323,978354)
(978323,978360)
(978323,978371)
(978323,978378)
(978323,978385)
(978323,978391)
(978323,978399)
(978323,978404)
(978331,978337)
(978331,978340)
(978331,978343)
(978331,978354)
(978331,978360)
(978331,978371)
(978331,978378)
(978331,978385)
(978331,978391)
(978331,978399)
(978331,978404)
(978337,978340)
(978337,978343)
(978337,978354)
(978337,978360)
(978337,978371)
(978337,978378)
(978337,978385)
(978337,978391)
(978337,978399)
(978337,978404)
(978340,978343)
(978340,978354)
(978340,978360)
(978340,978371)
(978340,978378)
(978340,978385)
(978340,978391)
(978340,978399)
(978340,978404)
(978343,978354)
(978343,978360)
(978343,978371)
(978343,978378)
(978343,978385)
(978343,978391)
(978343,978399)
(978343,978404)
(978354,978360)
(978354,978371)
(978354,978378)
(978354,978385)
(978354,978391)
(978354,978399)
(978354,978404)
(978360,978371)
(978360,978378)
(978360,978385)
(978360,978391)
(978360,978399)
(978360,978404)
(978371,978378)
(978371,978385)
(978371,978391)
(978371,978399)
(978371,978404)
(978378,978385)
(978378,978391)
(978378,978399)
(978378,978404)
(978385,978391)
(978385,978399)
(978385,978404)
(978391,978399)
(978391,978404)
(978399,978404)
(978414,978420)
(978414,978421)
(978420,978421)
(978882,978890)
(978882,978900)
(978882,978905)
(978882,978909)
(978882,978918)
(978882,978925)
(978890,978900)
(978890,978905)
(978890,978909)
(978890,978918)
(978890,978925)
(978900,978905)
(978900,978909)
(978900,978918)
(978900,978925)
(978905,978909)
(978905,978918)
(978905,978925)
(978909,978918)
(978909,978925)
(978918,978925)
(978934,978936)
(978938,978944)
(978959,978966)
(979052,979056)
(979086,979088)
(979086,979099)
(979086,979102)
(979088,979099)
(979088,979102)
(979099,979102)
(979116,979122)
(979116,979123)
(979116,979130)
(979116,979131)
(979116,979138)
(979116,979142)
(979116,979143)
(979122,979123)
(979122,979130)
(979122,979131)
(979122,979138)
(979122,979142)
(979122,979143)
(979123,979130)
(979123,979131)
(979123,979138)
(979123,979142)
(979123,979143)
(979130,979131)
(979130,979138)
(979130,979142)
(979130,979143)
(979131,979138)
(979131,979142)
(979131,979143)
(979138,979142)
(979138,979143)
(979142,979143)
(979148,979155)
(979148,979162)
(979148,979165)
(979155,979162)
(979155,979165)
(979162,979165)
(979173,979175)
(979173,979181)
(979173,979184)
(979175,979181)
(979175,979184)
(979181,979184)
(979195,979202)
(979260,979270)
(979279,979287)
(979290,979301)
