(369139,1021118)
(369139,1021120)
(1021118,1021120)
(1020447,1020454)
(1020447,1020461)
(1020447,1020464)
(1020447,1020471)
(1020447,1020486)
(1020447,1020496)
(1020447,1020502)
(1020447,1020511)
(1020447,1020520)
(1020447,1020524)
(1020447,1020530)
(1020447,1020534)
(1020447,1020542)
(1020447,1020547)
(1020447,1020549)
(1020447,1020560)
(1020447,1020565)
(1020454,1020461)
(1020454,1020464)
(1020454,1020471)
(1020454,1020486)
(1020454,1020496)
(1020454,1020502)
(1020454,1020511)
(1020454,1020520)
(1020454,1020524)
(1020454,1020530)
(1020454,1020534)
(1020454,1020542)
(1020454,1020547)
(1020454,1020549)
(1020454,1020560)
(1020454,1020565)
(1020461,1020464)
(1020461,1020471)
(1020461,1020486)
(1020461,1020496)
(1020461,1020502)
(1020461,1020511)
(1020461,1020520)
(1020461,1020524)
(1020461,1020530)
(1020461,1020534)
(1020461,1020542)
(1020461,1020547)
(1020461,1020549)
(1020461,1020560)
(1020461,1020565)
(1020464,1020471)
(1020464,1020486)
(1020464,1020496)
(1020464,1020502)
(1020464,1020511)
(1020464,1020520)
(1020464,1020524)
(1020464,1020530)
(1020464,1020534)
(1020464,1020542)
(1020464,1020547)
(1020464,1020549)
(1020464,1020560)
(1020464,1020565)
(1020471,1020486)
(1020471,1020496)
(1020471,1020502)
(1020471,1020511)
(1020471,1020520)
(1020471,1020524)
(1020471,1020530)
(1020471,1020534)
(1020471,1020542)
(1020471,1020547)
(1020471,1020549)
(1020471,1020560)
(1020471,1020565)
(1020486,1020496)
(1020486,1020502)
(1020486,1020511)
(1020486,1020520)
(1020486,1020524)
(1020486,1020530)
(1020486,1020534)
(1020486,1020542)
(1020486,1020547)
(1020486,1020549)
(1020486,1020560)
(1020486,1020565)
(1020496,1020502)
(1020496,1020511)
(1020496,1020520)
(1020496,1020524)
(1020496,1020530)
(1020496,1020534)
(1020496,1020542)
(1020496,1020547)
(1020496,1020549)
(1020496,1020560)
(1020496,1020565)
(1020502,1020511)
(1020502,1020520)
(1020502,1020524)
(1020502,1020530)
(1020502,1020534)
(1020502,1020542)
(1020502,1020547)
(1020502,1020549)
(1020502,1020560)
(1020502,1020565)
(1020511,1020520)
(1020511,1020524)
(1020511,1020530)
(1020511,1020534)
(1020511,1020542)
(1020511,1020547)
(1020511,1020549)
(1020511,1020560)
(1020511,1020565)
(1020520,1020524)
(1020520,1020530)
(1020520,1020534)
(1020520,1020542)
(1020520,1020547)
(1020520,1020549)
(1020520,1020560)
(1020520,1020565)
(1020524,1020530)
(1020524,1020534)
(1020524,1020542)
(1020524,1020547)
(1020524,1020549)
(1020524,1020560)
(1020524,1020565)
(1020530,1020534)
(1020530,1020542)
(1020530,1020547)
(1020530,1020549)
(1020530,1020560)
(1020530,1020565)
(1020534,1020542)
(1020534,1020547)
(1020534,1020549)
(1020534,1020560)
(1020534,1020565)
(1020542,1020547)
(1020542,1020549)
(1020542,1020560)
(1020542,1020565)
(1020547,1020549)
(1020547,1020560)
(1020547,1020565)
(1020549,1020560)
(1020549,1020565)
(1020560,1020565)
(1020574,1020577)
(1020574,1020578)
(1020574,1020581)
(1020574,1020584)
(1020574,1020586)
(1020574,1020590)
(1020574,1020595)
(1020574,1020598)
(1020574,1020613)
(1020574,1020615)
(1020574,1020619)
(1020574,1020621)
(1020574,1020624)
(1020574,1020630)
(1020574,1020632)
(1020574,1020634)
(1020574,1020637)
(1020574,1020640)
(1020574,1020644)
(1020574,1020647)
(1020574,1020655)
(1020574,1020658)
(1020574,1020662)
(1020574,1020667)
(1020574,1020668)
(1020574,1020673)
(1020574,1020676)
(1020574,1020678)
(1020574,1020683)
(1020574,1020694)
(1020574,1020697)
(1020574,1020699)
(1020574,1020703)
(1020574,1020708)
(1020574,1020711)
(1020574,1020713)
(1020574,1020720)
(1020574,1020722)
(1020574,1020725)
(1020574,1020731)
(1020574,1020734)
(1020574,1020736)
(1020574,1020738)
(1020574,1020740)
(1020574,1020743)
(1020574,1020748)
(1020574,1020750)
(1020574,1020753)
(1020574,1020760)
(1020574,1020764)
(1020574,1020769)
(1020574,1020774)
(1020574,1020776)
(1020574,1020779)
(1020574,1020785)
(1020574,1020788)
(1020574,1020791)
(1020574,1020796)
(1020574,1020800)
(1020574,1020804)
(1020574,1020810)
(1020574,1020818)
(1020574,1020828)
(1020574,1020830)
(1020574,1020834)
(1020577,1020578)
(1020577,1020581)
(1020577,1020584)
(1020577,1020586)
(1020577,1020590)
(1020577,1020595)
(1020577,1020598)
(1020577,1020613)
(1020577,1020615)
(1020577,1020619)
(1020577,1020621)
(1020577,1020624)
(1020577,1020630)
(1020577,1020632)
(1020577,1020634)
(1020577,1020637)
(1020577,1020640)
(1020577,1020644)
(1020577,1020647)
(1020577,1020655)
(1020577,1020658)
(1020577,1020662)
(1020577,1020667)
(1020577,1020668)
(1020577,1020673)
(1020577,1020676)
(1020577,1020678)
(1020577,1020683)
(1020577,1020694)
(1020577,1020697)
(1020577,1020699)
(1020577,1020703)
(1020577,1020708)
(1020577,1020711)
(1020577,1020713)
(1020577,1020720)
(1020577,1020722)
(1020577,1020725)
(1020577,1020731)
(1020577,1020734)
(1020577,1020736)
(1020577,1020738)
(1020577,1020740)
(1020577,1020743)
(1020577,1020748)
(1020577,1020750)
(1020577,1020753)
(1020577,1020760)
(1020577,1020764)
(1020577,1020769)
(1020577,1020774)
(1020577,1020776)
(1020577,1020779)
(1020577,1020785)
(1020577,1020788)
(1020577,1020791)
(1020577,1020796)
(1020577,1020800)
(1020577,1020804)
(1020577,1020810)
(1020577,1020818)
(1020577,1020828)
(1020577,1020830)
(1020577,1020834)
(1020578,1020581)
(1020578,1020584)
(1020578,1020586)
(1020578,1020590)
(1020578,1020595)
(1020578,1020598)
(1020578,1020613)
(1020578,1020615)
(1020578,1020619)
(1020578,1020621)
(1020578,1020624)
(1020578,1020630)
(1020578,1020632)
(1020578,1020634)
(1020578,1020637)
(1020578,1020640)
(1020578,1020644)
(1020578,1020647)
(1020578,1020655)
(1020578,1020658)
(1020578,1020662)
(1020578,1020667)
(1020578,1020668)
(1020578,1020673)
(1020578,1020676)
(1020578,1020678)
(1020578,1020683)
(1020578,1020694)
(1020578,1020697)
(1020578,1020699)
(1020578,1020703)
(1020578,1020708)
(1020578,1020711)
(1020578,1020713)
(1020578,1020720)
(1020578,1020722)
(1020578,1020725)
(1020578,1020731)
(1020578,1020734)
(1020578,1020736)
(1020578,1020738)
(1020578,1020740)
(1020578,1020743)
(1020578,1020748)
(1020578,1020750)
(1020578,1020753)
(1020578,1020760)
(1020578,1020764)
(1020578,1020769)
(1020578,1020774)
(1020578,1020776)
(1020578,1020779)
(1020578,1020785)
(1020578,1020788)
(1020578,1020791)
(1020578,1020796)
(1020578,1020800)
(1020578,1020804)
(1020578,1020810)
(1020578,1020818)
(1020578,1020828)
(1020578,1020830)
(1020578,1020834)
(1020581,1020584)
(1020581,1020586)
(1020581,1020590)
(1020581,1020595)
(1020581,1020598)
(1020581,1020613)
(1020581,1020615)
(1020581,1020619)
(1020581,1020621)
(1020581,1020624)
(1020581,1020630)
(1020581,1020632)
(1020581,1020634)
(1020581,1020637)
(1020581,1020640)
(1020581,1020644)
(1020581,1020647)
(1020581,1020655)
(1020581,1020658)
(1020581,1020662)
(1020581,1020667)
(1020581,1020668)
(1020581,1020673)
(1020581,1020676)
(1020581,1020678)
(1020581,1020683)
(1020581,1020694)
(1020581,1020697)
(1020581,1020699)
(1020581,1020703)
(1020581,1020708)
(1020581,1020711)
(1020581,1020713)
(1020581,1020720)
(1020581,1020722)
(1020581,1020725)
(1020581,1020731)
(1020581,1020734)
(1020581,1020736)
(1020581,1020738)
(1020581,1020740)
(1020581,1020743)
(1020581,1020748)
(1020581,1020750)
(1020581,1020753)
(1020581,1020760)
(1020581,1020764)
(1020581,1020769)
(1020581,1020774)
(1020581,1020776)
(1020581,1020779)
(1020581,1020785)
(1020581,1020788)
(1020581,1020791)
(1020581,1020796)
(1020581,1020800)
(1020581,1020804)
(1020581,1020810)
(1020581,1020818)
(1020581,1020828)
(1020581,1020830)
(1020581,1020834)
(1020584,1020586)
(1020584,1020590)
(1020584,1020595)
(1020584,1020598)
(1020584,1020613)
(1020584,1020615)
(1020584,1020619)
(1020584,1020621)
(1020584,1020624)
(1020584,1020630)
(1020584,1020632)
(1020584,1020634)
(1020584,1020637)
(1020584,1020640)
(1020584,1020644)
(1020584,1020647)
(1020584,1020655)
(1020584,1020658)
(1020584,1020662)
(1020584,1020667)
(1020584,1020668)
(1020584,1020673)
(1020584,1020676)
(1020584,1020678)
(1020584,1020683)
(1020584,1020694)
(1020584,1020697)
(1020584,1020699)
(1020584,1020703)
(1020584,1020708)
(1020584,1020711)
(1020584,1020713)
(1020584,1020720)
(1020584,1020722)
(1020584,1020725)
(1020584,1020731)
(1020584,1020734)
(1020584,1020736)
(1020584,1020738)
(1020584,1020740)
(1020584,1020743)
(1020584,1020748)
(1020584,1020750)
(1020584,1020753)
(1020584,1020760)
(1020584,1020764)
(1020584,1020769)
(1020584,1020774)
(1020584,1020776)
(1020584,1020779)
(1020584,1020785)
(1020584,1020788)
(1020584,1020791)
(1020584,1020796)
(1020584,1020800)
(1020584,1020804)
(1020584,1020810)
(1020584,1020818)
(1020584,1020828)
(1020584,1020830)
(1020584,1020834)
(1020586,1020590)
(1020586,1020595)
(1020586,1020598)
(1020586,1020613)
(1020586,1020615)
(1020586,1020619)
(1020586,1020621)
(1020586,1020624)
(1020586,1020630)
(1020586,1020632)
(1020586,1020634)
(1020586,1020637)
(1020586,1020640)
(1020586,1020644)
(1020586,1020647)
(1020586,1020655)
(1020586,1020658)
(1020586,1020662)
(1020586,1020667)
(1020586,1020668)
(1020586,1020673)
(1020586,1020676)
(1020586,1020678)
(1020586,1020683)
(1020586,1020694)
(1020586,1020697)
(1020586,1020699)
(1020586,1020703)
(1020586,1020708)
(1020586,1020711)
(1020586,1020713)
(1020586,1020720)
(1020586,1020722)
(1020586,1020725)
(1020586,1020731)
(1020586,1020734)
(1020586,1020736)
(1020586,1020738)
(1020586,1020740)
(1020586,1020743)
(1020586,1020748)
(1020586,1020750)
(1020586,1020753)
(1020586,1020760)
(1020586,1020764)
(1020586,1020769)
(1020586,1020774)
(1020586,1020776)
(1020586,1020779)
(1020586,1020785)
(1020586,1020788)
(1020586,1020791)
(1020586,1020796)
(1020586,1020800)
(1020586,1020804)
(1020586,1020810)
(1020586,1020818)
(1020586,1020828)
(1020586,1020830)
(1020586,1020834)
(1020590,1020595)
(1020590,1020598)
(1020590,1020613)
(1020590,1020615)
(1020590,1020619)
(1020590,1020621)
(1020590,1020624)
(1020590,1020630)
(1020590,1020632)
(1020590,1020634)
(1020590,1020637)
(1020590,1020640)
(1020590,1020644)
(1020590,1020647)
(1020590,1020655)
(1020590,1020658)
(1020590,1020662)
(1020590,1020667)
(1020590,1020668)
(1020590,1020673)
(1020590,1020676)
(1020590,1020678)
(1020590,1020683)
(1020590,1020694)
(1020590,1020697)
(1020590,1020699)
(1020590,1020703)
(1020590,1020708)
(1020590,1020711)
(1020590,1020713)
(1020590,1020720)
(1020590,1020722)
(1020590,1020725)
(1020590,1020731)
(1020590,1020734)
(1020590,1020736)
(1020590,1020738)
(1020590,1020740)
(1020590,1020743)
(1020590,1020748)
(1020590,1020750)
(1020590,1020753)
(1020590,1020760)
(1020590,1020764)
(1020590,1020769)
(1020590,1020774)
(1020590,1020776)
(1020590,1020779)
(1020590,1020785)
(1020590,1020788)
(1020590,1020791)
(1020590,1020796)
(1020590,1020800)
(1020590,1020804)
(1020590,1020810)
(1020590,1020818)
(1020590,1020828)
(1020590,1020830)
(1020590,1020834)
(1020595,1020598)
(1020595,1020613)
(1020595,1020615)
(1020595,1020619)
(1020595,1020621)
(1020595,1020624)
(1020595,1020630)
(1020595,1020632)
(1020595,1020634)
(1020595,1020637)
(1020595,1020640)
(1020595,1020644)
(1020595,1020647)
(1020595,1020655)
(1020595,1020658)
(1020595,1020662)
(1020595,1020667)
(1020595,1020668)
(1020595,1020673)
(1020595,1020676)
(1020595,1020678)
(1020595,1020683)
(1020595,1020694)
(1020595,1020697)
(1020595,1020699)
(1020595,1020703)
(1020595,1020708)
(1020595,1020711)
(1020595,1020713)
(1020595,1020720)
(1020595,1020722)
(1020595,1020725)
(1020595,1020731)
(1020595,1020734)
(1020595,1020736)
(1020595,1020738)
(1020595,1020740)
(1020595,1020743)
(1020595,1020748)
(1020595,1020750)
(1020595,1020753)
(1020595,1020760)
(1020595,1020764)
(1020595,1020769)
(1020595,1020774)
(1020595,1020776)
(1020595,1020779)
(1020595,1020785)
(1020595,1020788)
(1020595,1020791)
(1020595,1020796)
(1020595,1020800)
(1020595,1020804)
(1020595,1020810)
(1020595,1020818)
(1020595,1020828)
(1020595,1020830)
(1020595,1020834)
(1020598,1020613)
(1020598,1020615)
(1020598,1020619)
(1020598,1020621)
(1020598,1020624)
(1020598,1020630)
(1020598,1020632)
(1020598,1020634)
(1020598,1020637)
(1020598,1020640)
(1020598,1020644)
(1020598,1020647)
(1020598,1020655)
(1020598,1020658)
(1020598,1020662)
(1020598,1020667)
(1020598,1020668)
(1020598,1020673)
(1020598,1020676)
(1020598,1020678)
(1020598,1020683)
(1020598,1020694)
(1020598,1020697)
(1020598,1020699)
(1020598,1020703)
(1020598,1020708)
(1020598,1020711)
(1020598,1020713)
(1020598,1020720)
(1020598,1020722)
(1020598,1020725)
(1020598,1020731)
(1020598,1020734)
(1020598,1020736)
(1020598,1020738)
(1020598,1020740)
(1020598,1020743)
(1020598,1020748)
(1020598,1020750)
(1020598,1020753)
(1020598,1020760)
(1020598,1020764)
(1020598,1020769)
(1020598,1020774)
(1020598,1020776)
(1020598,1020779)
(1020598,1020785)
(1020598,1020788)
(1020598,1020791)
(1020598,1020796)
(1020598,1020800)
(1020598,1020804)
(1020598,1020810)
(1020598,1020818)
(1020598,1020828)
(1020598,1020830)
(1020598,1020834)
(1020613,1020615)
(1020613,1020619)
(1020613,1020621)
(1020613,1020624)
(1020613,1020630)
(1020613,1020632)
(1020613,1020634)
(1020613,1020637)
(1020613,1020640)
(1020613,1020644)
(1020613,1020647)
(1020613,1020655)
(1020613,1020658)
(1020613,1020662)
(1020613,1020667)
(1020613,1020668)
(1020613,1020673)
(1020613,1020676)
(1020613,1020678)
(1020613,1020683)
(1020613,1020694)
(1020613,1020697)
(1020613,1020699)
(1020613,1020703)
(1020613,1020708)
(1020613,1020711)
(1020613,1020713)
(1020613,1020720)
(1020613,1020722)
(1020613,1020725)
(1020613,1020731)
(1020613,1020734)
(1020613,1020736)
(1020613,1020738)
(1020613,1020740)
(1020613,1020743)
(1020613,1020748)
(1020613,1020750)
(1020613,1020753)
(1020613,1020760)
(1020613,1020764)
(1020613,1020769)
(1020613,1020774)
(1020613,1020776)
(1020613,1020779)
(1020613,1020785)
(1020613,1020788)
(1020613,1020791)
(1020613,1020796)
(1020613,1020800)
(1020613,1020804)
(1020613,1020810)
(1020613,1020818)
(1020613,1020828)
(1020613,1020830)
(1020613,1020834)
(1020615,1020619)
(1020615,1020621)
(1020615,1020624)
(1020615,1020630)
(1020615,1020632)
(1020615,1020634)
(1020615,1020637)
(1020615,1020640)
(1020615,1020644)
(1020615,1020647)
(1020615,1020655)
(1020615,1020658)
(1020615,1020662)
(1020615,1020667)
(1020615,1020668)
(1020615,1020673)
(1020615,1020676)
(1020615,1020678)
(1020615,1020683)
(1020615,1020694)
(1020615,1020697)
(1020615,1020699)
(1020615,1020703)
(1020615,1020708)
(1020615,1020711)
(1020615,1020713)
(1020615,1020720)
(1020615,1020722)
(1020615,1020725)
(1020615,1020731)
(1020615,1020734)
(1020615,1020736)
(1020615,1020738)
(1020615,1020740)
(1020615,1020743)
(1020615,1020748)
(1020615,1020750)
(1020615,1020753)
(1020615,1020760)
(1020615,1020764)
(1020615,1020769)
(1020615,1020774)
(1020615,1020776)
(1020615,1020779)
(1020615,1020785)
(1020615,1020788)
(1020615,1020791)
(1020615,1020796)
(1020615,1020800)
(1020615,1020804)
(1020615,1020810)
(1020615,1020818)
(1020615,1020828)
(1020615,1020830)
(1020615,1020834)
(1020619,1020621)
(1020619,1020624)
(1020619,1020630)
(1020619,1020632)
(1020619,1020634)
(1020619,1020637)
(1020619,1020640)
(1020619,1020644)
(1020619,1020647)
(1020619,1020655)
(1020619,1020658)
(1020619,1020662)
(1020619,1020667)
(1020619,1020668)
(1020619,1020673)
(1020619,1020676)
(1020619,1020678)
(1020619,1020683)
(1020619,1020694)
(1020619,1020697)
(1020619,1020699)
(1020619,1020703)
(1020619,1020708)
(1020619,1020711)
(1020619,1020713)
(1020619,1020720)
(1020619,1020722)
(1020619,1020725)
(1020619,1020731)
(1020619,1020734)
(1020619,1020736)
(1020619,1020738)
(1020619,1020740)
(1020619,1020743)
(1020619,1020748)
(1020619,1020750)
(1020619,1020753)
(1020619,1020760)
(1020619,1020764)
(1020619,1020769)
(1020619,1020774)
(1020619,1020776)
(1020619,1020779)
(1020619,1020785)
(1020619,1020788)
(1020619,1020791)
(1020619,1020796)
(1020619,1020800)
(1020619,1020804)
(1020619,1020810)
(1020619,1020818)
(1020619,1020828)
(1020619,1020830)
(1020619,1020834)
(1020621,1020624)
(1020621,1020630)
(1020621,1020632)
(1020621,1020634)
(1020621,1020637)
(1020621,1020640)
(1020621,1020644)
(1020621,1020647)
(1020621,1020655)
(1020621,1020658)
(1020621,1020662)
(1020621,1020667)
(1020621,1020668)
(1020621,1020673)
(1020621,1020676)
(1020621,1020678)
(1020621,1020683)
(1020621,1020694)
(1020621,1020697)
(1020621,1020699)
(1020621,1020703)
(1020621,1020708)
(1020621,1020711)
(1020621,1020713)
(1020621,1020720)
(1020621,1020722)
(1020621,1020725)
(1020621,1020731)
(1020621,1020734)
(1020621,1020736)
(1020621,1020738)
(1020621,1020740)
(1020621,1020743)
(1020621,1020748)
(1020621,1020750)
(1020621,1020753)
(1020621,1020760)
(1020621,1020764)
(1020621,1020769)
(1020621,1020774)
(1020621,1020776)
(1020621,1020779)
(1020621,1020785)
(1020621,1020788)
(1020621,1020791)
(1020621,1020796)
(1020621,1020800)
(1020621,1020804)
(1020621,1020810)
(1020621,1020818)
(1020621,1020828)
(1020621,1020830)
(1020621,1020834)
(1020624,1020630)
(1020624,1020632)
(1020624,1020634)
(1020624,1020637)
(1020624,1020640)
(1020624,1020644)
(1020624,1020647)
(1020624,1020655)
(1020624,1020658)
(1020624,1020662)
(1020624,1020667)
(1020624,1020668)
(1020624,1020673)
(1020624,1020676)
(1020624,1020678)
(1020624,1020683)
(1020624,1020694)
(1020624,1020697)
(1020624,1020699)
(1020624,1020703)
(1020624,1020708)
(1020624,1020711)
(1020624,1020713)
(1020624,1020720)
(1020624,1020722)
(1020624,1020725)
(1020624,1020731)
(1020624,1020734)
(1020624,1020736)
(1020624,1020738)
(1020624,1020740)
(1020624,1020743)
(1020624,1020748)
(1020624,1020750)
(1020624,1020753)
(1020624,1020760)
(1020624,1020764)
(1020624,1020769)
(1020624,1020774)
(1020624,1020776)
(1020624,1020779)
(1020624,1020785)
(1020624,1020788)
(1020624,1020791)
(1020624,1020796)
(1020624,1020800)
(1020624,1020804)
(1020624,1020810)
(1020624,1020818)
(1020624,1020828)
(1020624,1020830)
(1020624,1020834)
(1020630,1020632)
(1020630,1020634)
(1020630,1020637)
(1020630,1020640)
(1020630,1020644)
(1020630,1020647)
(1020630,1020655)
(1020630,1020658)
(1020630,1020662)
(1020630,1020667)
(1020630,1020668)
(1020630,1020673)
(1020630,1020676)
(1020630,1020678)
(1020630,1020683)
(1020630,1020694)
(1020630,1020697)
(1020630,1020699)
(1020630,1020703)
(1020630,1020708)
(1020630,1020711)
(1020630,1020713)
(1020630,1020720)
(1020630,1020722)
(1020630,1020725)
(1020630,1020731)
(1020630,1020734)
(1020630,1020736)
(1020630,1020738)
(1020630,1020740)
(1020630,1020743)
(1020630,1020748)
(1020630,1020750)
(1020630,1020753)
(1020630,1020760)
(1020630,1020764)
(1020630,1020769)
(1020630,1020774)
(1020630,1020776)
(1020630,1020779)
(1020630,1020785)
(1020630,1020788)
(1020630,1020791)
(1020630,1020796)
(1020630,1020800)
(1020630,1020804)
(1020630,1020810)
(1020630,1020818)
(1020630,1020828)
(1020630,1020830)
(1020630,1020834)
(1020632,1020634)
(1020632,1020637)
(1020632,1020640)
(1020632,1020644)
(1020632,1020647)
(1020632,1020655)
(1020632,1020658)
(1020632,1020662)
(1020632,1020667)
(1020632,1020668)
(1020632,1020673)
(1020632,1020676)
(1020632,1020678)
(1020632,1020683)
(1020632,1020694)
(1020632,1020697)
(1020632,1020699)
(1020632,1020703)
(1020632,1020708)
(1020632,1020711)
(1020632,1020713)
(1020632,1020720)
(1020632,1020722)
(1020632,1020725)
(1020632,1020731)
(1020632,1020734)
(1020632,1020736)
(1020632,1020738)
(1020632,1020740)
(1020632,1020743)
(1020632,1020748)
(1020632,1020750)
(1020632,1020753)
(1020632,1020760)
(1020632,1020764)
(1020632,1020769)
(1020632,1020774)
(1020632,1020776)
(1020632,1020779)
(1020632,1020785)
(1020632,1020788)
(1020632,1020791)
(1020632,1020796)
(1020632,1020800)
(1020632,1020804)
(1020632,1020810)
(1020632,1020818)
(1020632,1020828)
(1020632,1020830)
(1020632,1020834)
(1020634,1020637)
(1020634,1020640)
(1020634,1020644)
(1020634,1020647)
(1020634,1020655)
(1020634,1020658)
(1020634,1020662)
(1020634,1020667)
(1020634,1020668)
(1020634,1020673)
(1020634,1020676)
(1020634,1020678)
(1020634,1020683)
(1020634,1020694)
(1020634,1020697)
(1020634,1020699)
(1020634,1020703)
(1020634,1020708)
(1020634,1020711)
(1020634,1020713)
(1020634,1020720)
(1020634,1020722)
(1020634,1020725)
(1020634,1020731)
(1020634,1020734)
(1020634,1020736)
(1020634,1020738)
(1020634,1020740)
(1020634,1020743)
(1020634,1020748)
(1020634,1020750)
(1020634,1020753)
(1020634,1020760)
(1020634,1020764)
(1020634,1020769)
(1020634,1020774)
(1020634,1020776)
(1020634,1020779)
(1020634,1020785)
(1020634,1020788)
(1020634,1020791)
(1020634,1020796)
(1020634,1020800)
(1020634,1020804)
(1020634,1020810)
(1020634,1020818)
(1020634,1020828)
(1020634,1020830)
(1020634,1020834)
(1020637,1020640)
(1020637,1020644)
(1020637,1020647)
(1020637,1020655)
(1020637,1020658)
(1020637,1020662)
(1020637,1020667)
(1020637,1020668)
(1020637,1020673)
(1020637,1020676)
(1020637,1020678)
(1020637,1020683)
(1020637,1020694)
(1020637,1020697)
(1020637,1020699)
(1020637,1020703)
(1020637,1020708)
(1020637,1020711)
(1020637,1020713)
(1020637,1020720)
(1020637,1020722)
(1020637,1020725)
(1020637,1020731)
(1020637,1020734)
(1020637,1020736)
(1020637,1020738)
(1020637,1020740)
(1020637,1020743)
(1020637,1020748)
(1020637,1020750)
(1020637,1020753)
(1020637,1020760)
(1020637,1020764)
(1020637,1020769)
(1020637,1020774)
(1020637,1020776)
(1020637,1020779)
(1020637,1020785)
(1020637,1020788)
(1020637,1020791)
(1020637,1020796)
(1020637,1020800)
(1020637,1020804)
(1020637,1020810)
(1020637,1020818)
(1020637,1020828)
(1020637,1020830)
(1020637,1020834)
(1020640,1020644)
(1020640,1020647)
(1020640,1020655)
(1020640,1020658)
(1020640,1020662)
(1020640,1020667)
(1020640,1020668)
(1020640,1020673)
(1020640,1020676)
(1020640,1020678)
(1020640,1020683)
(1020640,1020694)
(1020640,1020697)
(1020640,1020699)
(1020640,1020703)
(1020640,1020708)
(1020640,1020711)
(1020640,1020713)
(1020640,1020720)
(1020640,1020722)
(1020640,1020725)
(1020640,1020731)
(1020640,1020734)
(1020640,1020736)
(1020640,1020738)
(1020640,1020740)
(1020640,1020743)
(1020640,1020748)
(1020640,1020750)
(1020640,1020753)
(1020640,1020760)
(1020640,1020764)
(1020640,1020769)
(1020640,1020774)
(1020640,1020776)
(1020640,1020779)
(1020640,1020785)
(1020640,1020788)
(1020640,1020791)
(1020640,1020796)
(1020640,1020800)
(1020640,1020804)
(1020640,1020810)
(1020640,1020818)
(1020640,1020828)
(1020640,1020830)
(1020640,1020834)
(1020644,1020647)
(1020644,1020655)
(1020644,1020658)
(1020644,1020662)
(1020644,1020667)
(1020644,1020668)
(1020644,1020673)
(1020644,1020676)
(1020644,1020678)
(1020644,1020683)
(1020644,1020694)
(1020644,1020697)
(1020644,1020699)
(1020644,1020703)
(1020644,1020708)
(1020644,1020711)
(1020644,1020713)
(1020644,1020720)
(1020644,1020722)
(1020644,1020725)
(1020644,1020731)
(1020644,1020734)
(1020644,1020736)
(1020644,1020738)
(1020644,1020740)
(1020644,1020743)
(1020644,1020748)
(1020644,1020750)
(1020644,1020753)
(1020644,1020760)
(1020644,1020764)
(1020644,1020769)
(1020644,1020774)
(1020644,1020776)
(1020644,1020779)
(1020644,1020785)
(1020644,1020788)
(1020644,1020791)
(1020644,1020796)
(1020644,1020800)
(1020644,1020804)
(1020644,1020810)
(1020644,1020818)
(1020644,1020828)
(1020644,1020830)
(1020644,1020834)
(1020647,1020655)
(1020647,1020658)
(1020647,1020662)
(1020647,1020667)
(1020647,1020668)
(1020647,1020673)
(1020647,1020676)
(1020647,1020678)
(1020647,1020683)
(1020647,1020694)
(1020647,1020697)
(1020647,1020699)
(1020647,1020703)
(1020647,1020708)
(1020647,1020711)
(1020647,1020713)
(1020647,1020720)
(1020647,1020722)
(1020647,1020725)
(1020647,1020731)
(1020647,1020734)
(1020647,1020736)
(1020647,1020738)
(1020647,1020740)
(1020647,1020743)
(1020647,1020748)
(1020647,1020750)
(1020647,1020753)
(1020647,1020760)
(1020647,1020764)
(1020647,1020769)
(1020647,1020774)
(1020647,1020776)
(1020647,1020779)
(1020647,1020785)
(1020647,1020788)
(1020647,1020791)
(1020647,1020796)
(1020647,1020800)
(1020647,1020804)
(1020647,1020810)
(1020647,1020818)
(1020647,1020828)
(1020647,1020830)
(1020647,1020834)
(1020655,1020658)
(1020655,1020662)
(1020655,1020667)
(1020655,1020668)
(1020655,1020673)
(1020655,1020676)
(1020655,1020678)
(1020655,1020683)
(1020655,1020694)
(1020655,1020697)
(1020655,1020699)
(1020655,1020703)
(1020655,1020708)
(1020655,1020711)
(1020655,1020713)
(1020655,1020720)
(1020655,1020722)
(1020655,1020725)
(1020655,1020731)
(1020655,1020734)
(1020655,1020736)
(1020655,1020738)
(1020655,1020740)
(1020655,1020743)
(1020655,1020748)
(1020655,1020750)
(1020655,1020753)
(1020655,1020760)
(1020655,1020764)
(1020655,1020769)
(1020655,1020774)
(1020655,1020776)
(1020655,1020779)
(1020655,1020785)
(1020655,1020788)
(1020655,1020791)
(1020655,1020796)
(1020655,1020800)
(1020655,1020804)
(1020655,1020810)
(1020655,1020818)
(1020655,1020828)
(1020655,1020830)
(1020655,1020834)
(1020658,1020662)
(1020658,1020667)
(1020658,1020668)
(1020658,1020673)
(1020658,1020676)
(1020658,1020678)
(1020658,1020683)
(1020658,1020694)
(1020658,1020697)
(1020658,1020699)
(1020658,1020703)
(1020658,1020708)
(1020658,1020711)
(1020658,1020713)
(1020658,1020720)
(1020658,1020722)
(1020658,1020725)
(1020658,1020731)
(1020658,1020734)
(1020658,1020736)
(1020658,1020738)
(1020658,1020740)
(1020658,1020743)
(1020658,1020748)
(1020658,1020750)
(1020658,1020753)
(1020658,1020760)
(1020658,1020764)
(1020658,1020769)
(1020658,1020774)
(1020658,1020776)
(1020658,1020779)
(1020658,1020785)
(1020658,1020788)
(1020658,1020791)
(1020658,1020796)
(1020658,1020800)
(1020658,1020804)
(1020658,1020810)
(1020658,1020818)
(1020658,1020828)
(1020658,1020830)
(1020658,1020834)
(1020662,1020667)
(1020662,1020668)
(1020662,1020673)
(1020662,1020676)
(1020662,1020678)
(1020662,1020683)
(1020662,1020694)
(1020662,1020697)
(1020662,1020699)
(1020662,1020703)
(1020662,1020708)
(1020662,1020711)
(1020662,1020713)
(1020662,1020720)
(1020662,1020722)
(1020662,1020725)
(1020662,1020731)
(1020662,1020734)
(1020662,1020736)
(1020662,1020738)
(1020662,1020740)
(1020662,1020743)
(1020662,1020748)
(1020662,1020750)
(1020662,1020753)
(1020662,1020760)
(1020662,1020764)
(1020662,1020769)
(1020662,1020774)
(1020662,1020776)
(1020662,1020779)
(1020662,1020785)
(1020662,1020788)
(1020662,1020791)
(1020662,1020796)
(1020662,1020800)
(1020662,1020804)
(1020662,1020810)
(1020662,1020818)
(1020662,1020828)
(1020662,1020830)
(1020662,1020834)
(1020667,1020668)
(1020667,1020673)
(1020667,1020676)
(1020667,1020678)
(1020667,1020683)
(1020667,1020694)
(1020667,1020697)
(1020667,1020699)
(1020667,1020703)
(1020667,1020708)
(1020667,1020711)
(1020667,1020713)
(1020667,1020720)
(1020667,1020722)
(1020667,1020725)
(1020667,1020731)
(1020667,1020734)
(1020667,1020736)
(1020667,1020738)
(1020667,1020740)
(1020667,1020743)
(1020667,1020748)
(1020667,1020750)
(1020667,1020753)
(1020667,1020760)
(1020667,1020764)
(1020667,1020769)
(1020667,1020774)
(1020667,1020776)
(1020667,1020779)
(1020667,1020785)
(1020667,1020788)
(1020667,1020791)
(1020667,1020796)
(1020667,1020800)
(1020667,1020804)
(1020667,1020810)
(1020667,1020818)
(1020667,1020828)
(1020667,1020830)
(1020667,1020834)
(1020668,1020673)
(1020668,1020676)
(1020668,1020678)
(1020668,1020683)
(1020668,1020694)
(1020668,1020697)
(1020668,1020699)
(1020668,1020703)
(1020668,1020708)
(1020668,1020711)
(1020668,1020713)
(1020668,1020720)
(1020668,1020722)
(1020668,1020725)
(1020668,1020731)
(1020668,1020734)
(1020668,1020736)
(1020668,1020738)
(1020668,1020740)
(1020668,1020743)
(1020668,1020748)
(1020668,1020750)
(1020668,1020753)
(1020668,1020760)
(1020668,1020764)
(1020668,1020769)
(1020668,1020774)
(1020668,1020776)
(1020668,1020779)
(1020668,1020785)
(1020668,1020788)
(1020668,1020791)
(1020668,1020796)
(1020668,1020800)
(1020668,1020804)
(1020668,1020810)
(1020668,1020818)
(1020668,1020828)
(1020668,1020830)
(1020668,1020834)
(1020673,1020676)
(1020673,1020678)
(1020673,1020683)
(1020673,1020694)
(1020673,1020697)
(1020673,1020699)
(1020673,1020703)
(1020673,1020708)
(1020673,1020711)
(1020673,1020713)
(1020673,1020720)
(1020673,1020722)
(1020673,1020725)
(1020673,1020731)
(1020673,1020734)
(1020673,1020736)
(1020673,1020738)
(1020673,1020740)
(1020673,1020743)
(1020673,1020748)
(1020673,1020750)
(1020673,1020753)
(1020673,1020760)
(1020673,1020764)
(1020673,1020769)
(1020673,1020774)
(1020673,1020776)
(1020673,1020779)
(1020673,1020785)
(1020673,1020788)
(1020673,1020791)
(1020673,1020796)
(1020673,1020800)
(1020673,1020804)
(1020673,1020810)
(1020673,1020818)
(1020673,1020828)
(1020673,1020830)
(1020673,1020834)
(1020676,1020678)
(1020676,1020683)
(1020676,1020694)
(1020676,1020697)
(1020676,1020699)
(1020676,1020703)
(1020676,1020708)
(1020676,1020711)
(1020676,1020713)
(1020676,1020720)
(1020676,1020722)
(1020676,1020725)
(1020676,1020731)
(1020676,1020734)
(1020676,1020736)
(1020676,1020738)
(1020676,1020740)
(1020676,1020743)
(1020676,1020748)
(1020676,1020750)
(1020676,1020753)
(1020676,1020760)
(1020676,1020764)
(1020676,1020769)
(1020676,1020774)
(1020676,1020776)
(1020676,1020779)
(1020676,1020785)
(1020676,1020788)
(1020676,1020791)
(1020676,1020796)
(1020676,1020800)
(1020676,1020804)
(1020676,1020810)
(1020676,1020818)
(1020676,1020828)
(1020676,1020830)
(1020676,1020834)
(1020678,1020683)
(1020678,1020694)
(1020678,1020697)
(1020678,1020699)
(1020678,1020703)
(1020678,1020708)
(1020678,1020711)
(1020678,1020713)
(1020678,1020720)
(1020678,1020722)
(1020678,1020725)
(1020678,1020731)
(1020678,1020734)
(1020678,1020736)
(1020678,1020738)
(1020678,1020740)
(1020678,1020743)
(1020678,1020748)
(1020678,1020750)
(1020678,1020753)
(1020678,1020760)
(1020678,1020764)
(1020678,1020769)
(1020678,1020774)
(1020678,1020776)
(1020678,1020779)
(1020678,1020785)
(1020678,1020788)
(1020678,1020791)
(1020678,1020796)
(1020678,1020800)
(1020678,1020804)
(1020678,1020810)
(1020678,1020818)
(1020678,1020828)
(1020678,1020830)
(1020678,1020834)
(1020683,1020694)
(1020683,1020697)
(1020683,1020699)
(1020683,1020703)
(1020683,1020708)
(1020683,1020711)
(1020683,1020713)
(1020683,1020720)
(1020683,1020722)
(1020683,1020725)
(1020683,1020731)
(1020683,1020734)
(1020683,1020736)
(1020683,1020738)
(1020683,1020740)
(1020683,1020743)
(1020683,1020748)
(1020683,1020750)
(1020683,1020753)
(1020683,1020760)
(1020683,1020764)
(1020683,1020769)
(1020683,1020774)
(1020683,1020776)
(1020683,1020779)
(1020683,1020785)
(1020683,1020788)
(1020683,1020791)
(1020683,1020796)
(1020683,1020800)
(1020683,1020804)
(1020683,1020810)
(1020683,1020818)
(1020683,1020828)
(1020683,1020830)
(1020683,1020834)
(1020694,1020697)
(1020694,1020699)
(1020694,1020703)
(1020694,1020708)
(1020694,1020711)
(1020694,1020713)
(1020694,1020720)
(1020694,1020722)
(1020694,1020725)
(1020694,1020731)
(1020694,1020734)
(1020694,1020736)
(1020694,1020738)
(1020694,1020740)
(1020694,1020743)
(1020694,1020748)
(1020694,1020750)
(1020694,1020753)
(1020694,1020760)
(1020694,1020764)
(1020694,1020769)
(1020694,1020774)
(1020694,1020776)
(1020694,1020779)
(1020694,1020785)
(1020694,1020788)
(1020694,1020791)
(1020694,1020796)
(1020694,1020800)
(1020694,1020804)
(1020694,1020810)
(1020694,1020818)
(1020694,1020828)
(1020694,1020830)
(1020694,1020834)
(1020697,1020699)
(1020697,1020703)
(1020697,1020708)
(1020697,1020711)
(1020697,1020713)
(1020697,1020720)
(1020697,1020722)
(1020697,1020725)
(1020697,1020731)
(1020697,1020734)
(1020697,1020736)
(1020697,1020738)
(1020697,1020740)
(1020697,1020743)
(1020697,1020748)
(1020697,1020750)
(1020697,1020753)
(1020697,1020760)
(1020697,1020764)
(1020697,1020769)
(1020697,1020774)
(1020697,1020776)
(1020697,1020779)
(1020697,1020785)
(1020697,1020788)
(1020697,1020791)
(1020697,1020796)
(1020697,1020800)
(1020697,1020804)
(1020697,1020810)
(1020697,1020818)
(1020697,1020828)
(1020697,1020830)
(1020697,1020834)
(1020699,1020703)
(1020699,1020708)
(1020699,1020711)
(1020699,1020713)
(1020699,1020720)
(1020699,1020722)
(1020699,1020725)
(1020699,1020731)
(1020699,1020734)
(1020699,1020736)
(1020699,1020738)
(1020699,1020740)
(1020699,1020743)
(1020699,1020748)
(1020699,1020750)
(1020699,1020753)
(1020699,1020760)
(1020699,1020764)
(1020699,1020769)
(1020699,1020774)
(1020699,1020776)
(1020699,1020779)
(1020699,1020785)
(1020699,1020788)
(1020699,1020791)
(1020699,1020796)
(1020699,1020800)
(1020699,1020804)
(1020699,1020810)
(1020699,1020818)
(1020699,1020828)
(1020699,1020830)
(1020699,1020834)
(1020703,1020708)
(1020703,1020711)
(1020703,1020713)
(1020703,1020720)
(1020703,1020722)
(1020703,1020725)
(1020703,1020731)
(1020703,1020734)
(1020703,1020736)
(1020703,1020738)
(1020703,1020740)
(1020703,1020743)
(1020703,1020748)
(1020703,1020750)
(1020703,1020753)
(1020703,1020760)
(1020703,1020764)
(1020703,1020769)
(1020703,1020774)
(1020703,1020776)
(1020703,1020779)
(1020703,1020785)
(1020703,1020788)
(1020703,1020791)
(1020703,1020796)
(1020703,1020800)
(1020703,1020804)
(1020703,1020810)
(1020703,1020818)
(1020703,1020828)
(1020703,1020830)
(1020703,1020834)
(1020708,1020711)
(1020708,1020713)
(1020708,1020720)
(1020708,1020722)
(1020708,1020725)
(1020708,1020731)
(1020708,1020734)
(1020708,1020736)
(1020708,1020738)
(1020708,1020740)
(1020708,1020743)
(1020708,1020748)
(1020708,1020750)
(1020708,1020753)
(1020708,1020760)
(1020708,1020764)
(1020708,1020769)
(1020708,1020774)
(1020708,1020776)
(1020708,1020779)
(1020708,1020785)
(1020708,1020788)
(1020708,1020791)
(1020708,1020796)
(1020708,1020800)
(1020708,1020804)
(1020708,1020810)
(1020708,1020818)
(1020708,1020828)
(1020708,1020830)
(1020708,1020834)
(1020711,1020713)
(1020711,1020720)
(1020711,1020722)
(1020711,1020725)
(1020711,1020731)
(1020711,1020734)
(1020711,1020736)
(1020711,1020738)
(1020711,1020740)
(1020711,1020743)
(1020711,1020748)
(1020711,1020750)
(1020711,1020753)
(1020711,1020760)
(1020711,1020764)
(1020711,1020769)
(1020711,1020774)
(1020711,1020776)
(1020711,1020779)
(1020711,1020785)
(1020711,1020788)
(1020711,1020791)
(1020711,1020796)
(1020711,1020800)
(1020711,1020804)
(1020711,1020810)
(1020711,1020818)
(1020711,1020828)
(1020711,1020830)
(1020711,1020834)
(1020713,1020720)
(1020713,1020722)
(1020713,1020725)
(1020713,1020731)
(1020713,1020734)
(1020713,1020736)
(1020713,1020738)
(1020713,1020740)
(1020713,1020743)
(1020713,1020748)
(1020713,1020750)
(1020713,1020753)
(1020713,1020760)
(1020713,1020764)
(1020713,1020769)
(1020713,1020774)
(1020713,1020776)
(1020713,1020779)
(1020713,1020785)
(1020713,1020788)
(1020713,1020791)
(1020713,1020796)
(1020713,1020800)
(1020713,1020804)
(1020713,1020810)
(1020713,1020818)
(1020713,1020828)
(1020713,1020830)
(1020713,1020834)
(1020720,1020722)
(1020720,1020725)
(1020720,1020731)
(1020720,1020734)
(1020720,1020736)
(1020720,1020738)
(1020720,1020740)
(1020720,1020743)
(1020720,1020748)
(1020720,1020750)
(1020720,1020753)
(1020720,1020760)
(1020720,1020764)
(1020720,1020769)
(1020720,1020774)
(1020720,1020776)
(1020720,1020779)
(1020720,1020785)
(1020720,1020788)
(1020720,1020791)
(1020720,1020796)
(1020720,1020800)
(1020720,1020804)
(1020720,1020810)
(1020720,1020818)
(1020720,1020828)
(1020720,1020830)
(1020720,1020834)
(1020722,1020725)
(1020722,1020731)
(1020722,1020734)
(1020722,1020736)
(1020722,1020738)
(1020722,1020740)
(1020722,1020743)
(1020722,1020748)
(1020722,1020750)
(1020722,1020753)
(1020722,1020760)
(1020722,1020764)
(1020722,1020769)
(1020722,1020774)
(1020722,1020776)
(1020722,1020779)
(1020722,1020785)
(1020722,1020788)
(1020722,1020791)
(1020722,1020796)
(1020722,1020800)
(1020722,1020804)
(1020722,1020810)
(1020722,1020818)
(1020722,1020828)
(1020722,1020830)
(1020722,1020834)
(1020725,1020731)
(1020725,1020734)
(1020725,1020736)
(1020725,1020738)
(1020725,1020740)
(1020725,1020743)
(1020725,1020748)
(1020725,1020750)
(1020725,1020753)
(1020725,1020760)
(1020725,1020764)
(1020725,1020769)
(1020725,1020774)
(1020725,1020776)
(1020725,1020779)
(1020725,1020785)
(1020725,1020788)
(1020725,1020791)
(1020725,1020796)
(1020725,1020800)
(1020725,1020804)
(1020725,1020810)
(1020725,1020818)
(1020725,1020828)
(1020725,1020830)
(1020725,1020834)
(1020731,1020734)
(1020731,1020736)
(1020731,1020738)
(1020731,1020740)
(1020731,1020743)
(1020731,1020748)
(1020731,1020750)
(1020731,1020753)
(1020731,1020760)
(1020731,1020764)
(1020731,1020769)
(1020731,1020774)
(1020731,1020776)
(1020731,1020779)
(1020731,1020785)
(1020731,1020788)
(1020731,1020791)
(1020731,1020796)
(1020731,1020800)
(1020731,1020804)
(1020731,1020810)
(1020731,1020818)
(1020731,1020828)
(1020731,1020830)
(1020731,1020834)
(1020734,1020736)
(1020734,1020738)
(1020734,1020740)
(1020734,1020743)
(1020734,1020748)
(1020734,1020750)
(1020734,1020753)
(1020734,1020760)
(1020734,1020764)
(1020734,1020769)
(1020734,1020774)
(1020734,1020776)
(1020734,1020779)
(1020734,1020785)
(1020734,1020788)
(1020734,1020791)
(1020734,1020796)
(1020734,1020800)
(1020734,1020804)
(1020734,1020810)
(1020734,1020818)
(1020734,1020828)
(1020734,1020830)
(1020734,1020834)
(1020736,1020738)
(1020736,1020740)
(1020736,1020743)
(1020736,1020748)
(1020736,1020750)
(1020736,1020753)
(1020736,1020760)
(1020736,1020764)
(1020736,1020769)
(1020736,1020774)
(1020736,1020776)
(1020736,1020779)
(1020736,1020785)
(1020736,1020788)
(1020736,1020791)
(1020736,1020796)
(1020736,1020800)
(1020736,1020804)
(1020736,1020810)
(1020736,1020818)
(1020736,1020828)
(1020736,1020830)
(1020736,1020834)
(1020738,1020740)
(1020738,1020743)
(1020738,1020748)
(1020738,1020750)
(1020738,1020753)
(1020738,1020760)
(1020738,1020764)
(1020738,1020769)
(1020738,1020774)
(1020738,1020776)
(1020738,1020779)
(1020738,1020785)
(1020738,1020788)
(1020738,1020791)
(1020738,1020796)
(1020738,1020800)
(1020738,1020804)
(1020738,1020810)
(1020738,1020818)
(1020738,1020828)
(1020738,1020830)
(1020738,1020834)
(1020740,1020743)
(1020740,1020748)
(1020740,1020750)
(1020740,1020753)
(1020740,1020760)
(1020740,1020764)
(1020740,1020769)
(1020740,1020774)
(1020740,1020776)
(1020740,1020779)
(1020740,1020785)
(1020740,1020788)
(1020740,1020791)
(1020740,1020796)
(1020740,1020800)
(1020740,1020804)
(1020740,1020810)
(1020740,1020818)
(1020740,1020828)
(1020740,1020830)
(1020740,1020834)
(1020743,1020748)
(1020743,1020750)
(1020743,1020753)
(1020743,1020760)
(1020743,1020764)
(1020743,1020769)
(1020743,1020774)
(1020743,1020776)
(1020743,1020779)
(1020743,1020785)
(1020743,1020788)
(1020743,1020791)
(1020743,1020796)
(1020743,1020800)
(1020743,1020804)
(1020743,1020810)
(1020743,1020818)
(1020743,1020828)
(1020743,1020830)
(1020743,1020834)
(1020748,1020750)
(1020748,1020753)
(1020748,1020760)
(1020748,1020764)
(1020748,1020769)
(1020748,1020774)
(1020748,1020776)
(1020748,1020779)
(1020748,1020785)
(1020748,1020788)
(1020748,1020791)
(1020748,1020796)
(1020748,1020800)
(1020748,1020804)
(1020748,1020810)
(1020748,1020818)
(1020748,1020828)
(1020748,1020830)
(1020748,1020834)
(1020750,1020753)
(1020750,1020760)
(1020750,1020764)
(1020750,1020769)
(1020750,1020774)
(1020750,1020776)
(1020750,1020779)
(1020750,1020785)
(1020750,1020788)
(1020750,1020791)
(1020750,1020796)
(1020750,1020800)
(1020750,1020804)
(1020750,1020810)
(1020750,1020818)
(1020750,1020828)
(1020750,1020830)
(1020750,1020834)
(1020753,1020760)
(1020753,1020764)
(1020753,1020769)
(1020753,1020774)
(1020753,1020776)
(1020753,1020779)
(1020753,1020785)
(1020753,1020788)
(1020753,1020791)
(1020753,1020796)
(1020753,1020800)
(1020753,1020804)
(1020753,1020810)
(1020753,1020818)
(1020753,1020828)
(1020753,1020830)
(1020753,1020834)
(1020760,1020764)
(1020760,1020769)
(1020760,1020774)
(1020760,1020776)
(1020760,1020779)
(1020760,1020785)
(1020760,1020788)
(1020760,1020791)
(1020760,1020796)
(1020760,1020800)
(1020760,1020804)
(1020760,1020810)
(1020760,1020818)
(1020760,1020828)
(1020760,1020830)
(1020760,1020834)
(1020764,1020769)
(1020764,1020774)
(1020764,1020776)
(1020764,1020779)
(1020764,1020785)
(1020764,1020788)
(1020764,1020791)
(1020764,1020796)
(1020764,1020800)
(1020764,1020804)
(1020764,1020810)
(1020764,1020818)
(1020764,1020828)
(1020764,1020830)
(1020764,1020834)
(1020769,1020774)
(1020769,1020776)
(1020769,1020779)
(1020769,1020785)
(1020769,1020788)
(1020769,1020791)
(1020769,1020796)
(1020769,1020800)
(1020769,1020804)
(1020769,1020810)
(1020769,1020818)
(1020769,1020828)
(1020769,1020830)
(1020769,1020834)
(1020774,1020776)
(1020774,1020779)
(1020774,1020785)
(1020774,1020788)
(1020774,1020791)
(1020774,1020796)
(1020774,1020800)
(1020774,1020804)
(1020774,1020810)
(1020774,1020818)
(1020774,1020828)
(1020774,1020830)
(1020774,1020834)
(1020776,1020779)
(1020776,1020785)
(1020776,1020788)
(1020776,1020791)
(1020776,1020796)
(1020776,1020800)
(1020776,1020804)
(1020776,1020810)
(1020776,1020818)
(1020776,1020828)
(1020776,1020830)
(1020776,1020834)
(1020779,1020785)
(1020779,1020788)
(1020779,1020791)
(1020779,1020796)
(1020779,1020800)
(1020779,1020804)
(1020779,1020810)
(1020779,1020818)
(1020779,1020828)
(1020779,1020830)
(1020779,1020834)
(1020785,1020788)
(1020785,1020791)
(1020785,1020796)
(1020785,1020800)
(1020785,1020804)
(1020785,1020810)
(1020785,1020818)
(1020785,1020828)
(1020785,1020830)
(1020785,1020834)
(1020788,1020791)
(1020788,1020796)
(1020788,1020800)
(1020788,1020804)
(1020788,1020810)
(1020788,1020818)
(1020788,1020828)
(1020788,1020830)
(1020788,1020834)
(1020791,1020796)
(1020791,1020800)
(1020791,1020804)
(1020791,1020810)
(1020791,1020818)
(1020791,1020828)
(1020791,1020830)
(1020791,1020834)
(1020796,1020800)
(1020796,1020804)
(1020796,1020810)
(1020796,1020818)
(1020796,1020828)
(1020796,1020830)
(1020796,1020834)
(1020800,1020804)
(1020800,1020810)
(1020800,1020818)
(1020800,1020828)
(1020800,1020830)
(1020800,1020834)
(1020804,1020810)
(1020804,1020818)
(1020804,1020828)
(1020804,1020830)
(1020804,1020834)
(1020810,1020818)
(1020810,1020828)
(1020810,1020830)
(1020810,1020834)
(1020818,1020828)
(1020818,1020830)
(1020818,1020834)
(1020828,1020830)
(1020828,1020834)
(1020830,1020834)
(1020848,1020851)
(1020848,1020856)
(1020851,1020856)
(1020863,1020872)
(1020863,1020877)
(1020863,1020886)
(1020863,1020892)
(1020872,1020877)
(1020872,1020886)
(1020872,1020892)
(1020877,1020886)
(1020877,1020892)
(1020886,1020892)
(1020898,1020905)
(1020898,1020908)
(1020898,1020912)
(1020898,1020919)
(1020898,1020923)
(1020898,1020928)
(1020898,1020934)
(1020898,1020936)
(1020898,1020939)
(1020898,1020942)
(1020898,1020944)
(1020898,1020947)
(1020898,1020948)
(1020898,1020950)
(1020898,1020958)
(1020898,1020959)
(1020898,1020963)
(1020898,1020966)
(1020898,1020971)
(1020898,1020976)
(1020898,1020981)
(1020898,1020988)
(1020898,1020989)
(1020898,1020993)
(1020898,1020996)
(1020898,1021000)
(1020898,1021007)
(1020898,1021012)
(1020898,1021018)
(1020898,1021022)
(1020905,1020908)
(1020905,1020912)
(1020905,1020919)
(1020905,1020923)
(1020905,1020928)
(1020905,1020934)
(1020905,1020936)
(1020905,1020939)
(1020905,1020942)
(1020905,1020944)
(1020905,1020947)
(1020905,1020948)
(1020905,1020950)
(1020905,1020958)
(1020905,1020959)
(1020905,1020963)
(1020905,1020966)
(1020905,1020971)
(1020905,1020976)
(1020905,1020981)
(1020905,1020988)
(1020905,1020989)
(1020905,1020993)
(1020905,1020996)
(1020905,1021000)
(1020905,1021007)
(1020905,1021012)
(1020905,1021018)
(1020905,1021022)
(1020908,1020912)
(1020908,1020919)
(1020908,1020923)
(1020908,1020928)
(1020908,1020934)
(1020908,1020936)
(1020908,1020939)
(1020908,1020942)
(1020908,1020944)
(1020908,1020947)
(1020908,1020948)
(1020908,1020950)
(1020908,1020958)
(1020908,1020959)
(1020908,1020963)
(1020908,1020966)
(1020908,1020971)
(1020908,1020976)
(1020908,1020981)
(1020908,1020988)
(1020908,1020989)
(1020908,1020993)
(1020908,1020996)
(1020908,1021000)
(1020908,1021007)
(1020908,1021012)
(1020908,1021018)
(1020908,1021022)
(1020912,1020919)
(1020912,1020923)
(1020912,1020928)
(1020912,1020934)
(1020912,1020936)
(1020912,1020939)
(1020912,1020942)
(1020912,1020944)
(1020912,1020947)
(1020912,1020948)
(1020912,1020950)
(1020912,1020958)
(1020912,1020959)
(1020912,1020963)
(1020912,1020966)
(1020912,1020971)
(1020912,1020976)
(1020912,1020981)
(1020912,1020988)
(1020912,1020989)
(1020912,1020993)
(1020912,1020996)
(1020912,1021000)
(1020912,1021007)
(1020912,1021012)
(1020912,1021018)
(1020912,1021022)
(1020919,1020923)
(1020919,1020928)
(1020919,1020934)
(1020919,1020936)
(1020919,1020939)
(1020919,1020942)
(1020919,1020944)
(1020919,1020947)
(1020919,1020948)
(1020919,1020950)
(1020919,1020958)
(1020919,1020959)
(1020919,1020963)
(1020919,1020966)
(1020919,1020971)
(1020919,1020976)
(1020919,1020981)
(1020919,1020988)
(1020919,1020989)
(1020919,1020993)
(1020919,1020996)
(1020919,1021000)
(1020919,1021007)
(1020919,1021012)
(1020919,1021018)
(1020919,1021022)
(1020923,1020928)
(1020923,1020934)
(1020923,1020936)
(1020923,1020939)
(1020923,1020942)
(1020923,1020944)
(1020923,1020947)
(1020923,1020948)
(1020923,1020950)
(1020923,1020958)
(1020923,1020959)
(1020923,1020963)
(1020923,1020966)
(1020923,1020971)
(1020923,1020976)
(1020923,1020981)
(1020923,1020988)
(1020923,1020989)
(1020923,1020993)
(1020923,1020996)
(1020923,1021000)
(1020923,1021007)
(1020923,1021012)
(1020923,1021018)
(1020923,1021022)
(1020928,1020934)
(1020928,1020936)
(1020928,1020939)
(1020928,1020942)
(1020928,1020944)
(1020928,1020947)
(1020928,1020948)
(1020928,1020950)
(1020928,1020958)
(1020928,1020959)
(1020928,1020963)
(1020928,1020966)
(1020928,1020971)
(1020928,1020976)
(1020928,1020981)
(1020928,1020988)
(1020928,1020989)
(1020928,1020993)
(1020928,1020996)
(1020928,1021000)
(1020928,1021007)
(1020928,1021012)
(1020928,1021018)
(1020928,1021022)
(1020934,1020936)
(1020934,1020939)
(1020934,1020942)
(1020934,1020944)
(1020934,1020947)
(1020934,1020948)
(1020934,1020950)
(1020934,1020958)
(1020934,1020959)
(1020934,1020963)
(1020934,1020966)
(1020934,1020971)
(1020934,1020976)
(1020934,1020981)
(1020934,1020988)
(1020934,1020989)
(1020934,1020993)
(1020934,1020996)
(1020934,1021000)
(1020934,1021007)
(1020934,1021012)
(1020934,1021018)
(1020934,1021022)
(1020936,1020939)
(1020936,1020942)
(1020936,1020944)
(1020936,1020947)
(1020936,1020948)
(1020936,1020950)
(1020936,1020958)
(1020936,1020959)
(1020936,1020963)
(1020936,1020966)
(1020936,1020971)
(1020936,1020976)
(1020936,1020981)
(1020936,1020988)
(1020936,1020989)
(1020936,1020993)
(1020936,1020996)
(1020936,1021000)
(1020936,1021007)
(1020936,1021012)
(1020936,1021018)
(1020936,1021022)
(1020939,1020942)
(1020939,1020944)
(1020939,1020947)
(1020939,1020948)
(1020939,1020950)
(1020939,1020958)
(1020939,1020959)
(1020939,1020963)
(1020939,1020966)
(1020939,1020971)
(1020939,1020976)
(1020939,1020981)
(1020939,1020988)
(1020939,1020989)
(1020939,1020993)
(1020939,1020996)
(1020939,1021000)
(1020939,1021007)
(1020939,1021012)
(1020939,1021018)
(1020939,1021022)
(1020942,1020944)
(1020942,1020947)
(1020942,1020948)
(1020942,1020950)
(1020942,1020958)
(1020942,1020959)
(1020942,1020963)
(1020942,1020966)
(1020942,1020971)
(1020942,1020976)
(1020942,1020981)
(1020942,1020988)
(1020942,1020989)
(1020942,1020993)
(1020942,1020996)
(1020942,1021000)
(1020942,1021007)
(1020942,1021012)
(1020942,1021018)
(1020942,1021022)
(1020944,1020947)
(1020944,1020948)
(1020944,1020950)
(1020944,1020958)
(1020944,1020959)
(1020944,1020963)
(1020944,1020966)
(1020944,1020971)
(1020944,1020976)
(1020944,1020981)
(1020944,1020988)
(1020944,1020989)
(1020944,1020993)
(1020944,1020996)
(1020944,1021000)
(1020944,1021007)
(1020944,1021012)
(1020944,1021018)
(1020944,1021022)
(1020947,1020948)
(1020947,1020950)
(1020947,1020958)
(1020947,1020959)
(1020947,1020963)
(1020947,1020966)
(1020947,1020971)
(1020947,1020976)
(1020947,1020981)
(1020947,1020988)
(1020947,1020989)
(1020947,1020993)
(1020947,1020996)
(1020947,1021000)
(1020947,1021007)
(1020947,1021012)
(1020947,1021018)
(1020947,1021022)
(1020948,1020950)
(1020948,1020958)
(1020948,1020959)
(1020948,1020963)
(1020948,1020966)
(1020948,1020971)
(1020948,1020976)
(1020948,1020981)
(1020948,1020988)
(1020948,1020989)
(1020948,1020993)
(1020948,1020996)
(1020948,1021000)
(1020948,1021007)
(1020948,1021012)
(1020948,1021018)
(1020948,1021022)
(1020950,1020958)
(1020950,1020959)
(1020950,1020963)
(1020950,1020966)
(1020950,1020971)
(1020950,1020976)
(1020950,1020981)
(1020950,1020988)
(1020950,1020989)
(1020950,1020993)
(1020950,1020996)
(1020950,1021000)
(1020950,1021007)
(1020950,1021012)
(1020950,1021018)
(1020950,1021022)
(1020958,1020959)
(1020958,1020963)
(1020958,1020966)
(1020958,1020971)
(1020958,1020976)
(1020958,1020981)
(1020958,1020988)
(1020958,1020989)
(1020958,1020993)
(1020958,1020996)
(1020958,1021000)
(1020958,1021007)
(1020958,1021012)
(1020958,1021018)
(1020958,1021022)
(1020959,1020963)
(1020959,1020966)
(1020959,1020971)
(1020959,1020976)
(1020959,1020981)
(1020959,1020988)
(1020959,1020989)
(1020959,1020993)
(1020959,1020996)
(1020959,1021000)
(1020959,1021007)
(1020959,1021012)
(1020959,1021018)
(1020959,1021022)
(1020963,1020966)
(1020963,1020971)
(1020963,1020976)
(1020963,1020981)
(1020963,1020988)
(1020963,1020989)
(1020963,1020993)
(1020963,1020996)
(1020963,1021000)
(1020963,1021007)
(1020963,1021012)
(1020963,1021018)
(1020963,1021022)
(1020966,1020971)
(1020966,1020976)
(1020966,1020981)
(1020966,1020988)
(1020966,1020989)
(1020966,1020993)
(1020966,1020996)
(1020966,1021000)
(1020966,1021007)
(1020966,1021012)
(1020966,1021018)
(1020966,1021022)
(1020971,1020976)
(1020971,1020981)
(1020971,1020988)
(1020971,1020989)
(1020971,1020993)
(1020971,1020996)
(1020971,1021000)
(1020971,1021007)
(1020971,1021012)
(1020971,1021018)
(1020971,1021022)
(1020976,1020981)
(1020976,1020988)
(1020976,1020989)
(1020976,1020993)
(1020976,1020996)
(1020976,1021000)
(1020976,1021007)
(1020976,1021012)
(1020976,1021018)
(1020976,1021022)
(1020981,1020988)
(1020981,1020989)
(1020981,1020993)
(1020981,1020996)
(1020981,1021000)
(1020981,1021007)
(1020981,1021012)
(1020981,1021018)
(1020981,1021022)
(1020988,1020989)
(1020988,1020993)
(1020988,1020996)
(1020988,1021000)
(1020988,1021007)
(1020988,1021012)
(1020988,1021018)
(1020988,1021022)
(1020989,1020993)
(1020989,1020996)
(1020989,1021000)
(1020989,1021007)
(1020989,1021012)
(1020989,1021018)
(1020989,1021022)
(1020993,1020996)
(1020993,1021000)
(1020993,1021007)
(1020993,1021012)
(1020993,1021018)
(1020993,1021022)
(1020996,1021000)
(1020996,1021007)
(1020996,1021012)
(1020996,1021018)
(1020996,1021022)
(1021000,1021007)
(1021000,1021012)
(1021000,1021018)
(1021000,1021022)
(1021007,1021012)
(1021007,1021018)
(1021007,1021022)
(1021012,1021018)
(1021012,1021022)
(1021018,1021022)
(1021033,1021036)
(1021033,1021040)
(1021033,1021043)
(1021033,1021049)
(1021033,1021055)
(1021033,1021059)
(1021033,1021064)
(1021036,1021040)
(1021036,1021043)
(1021036,1021049)
(1021036,1021055)
(1021036,1021059)
(1021036,1021064)
(1021040,1021043)
(1021040,1021049)
(1021040,1021055)
(1021040,1021059)
(1021040,1021064)
(1021043,1021049)
(1021043,1021055)
(1021043,1021059)
(1021043,1021064)
(1021049,1021055)
(1021049,1021059)
(1021049,1021064)
(1021055,1021059)
(1021055,1021064)
(1021059,1021064)
(1021066,1021069)
(1021066,1021075)
(1021066,1021080)
(1021066,1021083)
(1021066,1021089)
(1021069,1021075)
(1021069,1021080)
(1021069,1021083)
(1021069,1021089)
(1021075,1021080)
(1021075,1021083)
(1021075,1021089)
(1021080,1021083)
(1021080,1021089)
(1021083,1021089)
(1021093,1021099)
(1021093,1021101)
(1021093,1021104)
(1021093,1021110)
(1021093,1021113)
(1021099,1021101)
(1021099,1021104)
(1021099,1021110)
(1021099,1021113)
(1021101,1021104)
(1021101,1021110)
(1021101,1021113)
(1021104,1021110)
(1021104,1021113)
(1021110,1021113)
(1021127,1021135)
(1021127,1021137)
(1021135,1021137)
(1021142,1021143)
(1021142,1021144)
(1021142,1021146)
(1021142,1021148)
(1021142,1021150)
(1021142,1021151)
(1021143,1021144)
(1021143,1021146)
(1021143,1021148)
(1021143,1021150)
(1021143,1021151)
(1021144,1021146)
(1021144,1021148)
(1021144,1021150)
(1021144,1021151)
(1021146,1021148)
(1021146,1021150)
(1021146,1021151)
(1021148,1021150)
(1021148,1021151)
(1021150,1021151)
(1021169,1021172)
(1021169,1021178)
(1021169,1021180)
(1021169,1021187)
(1021169,1021194)
(1021172,1021178)
(1021172,1021180)
(1021172,1021187)
(1021172,1021194)
(1021178,1021180)
(1021178,1021187)
(1021178,1021194)
(1021180,1021187)
(1021180,1021194)
(1021187,1021194)
(1021197,1021206)
(1021197,1021212)
(1021206,1021212)
(1021248,1021257)
(1021248,1021265)
(1021248,1021275)
(1021248,1021286)
(1021248,1021294)
(1021248,1021303)
(1021248,1021311)
(1021257,1021265)
(1021257,1021275)
(1021257,1021286)
(1021257,1021294)
(1021257,1021303)
(1021257,1021311)
(1021265,1021275)
(1021265,1021286)
(1021265,1021294)
(1021265,1021303)
(1021265,1021311)
(1021275,1021286)
(1021275,1021294)
(1021275,1021303)
(1021275,1021311)
(1021286,1021294)
(1021286,1021303)
(1021286,1021311)
(1021294,1021303)
(1021294,1021311)
(1021303,1021311)
(1021315,1021333)
(1021369,1021376)
(1021369,1021387)
(1021376,1021387)
