(124,108165)
(124,108177)
(124,108186)
(124,108217)
(124,344954)
(124,344970)
(124,344994)
(124,345013)
(124,345033)
(124,345079)
(124,345088)
(124,345098)
(124,345148)
(124,345188)
(124,345226)
(124,345252)
(124,345307)
(124,345317)
(124,345336)
(124,345354)
(124,345386)
(124,345543)
(124,345555)
(124,345565)
(124,345737)
(124,345882)
(124,345898)
(124,346058)
(124,1048228)
(108165,108177)
(108165,108186)
(108165,108217)
(108165,344954)
(108165,344970)
(108165,344994)
(108165,345013)
(108165,345033)
(108165,345079)
(108165,345088)
(108165,345098)
(108165,345148)
(108165,345188)
(108165,345226)
(108165,345252)
(108165,345307)
(108165,345317)
(108165,345336)
(108165,345354)
(108165,345386)
(108165,345543)
(108165,345555)
(108165,345565)
(108165,345737)
(108165,345882)
(108165,345898)
(108165,346058)
(108165,1048228)
(108177,108186)
(108177,108217)
(108177,344954)
(108177,344970)
(108177,344994)
(108177,345013)
(108177,345033)
(108177,345079)
(108177,345088)
(108177,345098)
(108177,345148)
(108177,345188)
(108177,345226)
(108177,345252)
(108177,345307)
(108177,345317)
(108177,345336)
(108177,345354)
(108177,345386)
(108177,345543)
(108177,345555)
(108177,345565)
(108177,345737)
(108177,345882)
(108177,345898)
(108177,346058)
(108177,1048228)
(108186,108217)
(108186,344954)
(108186,344970)
(108186,344994)
(108186,345013)
(108186,345033)
(108186,345079)
(108186,345088)
(108186,345098)
(108186,345148)
(108186,345188)
(108186,345226)
(108186,345252)
(108186,345307)
(108186,345317)
(108186,345336)
(108186,345354)
(108186,345386)
(108186,345543)
(108186,345555)
(108186,345565)
(108186,345737)
(108186,345882)
(108186,345898)
(108186,346058)
(108186,1048228)
(108217,344954)
(108217,344970)
(108217,344994)
(108217,345013)
(108217,345033)
(108217,345079)
(108217,345088)
(108217,345098)
(108217,345148)
(108217,345188)
(108217,345226)
(108217,345252)
(108217,345307)
(108217,345317)
(108217,345336)
(108217,345354)
(108217,345386)
(108217,345543)
(108217,345555)
(108217,345565)
(108217,345737)
(108217,345882)
(108217,345898)
(108217,346058)
(108217,1048228)
(344954,344970)
(344954,344994)
(344954,345013)
(344954,345033)
(344954,345079)
(344954,345088)
(344954,345098)
(344954,345148)
(344954,345188)
(344954,345226)
(344954,345252)
(344954,345307)
(344954,345317)
(344954,345336)
(344954,345354)
(344954,345386)
(344954,345543)
(344954,345555)
(344954,345565)
(344954,345737)
(344954,345882)
(344954,345898)
(344954,346058)
(344954,1048228)
(344970,344994)
(344970,345013)
(344970,345033)
(344970,345079)
(344970,345088)
(344970,345098)
(344970,345148)
(344970,345188)
(344970,345226)
(344970,345252)
(344970,345307)
(344970,345317)
(344970,345336)
(344970,345354)
(344970,345386)
(344970,345543)
(344970,345555)
(344970,345565)
(344970,345737)
(344970,345882)
(344970,345898)
(344970,346058)
(344970,1048228)
(344994,345013)
(344994,345033)
(344994,345079)
(344994,345088)
(344994,345098)
(344994,345148)
(344994,345188)
(344994,345226)
(344994,345252)
(344994,345307)
(344994,345317)
(344994,345336)
(344994,345354)
(344994,345386)
(344994,345543)
(344994,345555)
(344994,345565)
(344994,345737)
(344994,345882)
(344994,345898)
(344994,346058)
(344994,1048228)
(345013,345033)
(345013,345079)
(345013,345088)
(345013,345098)
(345013,345148)
(345013,345188)
(345013,345226)
(345013,345252)
(345013,345307)
(345013,345317)
(345013,345336)
(345013,345354)
(345013,345386)
(345013,345543)
(345013,345555)
(345013,345565)
(345013,345737)
(345013,345882)
(345013,345898)
(345013,346058)
(345013,1048228)
(345033,345079)
(345033,345088)
(345033,345098)
(345033,345148)
(345033,345188)
(345033,345226)
(345033,345252)
(345033,345307)
(345033,345317)
(345033,345336)
(345033,345354)
(345033,345386)
(345033,345543)
(345033,345555)
(345033,345565)
(345033,345737)
(345033,345882)
(345033,345898)
(345033,346058)
(345033,1048228)
(345079,345088)
(345079,345098)
(345079,345148)
(345079,345188)
(345079,345226)
(345079,345252)
(345079,345307)
(345079,345317)
(345079,345336)
(345079,345354)
(345079,345386)
(345079,345543)
(345079,345555)
(345079,345565)
(345079,345737)
(345079,345882)
(345079,345898)
(345079,346058)
(345079,1048228)
(345088,345098)
(345088,345148)
(345088,345188)
(345088,345226)
(345088,345252)
(345088,345307)
(345088,345317)
(345088,345336)
(345088,345354)
(345088,345386)
(345088,345543)
(345088,345555)
(345088,345565)
(345088,345737)
(345088,345882)
(345088,345898)
(345088,346058)
(345088,1048228)
(345098,345148)
(345098,345188)
(345098,345226)
(345098,345252)
(345098,345307)
(345098,345317)
(345098,345336)
(345098,345354)
(345098,345386)
(345098,345543)
(345098,345555)
(345098,345565)
(345098,345737)
(345098,345882)
(345098,345898)
(345098,346058)
(345098,1048228)
(345148,345188)
(345148,345226)
(345148,345252)
(345148,345307)
(345148,345317)
(345148,345336)
(345148,345354)
(345148,345386)
(345148,345543)
(345148,345555)
(345148,345565)
(345148,345737)
(345148,345882)
(345148,345898)
(345148,346058)
(345148,1048228)
(345188,345226)
(345188,345252)
(345188,345307)
(345188,345317)
(345188,345336)
(345188,345354)
(345188,345386)
(345188,345543)
(345188,345555)
(345188,345565)
(345188,345737)
(345188,345882)
(345188,345898)
(345188,346058)
(345188,1048228)
(345226,345252)
(345226,345307)
(345226,345317)
(345226,345336)
(345226,345354)
(345226,345386)
(345226,345543)
(345226,345555)
(345226,345565)
(345226,345737)
(345226,345882)
(345226,345898)
(345226,346058)
(345226,1048228)
(345252,345307)
(345252,345317)
(345252,345336)
(345252,345354)
(345252,345386)
(345252,345543)
(345252,345555)
(345252,345565)
(345252,345737)
(345252,345882)
(345252,345898)
(345252,346058)
(345252,1048228)
(345307,345317)
(345307,345336)
(345307,345354)
(345307,345386)
(345307,345543)
(345307,345555)
(345307,345565)
(345307,345737)
(345307,345882)
(345307,345898)
(345307,346058)
(345307,1048228)
(345317,345336)
(345317,345354)
(345317,345386)
(345317,345543)
(345317,345555)
(345317,345565)
(345317,345737)
(345317,345882)
(345317,345898)
(345317,346058)
(345317,1048228)
(345336,345354)
(345336,345386)
(345336,345543)
(345336,345555)
(345336,345565)
(345336,345737)
(345336,345882)
(345336,345898)
(345336,346058)
(345336,1048228)
(345354,345386)
(345354,345543)
(345354,345555)
(345354,345565)
(345354,345737)
(345354,345882)
(345354,345898)
(345354,346058)
(345354,1048228)
(345386,345543)
(345386,345555)
(345386,345565)
(345386,345737)
(345386,345882)
(345386,345898)
(345386,346058)
(345386,1048228)
(345543,345555)
(345543,345565)
(345543,345737)
(345543,345882)
(345543,345898)
(345543,346058)
(345543,1048228)
(345555,345565)
(345555,345737)
(345555,345882)
(345555,345898)
(345555,346058)
(345555,1048228)
(345565,345737)
(345565,345882)
(345565,345898)
(345565,346058)
(345565,1048228)
(345737,345882)
(345737,345898)
(345737,346058)
(345737,1048228)
(345882,345898)
(345882,346058)
(345882,1048228)
(345898,346058)
(345898,1048228)
(346058,1048228)
(95072,95081)
(95072,1048500)
(95072,1048503)
(95072,1048508)
(95072,1048513)
(95072,1048518)
(95072,1048521)
(95072,1048523)
(95072,1048527)
(95072,1048531)
(95072,1048539)
(95072,1048547)
(95072,1048557)
(95072,1048569)
(95072,1048574)
(95072,1048576)
(95072,1048579)
(95072,1048582)
(95081,1048500)
(95081,1048503)
(95081,1048508)
(95081,1048513)
(95081,1048518)
(95081,1048521)
(95081,1048523)
(95081,1048527)
(95081,1048531)
(95081,1048539)
(95081,1048547)
(95081,1048557)
(95081,1048569)
(95081,1048574)
(95081,1048576)
(95081,1048579)
(95081,1048582)
(1048500,1048503)
(1048500,1048508)
(1048500,1048513)
(1048500,1048518)
(1048500,1048521)
(1048500,1048523)
(1048500,1048527)
(1048500,1048531)
(1048500,1048539)
(1048500,1048547)
(1048500,1048557)
(1048500,1048569)
(1048500,1048574)
(1048500,1048576)
(1048500,1048579)
(1048500,1048582)
(1048503,1048508)
(1048503,1048513)
(1048503,1048518)
(1048503,1048521)
(1048503,1048523)
(1048503,1048527)
(1048503,1048531)
(1048503,1048539)
(1048503,1048547)
(1048503,1048557)
(1048503,1048569)
(1048503,1048574)
(1048503,1048576)
(1048503,1048579)
(1048503,1048582)
(1048508,1048513)
(1048508,1048518)
(1048508,1048521)
(1048508,1048523)
(1048508,1048527)
(1048508,1048531)
(1048508,1048539)
(1048508,1048547)
(1048508,1048557)
(1048508,1048569)
(1048508,1048574)
(1048508,1048576)
(1048508,1048579)
(1048508,1048582)
(1048513,1048518)
(1048513,1048521)
(1048513,1048523)
(1048513,1048527)
(1048513,1048531)
(1048513,1048539)
(1048513,1048547)
(1048513,1048557)
(1048513,1048569)
(1048513,1048574)
(1048513,1048576)
(1048513,1048579)
(1048513,1048582)
(1048518,1048521)
(1048518,1048523)
(1048518,1048527)
(1048518,1048531)
(1048518,1048539)
(1048518,1048547)
(1048518,1048557)
(1048518,1048569)
(1048518,1048574)
(1048518,1048576)
(1048518,1048579)
(1048518,1048582)
(1048521,1048523)
(1048521,1048527)
(1048521,1048531)
(1048521,1048539)
(1048521,1048547)
(1048521,1048557)
(1048521,1048569)
(1048521,1048574)
(1048521,1048576)
(1048521,1048579)
(1048521,1048582)
(1048523,1048527)
(1048523,1048531)
(1048523,1048539)
(1048523,1048547)
(1048523,1048557)
(1048523,1048569)
(1048523,1048574)
(1048523,1048576)
(1048523,1048579)
(1048523,1048582)
(1048527,1048531)
(1048527,1048539)
(1048527,1048547)
(1048527,1048557)
(1048527,1048569)
(1048527,1048574)
(1048527,1048576)
(1048527,1048579)
(1048527,1048582)
(1048531,1048539)
(1048531,1048547)
(1048531,1048557)
(1048531,1048569)
(1048531,1048574)
(1048531,1048576)
(1048531,1048579)
(1048531,1048582)
(1048539,1048547)
(1048539,1048557)
(1048539,1048569)
(1048539,1048574)
(1048539,1048576)
(1048539,1048579)
(1048539,1048582)
(1048547,1048557)
(1048547,1048569)
(1048547,1048574)
(1048547,1048576)
(1048547,1048579)
(1048547,1048582)
(1048557,1048569)
(1048557,1048574)
(1048557,1048576)
(1048557,1048579)
(1048557,1048582)
(1048569,1048574)
(1048569,1048576)
(1048569,1048579)
(1048569,1048582)
(1048574,1048576)
(1048574,1048579)
(1048574,1048582)
(1048576,1048579)
(1048576,1048582)
(1048579,1048582)
(697605,1047891)
(697605,1047896)
(697605,1047902)
(697605,1047908)
(697605,1058156)
(1047891,1047896)
(1047891,1047902)
(1047891,1047908)
(1047891,1058156)
(1047896,1047902)
(1047896,1047908)
(1047896,1058156)
(1047902,1047908)
(1047902,1058156)
(1047908,1058156)
(723168,723186)
(723168,1047732)
(723168,1047736)
(723168,1047740)
(723168,1047745)
(723168,1047748)
(723168,1047752)
(723168,1047758)
(723168,1047762)
(723168,1047768)
(723168,1047773)
(723168,1047778)
(723186,1047732)
(723186,1047736)
(723186,1047740)
(723186,1047745)
(723186,1047748)
(723186,1047752)
(723186,1047758)
(723186,1047762)
(723186,1047768)
(723186,1047773)
(723186,1047778)
(1047732,1047736)
(1047732,1047740)
(1047732,1047745)
(1047732,1047748)
(1047732,1047752)
(1047732,1047758)
(1047732,1047762)
(1047732,1047768)
(1047732,1047773)
(1047732,1047778)
(1047736,1047740)
(1047736,1047745)
(1047736,1047748)
(1047736,1047752)
(1047736,1047758)
(1047736,1047762)
(1047736,1047768)
(1047736,1047773)
(1047736,1047778)
(1047740,1047745)
(1047740,1047748)
(1047740,1047752)
(1047740,1047758)
(1047740,1047762)
(1047740,1047768)
(1047740,1047773)
(1047740,1047778)
(1047745,1047748)
(1047745,1047752)
(1047745,1047758)
(1047745,1047762)
(1047745,1047768)
(1047745,1047773)
(1047745,1047778)
(1047748,1047752)
(1047748,1047758)
(1047748,1047762)
(1047748,1047768)
(1047748,1047773)
(1047748,1047778)
(1047752,1047758)
(1047752,1047762)
(1047752,1047768)
(1047752,1047773)
(1047752,1047778)
(1047758,1047762)
(1047758,1047768)
(1047758,1047773)
(1047758,1047778)
(1047762,1047768)
(1047762,1047773)
(1047762,1047778)
(1047768,1047773)
(1047768,1047778)
(1047773,1047778)
(728472,1048802)
(728472,1048813)
(1048802,1048813)
(905884,905908)
(905884,1048291)
(905884,1048298)
(905884,1048302)
(905884,1048307)
(905908,1048291)
(905908,1048298)
(905908,1048302)
(905908,1048307)
(1048291,1048298)
(1048291,1048302)
(1048291,1048307)
(1048298,1048302)
(1048298,1048307)
(1048302,1048307)
(1047789,1047794)
(1047789,1047801)
(1047789,1047807)
(1047789,1047815)
(1047789,1047820)
(1047794,1047801)
(1047794,1047807)
(1047794,1047815)
(1047794,1047820)
(1047801,1047807)
(1047801,1047815)
(1047801,1047820)
(1047807,1047815)
(1047807,1047820)
(1047815,1047820)
(1047826,1047830)
(1047826,1047835)
(1047826,1047839)
(1047826,1047845)
(1047826,1047848)
(1047826,1047853)
(1047826,1047859)
(1047826,1047863)
(1047826,1047869)
(1047826,1047875)
(1047830,1047835)
(1047830,1047839)
(1047830,1047845)
(1047830,1047848)
(1047830,1047853)
(1047830,1047859)
(1047830,1047863)
(1047830,1047869)
(1047830,1047875)
(1047835,1047839)
(1047835,1047845)
(1047835,1047848)
(1047835,1047853)
(1047835,1047859)
(1047835,1047863)
(1047835,1047869)
(1047835,1047875)
(1047839,1047845)
(1047839,1047848)
(1047839,1047853)
(1047839,1047859)
(1047839,1047863)
(1047839,1047869)
(1047839,1047875)
(1047845,1047848)
(1047845,1047853)
(1047845,1047859)
(1047845,1047863)
(1047845,1047869)
(1047845,1047875)
(1047848,1047853)
(1047848,1047859)
(1047848,1047863)
(1047848,1047869)
(1047848,1047875)
(1047853,1047859)
(1047853,1047863)
(1047853,1047869)
(1047853,1047875)
(1047859,1047863)
(1047859,1047869)
(1047859,1047875)
(1047863,1047869)
(1047863,1047875)
(1047869,1047875)
(1047917,1047920)
(1047917,1047927)
(1047920,1047927)
(1047933,1047936)
(1047933,1047944)
(1047933,1047950)
(1047933,1047957)
(1047933,1047963)
(1047933,1047969)
(1047933,1047974)
(1047936,1047944)
(1047936,1047950)
(1047936,1047957)
(1047936,1047963)
(1047936,1047969)
(1047936,1047974)
(1047944,1047950)
(1047944,1047957)
(1047944,1047963)
(1047944,1047969)
(1047944,1047974)
(1047950,1047957)
(1047950,1047963)
(1047950,1047969)
(1047950,1047974)
(1047957,1047963)
(1047957,1047969)
(1047957,1047974)
(1047963,1047969)
(1047963,1047974)
(1047969,1047974)
(1047983,1047990)
(1047996,1047997)
(1047996,1048004)
(1047996,1048009)
(1047997,1048004)
(1047997,1048009)
(1048004,1048009)
(1048017,1048023)
(1048017,1048031)
(1048017,1048035)
(1048017,1048042)
(1048017,1048048)
(1048017,1048055)
(1048017,1048058)
(1048017,1048066)
(1048017,1048069)
(1048017,1048077)
(1048017,1048083)
(1048017,1048090)
(1048017,1048096)
(1048017,1048101)
(1048017,1048107)
(1048017,1048109)
(1048017,1048115)
(1048017,1048124)
(1048017,1048134)
(1048017,1048141)
(1048017,1048151)
(1048017,1048158)
(1048023,1048031)
(1048023,1048035)
(1048023,1048042)
(1048023,1048048)
(1048023,1048055)
(1048023,1048058)
(1048023,1048066)
(1048023,1048069)
(1048023,1048077)
(1048023,1048083)
(1048023,1048090)
(1048023,1048096)
(1048023,1048101)
(1048023,1048107)
(1048023,1048109)
(1048023,1048115)
(1048023,1048124)
(1048023,1048134)
(1048023,1048141)
(1048023,1048151)
(1048023,1048158)
(1048031,1048035)
(1048031,1048042)
(1048031,1048048)
(1048031,1048055)
(1048031,1048058)
(1048031,1048066)
(1048031,1048069)
(1048031,1048077)
(1048031,1048083)
(1048031,1048090)
(1048031,1048096)
(1048031,1048101)
(1048031,1048107)
(1048031,1048109)
(1048031,1048115)
(1048031,1048124)
(1048031,1048134)
(1048031,1048141)
(1048031,1048151)
(1048031,1048158)
(1048035,1048042)
(1048035,1048048)
(1048035,1048055)
(1048035,1048058)
(1048035,1048066)
(1048035,1048069)
(1048035,1048077)
(1048035,1048083)
(1048035,1048090)
(1048035,1048096)
(1048035,1048101)
(1048035,1048107)
(1048035,1048109)
(1048035,1048115)
(1048035,1048124)
(1048035,1048134)
(1048035,1048141)
(1048035,1048151)
(1048035,1048158)
(1048042,1048048)
(1048042,1048055)
(1048042,1048058)
(1048042,1048066)
(1048042,1048069)
(1048042,1048077)
(1048042,1048083)
(1048042,1048090)
(1048042,1048096)
(1048042,1048101)
(1048042,1048107)
(1048042,1048109)
(1048042,1048115)
(1048042,1048124)
(1048042,1048134)
(1048042,1048141)
(1048042,1048151)
(1048042,1048158)
(1048048,1048055)
(1048048,1048058)
(1048048,1048066)
(1048048,1048069)
(1048048,1048077)
(1048048,1048083)
(1048048,1048090)
(1048048,1048096)
(1048048,1048101)
(1048048,1048107)
(1048048,1048109)
(1048048,1048115)
(1048048,1048124)
(1048048,1048134)
(1048048,1048141)
(1048048,1048151)
(1048048,1048158)
(1048055,1048058)
(1048055,1048066)
(1048055,1048069)
(1048055,1048077)
(1048055,1048083)
(1048055,1048090)
(1048055,1048096)
(1048055,1048101)
(1048055,1048107)
(1048055,1048109)
(1048055,1048115)
(1048055,1048124)
(1048055,1048134)
(1048055,1048141)
(1048055,1048151)
(1048055,1048158)
(1048058,1048066)
(1048058,1048069)
(1048058,1048077)
(1048058,1048083)
(1048058,1048090)
(1048058,1048096)
(1048058,1048101)
(1048058,1048107)
(1048058,1048109)
(1048058,1048115)
(1048058,1048124)
(1048058,1048134)
(1048058,1048141)
(1048058,1048151)
(1048058,1048158)
(1048066,1048069)
(1048066,1048077)
(1048066,1048083)
(1048066,1048090)
(1048066,1048096)
(1048066,1048101)
(1048066,1048107)
(1048066,1048109)
(1048066,1048115)
(1048066,1048124)
(1048066,1048134)
(1048066,1048141)
(1048066,1048151)
(1048066,1048158)
(1048069,1048077)
(1048069,1048083)
(1048069,1048090)
(1048069,1048096)
(1048069,1048101)
(1048069,1048107)
(1048069,1048109)
(1048069,1048115)
(1048069,1048124)
(1048069,1048134)
(1048069,1048141)
(1048069,1048151)
(1048069,1048158)
(1048077,1048083)
(1048077,1048090)
(1048077,1048096)
(1048077,1048101)
(1048077,1048107)
(1048077,1048109)
(1048077,1048115)
(1048077,1048124)
(1048077,1048134)
(1048077,1048141)
(1048077,1048151)
(1048077,1048158)
(1048083,1048090)
(1048083,1048096)
(1048083,1048101)
(1048083,1048107)
(1048083,1048109)
(1048083,1048115)
(1048083,1048124)
(1048083,1048134)
(1048083,1048141)
(1048083,1048151)
(1048083,1048158)
(1048090,1048096)
(1048090,1048101)
(1048090,1048107)
(1048090,1048109)
(1048090,1048115)
(1048090,1048124)
(1048090,1048134)
(1048090,1048141)
(1048090,1048151)
(1048090,1048158)
(1048096,1048101)
(1048096,1048107)
(1048096,1048109)
(1048096,1048115)
(1048096,1048124)
(1048096,1048134)
(1048096,1048141)
(1048096,1048151)
(1048096,1048158)
(1048101,1048107)
(1048101,1048109)
(1048101,1048115)
(1048101,1048124)
(1048101,1048134)
(1048101,1048141)
(1048101,1048151)
(1048101,1048158)
(1048107,1048109)
(1048107,1048115)
(1048107,1048124)
(1048107,1048134)
(1048107,1048141)
(1048107,1048151)
(1048107,1048158)
(1048109,1048115)
(1048109,1048124)
(1048109,1048134)
(1048109,1048141)
(1048109,1048151)
(1048109,1048158)
(1048115,1048124)
(1048115,1048134)
(1048115,1048141)
(1048115,1048151)
(1048115,1048158)
(1048124,1048134)
(1048124,1048141)
(1048124,1048151)
(1048124,1048158)
(1048134,1048141)
(1048134,1048151)
(1048134,1048158)
(1048141,1048151)
(1048141,1048158)
(1048151,1048158)
(1048165,1048173)
(1048165,1048176)
(1048165,1048181)
(1048165,1048186)
(1048165,1048190)
(1048165,1048193)
(1048165,1048196)
(1048165,1048198)
(1048165,1048202)
(1048165,1048206)
(1048165,1048212)
(1048165,1048216)
(1048165,1048219)
(1048165,1048222)
(1048173,1048176)
(1048173,1048181)
(1048173,1048186)
(1048173,1048190)
(1048173,1048193)
(1048173,1048196)
(1048173,1048198)
(1048173,1048202)
(1048173,1048206)
(1048173,1048212)
(1048173,1048216)
(1048173,1048219)
(1048173,1048222)
(1048176,1048181)
(1048176,1048186)
(1048176,1048190)
(1048176,1048193)
(1048176,1048196)
(1048176,1048198)
(1048176,1048202)
(1048176,1048206)
(1048176,1048212)
(1048176,1048216)
(1048176,1048219)
(1048176,1048222)
(1048181,1048186)
(1048181,1048190)
(1048181,1048193)
(1048181,1048196)
(1048181,1048198)
(1048181,1048202)
(1048181,1048206)
(1048181,1048212)
(1048181,1048216)
(1048181,1048219)
(1048181,1048222)
(1048186,1048190)
(1048186,1048193)
(1048186,1048196)
(1048186,1048198)
(1048186,1048202)
(1048186,1048206)
(1048186,1048212)
(1048186,1048216)
(1048186,1048219)
(1048186,1048222)
(1048190,1048193)
(1048190,1048196)
(1048190,1048198)
(1048190,1048202)
(1048190,1048206)
(1048190,1048212)
(1048190,1048216)
(1048190,1048219)
(1048190,1048222)
(1048193,1048196)
(1048193,1048198)
(1048193,1048202)
(1048193,1048206)
(1048193,1048212)
(1048193,1048216)
(1048193,1048219)
(1048193,1048222)
(1048196,1048198)
(1048196,1048202)
(1048196,1048206)
(1048196,1048212)
(1048196,1048216)
(1048196,1048219)
(1048196,1048222)
(1048198,1048202)
(1048198,1048206)
(1048198,1048212)
(1048198,1048216)
(1048198,1048219)
(1048198,1048222)
(1048202,1048206)
(1048202,1048212)
(1048202,1048216)
(1048202,1048219)
(1048202,1048222)
(1048206,1048212)
(1048206,1048216)
(1048206,1048219)
(1048206,1048222)
(1048212,1048216)
(1048212,1048219)
(1048212,1048222)
(1048216,1048219)
(1048216,1048222)
(1048219,1048222)
(1048230,1048232)
(1048230,1048234)
(1048230,1048238)
(1048230,1048241)
(1048232,1048234)
(1048232,1048238)
(1048232,1048241)
(1048234,1048238)
(1048234,1048241)
(1048238,1048241)
(1048243,1048245)
(1048243,1048247)
(1048243,1048249)
(1048243,1048251)
(1048243,1048253)
(1048243,1048255)
(1048243,1048258)
(1048243,1048260)
(1048243,1048264)
(1048243,1048268)
(1048243,1048270)
(1048243,1048275)
(1048243,1048279)
(1048243,1048282)
(1048243,1048283)
(1048243,1048286)
(1048245,1048247)
(1048245,1048249)
(1048245,1048251)
(1048245,1048253)
(1048245,1048255)
(1048245,1048258)
(1048245,1048260)
(1048245,1048264)
(1048245,1048268)
(1048245,1048270)
(1048245,1048275)
(1048245,1048279)
(1048245,1048282)
(1048245,1048283)
(1048245,1048286)
(1048247,1048249)
(1048247,1048251)
(1048247,1048253)
(1048247,1048255)
(1048247,1048258)
(1048247,1048260)
(1048247,1048264)
(1048247,1048268)
(1048247,1048270)
(1048247,1048275)
(1048247,1048279)
(1048247,1048282)
(1048247,1048283)
(1048247,1048286)
(1048249,1048251)
(1048249,1048253)
(1048249,1048255)
(1048249,1048258)
(1048249,1048260)
(1048249,1048264)
(1048249,1048268)
(1048249,1048270)
(1048249,1048275)
(1048249,1048279)
(1048249,1048282)
(1048249,1048283)
(1048249,1048286)
(1048251,1048253)
(1048251,1048255)
(1048251,1048258)
(1048251,1048260)
(1048251,1048264)
(1048251,1048268)
(1048251,1048270)
(1048251,1048275)
(1048251,1048279)
(1048251,1048282)
(1048251,1048283)
(1048251,1048286)
(1048253,1048255)
(1048253,1048258)
(1048253,1048260)
(1048253,1048264)
(1048253,1048268)
(1048253,1048270)
(1048253,1048275)
(1048253,1048279)
(1048253,1048282)
(1048253,1048283)
(1048253,1048286)
(1048255,1048258)
(1048255,1048260)
(1048255,1048264)
(1048255,1048268)
(1048255,1048270)
(1048255,1048275)
(1048255,1048279)
(1048255,1048282)
(1048255,1048283)
(1048255,1048286)
(1048258,1048260)
(1048258,1048264)
(1048258,1048268)
(1048258,1048270)
(1048258,1048275)
(1048258,1048279)
(1048258,1048282)
(1048258,1048283)
(1048258,1048286)
(1048260,1048264)
(1048260,1048268)
(1048260,1048270)
(1048260,1048275)
(1048260,1048279)
(1048260,1048282)
(1048260,1048283)
(1048260,1048286)
(1048264,1048268)
(1048264,1048270)
(1048264,1048275)
(1048264,1048279)
(1048264,1048282)
(1048264,1048283)
(1048264,1048286)
(1048268,1048270)
(1048268,1048275)
(1048268,1048279)
(1048268,1048282)
(1048268,1048283)
(1048268,1048286)
(1048270,1048275)
(1048270,1048279)
(1048270,1048282)
(1048270,1048283)
(1048270,1048286)
(1048275,1048279)
(1048275,1048282)
(1048275,1048283)
(1048275,1048286)
(1048279,1048282)
(1048279,1048283)
(1048279,1048286)
(1048282,1048283)
(1048282,1048286)
(1048283,1048286)
(1048317,1048322)
(1048323,1048335)
(1048323,1048343)
(1048323,1048350)
(1048323,1048356)
(1048323,1048364)
(1048323,1048367)
(1048323,1048375)
(1048323,1048379)
(1048323,1048386)
(1048323,1048402)
(1048323,1048407)
(1048323,1048418)
(1048323,1048423)
(1048323,1048437)
(1048335,1048343)
(1048335,1048350)
(1048335,1048356)
(1048335,1048364)
(1048335,1048367)
(1048335,1048375)
(1048335,1048379)
(1048335,1048386)
(1048335,1048402)
(1048335,1048407)
(1048335,1048418)
(1048335,1048423)
(1048335,1048437)
(1048343,1048350)
(1048343,1048356)
(1048343,1048364)
(1048343,1048367)
(1048343,1048375)
(1048343,1048379)
(1048343,1048386)
(1048343,1048402)
(1048343,1048407)
(1048343,1048418)
(1048343,1048423)
(1048343,1048437)
(1048350,1048356)
(1048350,1048364)
(1048350,1048367)
(1048350,1048375)
(1048350,1048379)
(1048350,1048386)
(1048350,1048402)
(1048350,1048407)
(1048350,1048418)
(1048350,1048423)
(1048350,1048437)
(1048356,1048364)
(1048356,1048367)
(1048356,1048375)
(1048356,1048379)
(1048356,1048386)
(1048356,1048402)
(1048356,1048407)
(1048356,1048418)
(1048356,1048423)
(1048356,1048437)
(1048364,1048367)
(1048364,1048375)
(1048364,1048379)
(1048364,1048386)
(1048364,1048402)
(1048364,1048407)
(1048364,1048418)
(1048364,1048423)
(1048364,1048437)
(1048367,1048375)
(1048367,1048379)
(1048367,1048386)
(1048367,1048402)
(1048367,1048407)
(1048367,1048418)
(1048367,1048423)
(1048367,1048437)
(1048375,1048379)
(1048375,1048386)
(1048375,1048402)
(1048375,1048407)
(1048375,1048418)
(1048375,1048423)
(1048375,1048437)
(1048379,1048386)
(1048379,1048402)
(1048379,1048407)
(1048379,1048418)
(1048379,1048423)
(1048379,1048437)
(1048386,1048402)
(1048386,1048407)
(1048386,1048418)
(1048386,1048423)
(1048386,1048437)
(1048402,1048407)
(1048402,1048418)
(1048402,1048423)
(1048402,1048437)
(1048407,1048418)
(1048407,1048423)
(1048407,1048437)
(1048418,1048423)
(1048418,1048437)
(1048423,1048437)
(1048442,1048447)
(1048442,1048452)
(1048442,1048457)
(1048442,1048464)
(1048442,1048471)
(1048442,1048477)
(1048442,1048479)
(1048442,1048489)
(1048442,1048496)
(1048447,1048452)
(1048447,1048457)
(1048447,1048464)
(1048447,1048471)
(1048447,1048477)
(1048447,1048479)
(1048447,1048489)
(1048447,1048496)
(1048452,1048457)
(1048452,1048464)
(1048452,1048471)
(1048452,1048477)
(1048452,1048479)
(1048452,1048489)
(1048452,1048496)
(1048457,1048464)
(1048457,1048471)
(1048457,1048477)
(1048457,1048479)
(1048457,1048489)
(1048457,1048496)
(1048464,1048471)
(1048464,1048477)
(1048464,1048479)
(1048464,1048489)
(1048464,1048496)
(1048471,1048477)
(1048471,1048479)
(1048471,1048489)
(1048471,1048496)
(1048477,1048479)
(1048477,1048489)
(1048477,1048496)
(1048479,1048489)
(1048479,1048496)
(1048489,1048496)
(1048588,1048594)
(1048588,1048598)
(1048588,1048605)
(1048588,1048614)
(1048594,1048598)
(1048594,1048605)
(1048594,1048614)
(1048598,1048605)
(1048598,1048614)
(1048605,1048614)
(1048627,1048630)
(1048647,1048650)
(1048647,1048657)
(1048647,1048663)
(1048647,1048669)
(1048647,1048673)
(1048647,1048675)
(1048647,1048679)
(1048647,1048681)
(1048647,1048693)
(1048647,1048696)
(1048647,1048708)
(1048647,1048712)
(1048647,1048720)
(1048647,1048726)
(1048647,1048731)
(1048647,1048738)
(1048650,1048657)
(1048650,1048663)
(1048650,1048669)
(1048650,1048673)
(1048650,1048675)
(1048650,1048679)
(1048650,1048681)
(1048650,1048693)
(1048650,1048696)
(1048650,1048708)
(1048650,1048712)
(1048650,1048720)
(1048650,1048726)
(1048650,1048731)
(1048650,1048738)
(1048657,1048663)
(1048657,1048669)
(1048657,1048673)
(1048657,1048675)
(1048657,1048679)
(1048657,1048681)
(1048657,1048693)
(1048657,1048696)
(1048657,1048708)
(1048657,1048712)
(1048657,1048720)
(1048657,1048726)
(1048657,1048731)
(1048657,1048738)
(1048663,1048669)
(1048663,1048673)
(1048663,1048675)
(1048663,1048679)
(1048663,1048681)
(1048663,1048693)
(1048663,1048696)
(1048663,1048708)
(1048663,1048712)
(1048663,1048720)
(1048663,1048726)
(1048663,1048731)
(1048663,1048738)
(1048669,1048673)
(1048669,1048675)
(1048669,1048679)
(1048669,1048681)
(1048669,1048693)
(1048669,1048696)
(1048669,1048708)
(1048669,1048712)
(1048669,1048720)
(1048669,1048726)
(1048669,1048731)
(1048669,1048738)
(1048673,1048675)
(1048673,1048679)
(1048673,1048681)
(1048673,1048693)
(1048673,1048696)
(1048673,1048708)
(1048673,1048712)
(1048673,1048720)
(1048673,1048726)
(1048673,1048731)
(1048673,1048738)
(1048675,1048679)
(1048675,1048681)
(1048675,1048693)
(1048675,1048696)
(1048675,1048708)
(1048675,1048712)
(1048675,1048720)
(1048675,1048726)
(1048675,1048731)
(1048675,1048738)
(1048679,1048681)
(1048679,1048693)
(1048679,1048696)
(1048679,1048708)
(1048679,1048712)
(1048679,1048720)
(1048679,1048726)
(1048679,1048731)
(1048679,1048738)
(1048681,1048693)
(1048681,1048696)
(1048681,1048708)
(1048681,1048712)
(1048681,1048720)
(1048681,1048726)
(1048681,1048731)
(1048681,1048738)
(1048693,1048696)
(1048693,1048708)
(1048693,1048712)
(1048693,1048720)
(1048693,1048726)
(1048693,1048731)
(1048693,1048738)
(1048696,1048708)
(1048696,1048712)
(1048696,1048720)
(1048696,1048726)
(1048696,1048731)
(1048696,1048738)
(1048708,1048712)
(1048708,1048720)
(1048708,1048726)
(1048708,1048731)
(1048708,1048738)
(1048712,1048720)
(1048712,1048726)
(1048712,1048731)
(1048712,1048738)
(1048720,1048726)
(1048720,1048731)
(1048720,1048738)
(1048726,1048731)
(1048726,1048738)
(1048731,1048738)
(1048744,1048746)
(1048744,1048752)
(1048746,1048752)
(1048763,1048766)
(1048763,1048767)
(1048763,1048771)
(1048763,1048772)
(1048766,1048767)
(1048766,1048771)
(1048766,1048772)
(1048767,1048771)
(1048767,1048772)
(1048771,1048772)
(1048784,1048790)
(1048839,1048841)
(1048839,1048844)
(1048841,1048844)
(1048853,1048855)
(1048853,1048856)
(1048855,1048856)
(1048859,1048869)
(1048873,1048876)
(1048873,1048880)
(1048876,1048880)
(1048887,1048891)
(1048887,1048897)
(1048891,1048897)
(1048916,1048923)
(1048925,1048942)
(1048925,1048947)
(1048925,1048962)
(1048942,1048947)
(1048942,1048962)
(1048947,1048962)
(1049005,1049010)
(1049036,1049041)
(1049036,1049044)
(1049041,1049044)
(1049074,1049078)
(1049105,1049114)
