(183176,543971)
(183176,1049687)
(183176,1049696)
(543971,1049687)
(543971,1049696)
(1049687,1049696)
(313856,313859)
(313856,1049424)
(313856,1049434)
(313859,1049424)
(313859,1049434)
(1049424,1049434)
(549799,1049447)
(637100,1050284)
(1049149,1049155)
(1049160,1049163)
(1049164,1049167)
(1049164,1049176)
(1049164,1049183)
(1049164,1049187)
(1049164,1049193)
(1049164,1049209)
(1049164,1049213)
(1049167,1049176)
(1049167,1049183)
(1049167,1049187)
(1049167,1049193)
(1049167,1049209)
(1049167,1049213)
(1049176,1049183)
(1049176,1049187)
(1049176,1049193)
(1049176,1049209)
(1049176,1049213)
(1049183,1049187)
(1049183,1049193)
(1049183,1049209)
(1049183,1049213)
(1049187,1049193)
(1049187,1049209)
(1049187,1049213)
(1049193,1049209)
(1049193,1049213)
(1049209,1049213)
(1049246,1049256)
(1049263,1049267)
(1049270,1049272)
(1049270,1049275)
(1049270,1049279)
(1049270,1049283)
(1049272,1049275)
(1049272,1049279)
(1049272,1049283)
(1049275,1049279)
(1049275,1049283)
(1049279,1049283)
(1049314,1049317)
(1049321,1049323)
(1049321,1049324)
(1049321,1049326)
(1049321,1049328)
(1049323,1049324)
(1049323,1049326)
(1049323,1049328)
(1049324,1049326)
(1049324,1049328)
(1049326,1049328)
(1049330,1049334)
(1049340,1049345)
(1049340,1049346)
(1049345,1049346)
(1049354,1049365)
(1049354,1049372)
(1049354,1049376)
(1049354,1049389)
(1049365,1049372)
(1049365,1049376)
(1049365,1049389)
(1049372,1049376)
(1049372,1049389)
(1049376,1049389)
(1049410,1049411)
(1049456,1049460)
(1049472,1049480)
(1049484,1049486)
(1049484,1049491)
(1049486,1049491)
(1049637,1049640)
(1049658,1049668)
(1049658,1049676)
(1049668,1049676)
(1049747,1049756)
(1049747,1049764)
(1049756,1049764)
(1049767,1049769)
(1049798,1049808)
(1049798,1049813)
(1049798,1049822)
(1049798,1049836)
(1049798,1049849)
(1049798,1049863)
(1049798,1049876)
(1049798,1049888)
(1049808,1049813)
(1049808,1049822)
(1049808,1049836)
(1049808,1049849)
(1049808,1049863)
(1049808,1049876)
(1049808,1049888)
(1049813,1049822)
(1049813,1049836)
(1049813,1049849)
(1049813,1049863)
(1049813,1049876)
(1049813,1049888)
(1049822,1049836)
(1049822,1049849)
(1049822,1049863)
(1049822,1049876)
(1049822,1049888)
(1049836,1049849)
(1049836,1049863)
(1049836,1049876)
(1049836,1049888)
(1049849,1049863)
(1049849,1049876)
(1049849,1049888)
(1049863,1049876)
(1049863,1049888)
(1049876,1049888)
(1049935,1049943)
(1049963,1049967)
(1050027,1050038)
(1050027,1050051)
(1050027,1050060)
(1050038,1050051)
(1050038,1050060)
(1050051,1050060)
(1050102,1050118)
(1050131,1050135)
(1050141,1050145)
(1050141,1050151)
(1050141,1050159)
(1050141,1050167)
(1050141,1050169)
(1050141,1050173)
(1050141,1050176)
(1050145,1050151)
(1050145,1050159)
(1050145,1050167)
(1050145,1050169)
(1050145,1050173)
(1050145,1050176)
(1050151,1050159)
(1050151,1050167)
(1050151,1050169)
(1050151,1050173)
(1050151,1050176)
(1050159,1050167)
(1050159,1050169)
(1050159,1050173)
(1050159,1050176)
(1050167,1050169)
(1050167,1050173)
(1050167,1050176)
(1050169,1050173)
(1050169,1050176)
(1050173,1050176)
(1050182,1050192)
(1050182,1050199)
(1050192,1050199)
(1050222,1050232)
(1050266,1050275)
(1050310,1050315)
(1050320,1050333)
(1050320,1050336)
(1050320,1050347)
(1050320,1050354)
(1050320,1050357)
(1050320,1050366)
(1050320,1050375)
(1050320,1050386)
(1050320,1050391)
(1050320,1050399)
(1050320,1050408)
(1050320,1050416)
(1050320,1050424)
(1050320,1050427)
(1050320,1050438)
(1050320,1050443)
(1050320,1050465)
(1050333,1050336)
(1050333,1050347)
(1050333,1050354)
(1050333,1050357)
(1050333,1050366)
(1050333,1050375)
(1050333,1050386)
(1050333,1050391)
(1050333,1050399)
(1050333,1050408)
(1050333,1050416)
(1050333,1050424)
(1050333,1050427)
(1050333,1050438)
(1050333,1050443)
(1050333,1050465)
(1050336,1050347)
(1050336,1050354)
(1050336,1050357)
(1050336,1050366)
(1050336,1050375)
(1050336,1050386)
(1050336,1050391)
(1050336,1050399)
(1050336,1050408)
(1050336,1050416)
(1050336,1050424)
(1050336,1050427)
(1050336,1050438)
(1050336,1050443)
(1050336,1050465)
(1050347,1050354)
(1050347,1050357)
(1050347,1050366)
(1050347,1050375)
(1050347,1050386)
(1050347,1050391)
(1050347,1050399)
(1050347,1050408)
(1050347,1050416)
(1050347,1050424)
(1050347,1050427)
(1050347,1050438)
(1050347,1050443)
(1050347,1050465)
(1050354,1050357)
(1050354,1050366)
(1050354,1050375)
(1050354,1050386)
(1050354,1050391)
(1050354,1050399)
(1050354,1050408)
(1050354,1050416)
(1050354,1050424)
(1050354,1050427)
(1050354,1050438)
(1050354,1050443)
(1050354,1050465)
(1050357,1050366)
(1050357,1050375)
(1050357,1050386)
(1050357,1050391)
(1050357,1050399)
(1050357,1050408)
(1050357,1050416)
(1050357,1050424)
(1050357,1050427)
(1050357,1050438)
(1050357,1050443)
(1050357,1050465)
(1050366,1050375)
(1050366,1050386)
(1050366,1050391)
(1050366,1050399)
(1050366,1050408)
(1050366,1050416)
(1050366,1050424)
(1050366,1050427)
(1050366,1050438)
(1050366,1050443)
(1050366,1050465)
(1050375,1050386)
(1050375,1050391)
(1050375,1050399)
(1050375,1050408)
(1050375,1050416)
(1050375,1050424)
(1050375,1050427)
(1050375,1050438)
(1050375,1050443)
(1050375,1050465)
(1050386,1050391)
(1050386,1050399)
(1050386,1050408)
(1050386,1050416)
(1050386,1050424)
(1050386,1050427)
(1050386,1050438)
(1050386,1050443)
(1050386,1050465)
(1050391,1050399)
(1050391,1050408)
(1050391,1050416)
(1050391,1050424)
(1050391,1050427)
(1050391,1050438)
(1050391,1050443)
(1050391,1050465)
(1050399,1050408)
(1050399,1050416)
(1050399,1050424)
(1050399,1050427)
(1050399,1050438)
(1050399,1050443)
(1050399,1050465)
(1050408,1050416)
(1050408,1050424)
(1050408,1050427)
(1050408,1050438)
(1050408,1050443)
(1050408,1050465)
(1050416,1050424)
(1050416,1050427)
(1050416,1050438)
(1050416,1050443)
(1050416,1050465)
(1050424,1050427)
(1050424,1050438)
(1050424,1050443)
(1050424,1050465)
(1050427,1050438)
(1050427,1050443)
(1050427,1050465)
(1050438,1050443)
(1050438,1050465)
(1050443,1050465)
(1050468,1050474)
(1050477,1050495)
(1050477,1050505)
(1050495,1050505)
(1050526,1050534)
(1050526,1050542)
(1050526,1050555)
(1050526,1050561)
(1050526,1050567)
(1050534,1050542)
(1050534,1050555)
(1050534,1050561)
(1050534,1050567)
(1050542,1050555)
(1050542,1050561)
(1050542,1050567)
(1050555,1050561)
(1050555,1050567)
(1050561,1050567)
(1050602,1050616)
(1050637,1050649)
(1050637,1050659)
(1050637,1050673)
(1050637,1050693)
(1050637,1050705)
(1050637,1050717)
(1050649,1050659)
(1050649,1050673)
(1050649,1050693)
(1050649,1050705)
(1050649,1050717)
(1050659,1050673)
(1050659,1050693)
(1050659,1050705)
(1050659,1050717)
(1050673,1050693)
(1050673,1050705)
(1050673,1050717)
(1050693,1050705)
(1050693,1050717)
(1050705,1050717)
(1050774,1050777)
(1050779,1050782)
(1050813,1050818)
