(282512,1077233)
(282512,1077236)
(1077233,1077236)
(301916,301938)
(301916,301945)
(301916,302095)
(301916,302108)
(301916,302120)
(301916,302144)
(301916,302154)
(301916,302182)
(301916,302187)
(301916,302199)
(301916,302219)
(301916,302234)
(301916,302248)
(301916,302287)
(301916,302371)
(301916,302385)
(301916,302397)
(301916,302417)
(301916,302439)
(301916,302445)
(301916,302492)
(301916,1076882)
(301916,1076887)
(301916,1076893)
(301916,1076897)
(301916,1076902)
(301916,1076907)
(301916,1076911)
(301938,301945)
(301938,302095)
(301938,302108)
(301938,302120)
(301938,302144)
(301938,302154)
(301938,302182)
(301938,302187)
(301938,302199)
(301938,302219)
(301938,302234)
(301938,302248)
(301938,302287)
(301938,302371)
(301938,302385)
(301938,302397)
(301938,302417)
(301938,302439)
(301938,302445)
(301938,302492)
(301938,1076882)
(301938,1076887)
(301938,1076893)
(301938,1076897)
(301938,1076902)
(301938,1076907)
(301938,1076911)
(301945,302095)
(301945,302108)
(301945,302120)
(301945,302144)
(301945,302154)
(301945,302182)
(301945,302187)
(301945,302199)
(301945,302219)
(301945,302234)
(301945,302248)
(301945,302287)
(301945,302371)
(301945,302385)
(301945,302397)
(301945,302417)
(301945,302439)
(301945,302445)
(301945,302492)
(301945,1076882)
(301945,1076887)
(301945,1076893)
(301945,1076897)
(301945,1076902)
(301945,1076907)
(301945,1076911)
(302095,302108)
(302095,302120)
(302095,302144)
(302095,302154)
(302095,302182)
(302095,302187)
(302095,302199)
(302095,302219)
(302095,302234)
(302095,302248)
(302095,302287)
(302095,302371)
(302095,302385)
(302095,302397)
(302095,302417)
(302095,302439)
(302095,302445)
(302095,302492)
(302095,1076882)
(302095,1076887)
(302095,1076893)
(302095,1076897)
(302095,1076902)
(302095,1076907)
(302095,1076911)
(302108,302120)
(302108,302144)
(302108,302154)
(302108,302182)
(302108,302187)
(302108,302199)
(302108,302219)
(302108,302234)
(302108,302248)
(302108,302287)
(302108,302371)
(302108,302385)
(302108,302397)
(302108,302417)
(302108,302439)
(302108,302445)
(302108,302492)
(302108,1076882)
(302108,1076887)
(302108,1076893)
(302108,1076897)
(302108,1076902)
(302108,1076907)
(302108,1076911)
(302120,302144)
(302120,302154)
(302120,302182)
(302120,302187)
(302120,302199)
(302120,302219)
(302120,302234)
(302120,302248)
(302120,302287)
(302120,302371)
(302120,302385)
(302120,302397)
(302120,302417)
(302120,302439)
(302120,302445)
(302120,302492)
(302120,1076882)
(302120,1076887)
(302120,1076893)
(302120,1076897)
(302120,1076902)
(302120,1076907)
(302120,1076911)
(302144,302154)
(302144,302182)
(302144,302187)
(302144,302199)
(302144,302219)
(302144,302234)
(302144,302248)
(302144,302287)
(302144,302371)
(302144,302385)
(302144,302397)
(302144,302417)
(302144,302439)
(302144,302445)
(302144,302492)
(302144,1076882)
(302144,1076887)
(302144,1076893)
(302144,1076897)
(302144,1076902)
(302144,1076907)
(302144,1076911)
(302154,302182)
(302154,302187)
(302154,302199)
(302154,302219)
(302154,302234)
(302154,302248)
(302154,302287)
(302154,302371)
(302154,302385)
(302154,302397)
(302154,302417)
(302154,302439)
(302154,302445)
(302154,302492)
(302154,1076882)
(302154,1076887)
(302154,1076893)
(302154,1076897)
(302154,1076902)
(302154,1076907)
(302154,1076911)
(302182,302187)
(302182,302199)
(302182,302219)
(302182,302234)
(302182,302248)
(302182,302287)
(302182,302371)
(302182,302385)
(302182,302397)
(302182,302417)
(302182,302439)
(302182,302445)
(302182,302492)
(302182,1076882)
(302182,1076887)
(302182,1076893)
(302182,1076897)
(302182,1076902)
(302182,1076907)
(302182,1076911)
(302187,302199)
(302187,302219)
(302187,302234)
(302187,302248)
(302187,302287)
(302187,302371)
(302187,302385)
(302187,302397)
(302187,302417)
(302187,302439)
(302187,302445)
(302187,302492)
(302187,1076882)
(302187,1076887)
(302187,1076893)
(302187,1076897)
(302187,1076902)
(302187,1076907)
(302187,1076911)
(302199,302219)
(302199,302234)
(302199,302248)
(302199,302287)
(302199,302371)
(302199,302385)
(302199,302397)
(302199,302417)
(302199,302439)
(302199,302445)
(302199,302492)
(302199,1076882)
(302199,1076887)
(302199,1076893)
(302199,1076897)
(302199,1076902)
(302199,1076907)
(302199,1076911)
(302219,302234)
(302219,302248)
(302219,302287)
(302219,302371)
(302219,302385)
(302219,302397)
(302219,302417)
(302219,302439)
(302219,302445)
(302219,302492)
(302219,1076882)
(302219,1076887)
(302219,1076893)
(302219,1076897)
(302219,1076902)
(302219,1076907)
(302219,1076911)
(302234,302248)
(302234,302287)
(302234,302371)
(302234,302385)
(302234,302397)
(302234,302417)
(302234,302439)
(302234,302445)
(302234,302492)
(302234,1076882)
(302234,1076887)
(302234,1076893)
(302234,1076897)
(302234,1076902)
(302234,1076907)
(302234,1076911)
(302248,302287)
(302248,302371)
(302248,302385)
(302248,302397)
(302248,302417)
(302248,302439)
(302248,302445)
(302248,302492)
(302248,1076882)
(302248,1076887)
(302248,1076893)
(302248,1076897)
(302248,1076902)
(302248,1076907)
(302248,1076911)
(302287,302371)
(302287,302385)
(302287,302397)
(302287,302417)
(302287,302439)
(302287,302445)
(302287,302492)
(302287,1076882)
(302287,1076887)
(302287,1076893)
(302287,1076897)
(302287,1076902)
(302287,1076907)
(302287,1076911)
(302371,302385)
(302371,302397)
(302371,302417)
(302371,302439)
(302371,302445)
(302371,302492)
(302371,1076882)
(302371,1076887)
(302371,1076893)
(302371,1076897)
(302371,1076902)
(302371,1076907)
(302371,1076911)
(302385,302397)
(302385,302417)
(302385,302439)
(302385,302445)
(302385,302492)
(302385,1076882)
(302385,1076887)
(302385,1076893)
(302385,1076897)
(302385,1076902)
(302385,1076907)
(302385,1076911)
(302397,302417)
(302397,302439)
(302397,302445)
(302397,302492)
(302397,1076882)
(302397,1076887)
(302397,1076893)
(302397,1076897)
(302397,1076902)
(302397,1076907)
(302397,1076911)
(302417,302439)
(302417,302445)
(302417,302492)
(302417,1076882)
(302417,1076887)
(302417,1076893)
(302417,1076897)
(302417,1076902)
(302417,1076907)
(302417,1076911)
(302439,302445)
(302439,302492)
(302439,1076882)
(302439,1076887)
(302439,1076893)
(302439,1076897)
(302439,1076902)
(302439,1076907)
(302439,1076911)
(302445,302492)
(302445,1076882)
(302445,1076887)
(302445,1076893)
(302445,1076897)
(302445,1076902)
(302445,1076907)
(302445,1076911)
(302492,1076882)
(302492,1076887)
(302492,1076893)
(302492,1076897)
(302492,1076902)
(302492,1076907)
(302492,1076911)
(1076882,1076887)
(1076882,1076893)
(1076882,1076897)
(1076882,1076902)
(1076882,1076907)
(1076882,1076911)
(1076887,1076893)
(1076887,1076897)
(1076887,1076902)
(1076887,1076907)
(1076887,1076911)
(1076893,1076897)
(1076893,1076902)
(1076893,1076907)
(1076893,1076911)
(1076897,1076902)
(1076897,1076907)
(1076897,1076911)
(1076902,1076907)
(1076902,1076911)
(1076907,1076911)
(521097,521420)
(521097,521661)
(521097,1076775)
(521097,1076781)
(521097,1076787)
(521097,1076790)
(521097,1076794)
(521097,1076800)
(521097,1076802)
(521097,1076808)
(521420,521661)
(521420,1076775)
(521420,1076781)
(521420,1076787)
(521420,1076790)
(521420,1076794)
(521420,1076800)
(521420,1076802)
(521420,1076808)
(521661,1076775)
(521661,1076781)
(521661,1076787)
(521661,1076790)
(521661,1076794)
(521661,1076800)
(521661,1076802)
(521661,1076808)
(1076775,1076781)
(1076775,1076787)
(1076775,1076790)
(1076775,1076794)
(1076775,1076800)
(1076775,1076802)
(1076775,1076808)
(1076781,1076787)
(1076781,1076790)
(1076781,1076794)
(1076781,1076800)
(1076781,1076802)
(1076781,1076808)
(1076787,1076790)
(1076787,1076794)
(1076787,1076800)
(1076787,1076802)
(1076787,1076808)
(1076790,1076794)
(1076790,1076800)
(1076790,1076802)
(1076790,1076808)
(1076794,1076800)
(1076794,1076802)
(1076794,1076808)
(1076800,1076802)
(1076800,1076808)
(1076802,1076808)
(642396,642423)
(642396,1076729)
(642396,1076734)
(642396,1076740)
(642396,1076756)
(642396,1076762)
(642396,1076768)
(642423,1076729)
(642423,1076734)
(642423,1076740)
(642423,1076756)
(642423,1076762)
(642423,1076768)
(1076729,1076734)
(1076729,1076740)
(1076729,1076756)
(1076729,1076762)
(1076729,1076768)
(1076734,1076740)
(1076734,1076756)
(1076734,1076762)
(1076734,1076768)
(1076740,1076756)
(1076740,1076762)
(1076740,1076768)
(1076756,1076762)
(1076756,1076768)
(1076762,1076768)
(858768,1076995)
(858768,1077002)
(1076995,1077002)
(872049,872055)
(872049,1076338)
(872049,1076342)
(872049,1076345)
(872049,1076349)
(872049,1076352)
(872049,1076356)
(872049,1076360)
(872049,1076366)
(872049,1076370)
(872049,1076375)
(872049,1076379)
(872049,1076384)
(872049,1076391)
(872049,1076395)
(872049,1076400)
(872049,1076407)
(872049,1076415)
(872049,1076418)
(872049,1076422)
(872049,1076429)
(872049,1076431)
(872049,1076440)
(872049,1076445)
(872049,1076450)
(872049,1076460)
(872049,1076465)
(872049,1076472)
(872049,1076475)
(872049,1076481)
(872049,1076492)
(872049,1076500)
(872049,1076507)
(872049,1076514)
(872049,1076520)
(872049,1076530)
(872049,1076536)
(872049,1076544)
(872049,1076548)
(872049,1076560)
(872049,1076565)
(872049,1076569)
(872049,1076574)
(872049,1076585)
(872049,1076591)
(872049,1076592)
(872049,1076600)
(872049,1076606)
(872049,1076610)
(872049,1076615)
(872049,1076622)
(872049,1076631)
(872049,1076638)
(872049,1076646)
(872049,1076653)
(872049,1076654)
(872049,1076664)
(872049,1076671)
(872049,1076674)
(872049,1076684)
(872049,1076691)
(872049,1076692)
(872049,1076698)
(872049,1076702)
(872049,1076709)
(872049,1076714)
(872049,1076721)
(872055,1076338)
(872055,1076342)
(872055,1076345)
(872055,1076349)
(872055,1076352)
(872055,1076356)
(872055,1076360)
(872055,1076366)
(872055,1076370)
(872055,1076375)
(872055,1076379)
(872055,1076384)
(872055,1076391)
(872055,1076395)
(872055,1076400)
(872055,1076407)
(872055,1076415)
(872055,1076418)
(872055,1076422)
(872055,1076429)
(872055,1076431)
(872055,1076440)
(872055,1076445)
(872055,1076450)
(872055,1076460)
(872055,1076465)
(872055,1076472)
(872055,1076475)
(872055,1076481)
(872055,1076492)
(872055,1076500)
(872055,1076507)
(872055,1076514)
(872055,1076520)
(872055,1076530)
(872055,1076536)
(872055,1076544)
(872055,1076548)
(872055,1076560)
(872055,1076565)
(872055,1076569)
(872055,1076574)
(872055,1076585)
(872055,1076591)
(872055,1076592)
(872055,1076600)
(872055,1076606)
(872055,1076610)
(872055,1076615)
(872055,1076622)
(872055,1076631)
(872055,1076638)
(872055,1076646)
(872055,1076653)
(872055,1076654)
(872055,1076664)
(872055,1076671)
(872055,1076674)
(872055,1076684)
(872055,1076691)
(872055,1076692)
(872055,1076698)
(872055,1076702)
(872055,1076709)
(872055,1076714)
(872055,1076721)
(1076338,1076342)
(1076338,1076345)
(1076338,1076349)
(1076338,1076352)
(1076338,1076356)
(1076338,1076360)
(1076338,1076366)
(1076338,1076370)
(1076338,1076375)
(1076338,1076379)
(1076338,1076384)
(1076338,1076391)
(1076338,1076395)
(1076338,1076400)
(1076338,1076407)
(1076338,1076415)
(1076338,1076418)
(1076338,1076422)
(1076338,1076429)
(1076338,1076431)
(1076338,1076440)
(1076338,1076445)
(1076338,1076450)
(1076338,1076460)
(1076338,1076465)
(1076338,1076472)
(1076338,1076475)
(1076338,1076481)
(1076338,1076492)
(1076338,1076500)
(1076338,1076507)
(1076338,1076514)
(1076338,1076520)
(1076338,1076530)
(1076338,1076536)
(1076338,1076544)
(1076338,1076548)
(1076338,1076560)
(1076338,1076565)
(1076338,1076569)
(1076338,1076574)
(1076338,1076585)
(1076338,1076591)
(1076338,1076592)
(1076338,1076600)
(1076338,1076606)
(1076338,1076610)
(1076338,1076615)
(1076338,1076622)
(1076338,1076631)
(1076338,1076638)
(1076338,1076646)
(1076338,1076653)
(1076338,1076654)
(1076338,1076664)
(1076338,1076671)
(1076338,1076674)
(1076338,1076684)
(1076338,1076691)
(1076338,1076692)
(1076338,1076698)
(1076338,1076702)
(1076338,1076709)
(1076338,1076714)
(1076338,1076721)
(1076342,1076345)
(1076342,1076349)
(1076342,1076352)
(1076342,1076356)
(1076342,1076360)
(1076342,1076366)
(1076342,1076370)
(1076342,1076375)
(1076342,1076379)
(1076342,1076384)
(1076342,1076391)
(1076342,1076395)
(1076342,1076400)
(1076342,1076407)
(1076342,1076415)
(1076342,1076418)
(1076342,1076422)
(1076342,1076429)
(1076342,1076431)
(1076342,1076440)
(1076342,1076445)
(1076342,1076450)
(1076342,1076460)
(1076342,1076465)
(1076342,1076472)
(1076342,1076475)
(1076342,1076481)
(1076342,1076492)
(1076342,1076500)
(1076342,1076507)
(1076342,1076514)
(1076342,1076520)
(1076342,1076530)
(1076342,1076536)
(1076342,1076544)
(1076342,1076548)
(1076342,1076560)
(1076342,1076565)
(1076342,1076569)
(1076342,1076574)
(1076342,1076585)
(1076342,1076591)
(1076342,1076592)
(1076342,1076600)
(1076342,1076606)
(1076342,1076610)
(1076342,1076615)
(1076342,1076622)
(1076342,1076631)
(1076342,1076638)
(1076342,1076646)
(1076342,1076653)
(1076342,1076654)
(1076342,1076664)
(1076342,1076671)
(1076342,1076674)
(1076342,1076684)
(1076342,1076691)
(1076342,1076692)
(1076342,1076698)
(1076342,1076702)
(1076342,1076709)
(1076342,1076714)
(1076342,1076721)
(1076345,1076349)
(1076345,1076352)
(1076345,1076356)
(1076345,1076360)
(1076345,1076366)
(1076345,1076370)
(1076345,1076375)
(1076345,1076379)
(1076345,1076384)
(1076345,1076391)
(1076345,1076395)
(1076345,1076400)
(1076345,1076407)
(1076345,1076415)
(1076345,1076418)
(1076345,1076422)
(1076345,1076429)
(1076345,1076431)
(1076345,1076440)
(1076345,1076445)
(1076345,1076450)
(1076345,1076460)
(1076345,1076465)
(1076345,1076472)
(1076345,1076475)
(1076345,1076481)
(1076345,1076492)
(1076345,1076500)
(1076345,1076507)
(1076345,1076514)
(1076345,1076520)
(1076345,1076530)
(1076345,1076536)
(1076345,1076544)
(1076345,1076548)
(1076345,1076560)
(1076345,1076565)
(1076345,1076569)
(1076345,1076574)
(1076345,1076585)
(1076345,1076591)
(1076345,1076592)
(1076345,1076600)
(1076345,1076606)
(1076345,1076610)
(1076345,1076615)
(1076345,1076622)
(1076345,1076631)
(1076345,1076638)
(1076345,1076646)
(1076345,1076653)
(1076345,1076654)
(1076345,1076664)
(1076345,1076671)
(1076345,1076674)
(1076345,1076684)
(1076345,1076691)
(1076345,1076692)
(1076345,1076698)
(1076345,1076702)
(1076345,1076709)
(1076345,1076714)
(1076345,1076721)
(1076349,1076352)
(1076349,1076356)
(1076349,1076360)
(1076349,1076366)
(1076349,1076370)
(1076349,1076375)
(1076349,1076379)
(1076349,1076384)
(1076349,1076391)
(1076349,1076395)
(1076349,1076400)
(1076349,1076407)
(1076349,1076415)
(1076349,1076418)
(1076349,1076422)
(1076349,1076429)
(1076349,1076431)
(1076349,1076440)
(1076349,1076445)
(1076349,1076450)
(1076349,1076460)
(1076349,1076465)
(1076349,1076472)
(1076349,1076475)
(1076349,1076481)
(1076349,1076492)
(1076349,1076500)
(1076349,1076507)
(1076349,1076514)
(1076349,1076520)
(1076349,1076530)
(1076349,1076536)
(1076349,1076544)
(1076349,1076548)
(1076349,1076560)
(1076349,1076565)
(1076349,1076569)
(1076349,1076574)
(1076349,1076585)
(1076349,1076591)
(1076349,1076592)
(1076349,1076600)
(1076349,1076606)
(1076349,1076610)
(1076349,1076615)
(1076349,1076622)
(1076349,1076631)
(1076349,1076638)
(1076349,1076646)
(1076349,1076653)
(1076349,1076654)
(1076349,1076664)
(1076349,1076671)
(1076349,1076674)
(1076349,1076684)
(1076349,1076691)
(1076349,1076692)
(1076349,1076698)
(1076349,1076702)
(1076349,1076709)
(1076349,1076714)
(1076349,1076721)
(1076352,1076356)
(1076352,1076360)
(1076352,1076366)
(1076352,1076370)
(1076352,1076375)
(1076352,1076379)
(1076352,1076384)
(1076352,1076391)
(1076352,1076395)
(1076352,1076400)
(1076352,1076407)
(1076352,1076415)
(1076352,1076418)
(1076352,1076422)
(1076352,1076429)
(1076352,1076431)
(1076352,1076440)
(1076352,1076445)
(1076352,1076450)
(1076352,1076460)
(1076352,1076465)
(1076352,1076472)
(1076352,1076475)
(1076352,1076481)
(1076352,1076492)
(1076352,1076500)
(1076352,1076507)
(1076352,1076514)
(1076352,1076520)
(1076352,1076530)
(1076352,1076536)
(1076352,1076544)
(1076352,1076548)
(1076352,1076560)
(1076352,1076565)
(1076352,1076569)
(1076352,1076574)
(1076352,1076585)
(1076352,1076591)
(1076352,1076592)
(1076352,1076600)
(1076352,1076606)
(1076352,1076610)
(1076352,1076615)
(1076352,1076622)
(1076352,1076631)
(1076352,1076638)
(1076352,1076646)
(1076352,1076653)
(1076352,1076654)
(1076352,1076664)
(1076352,1076671)
(1076352,1076674)
(1076352,1076684)
(1076352,1076691)
(1076352,1076692)
(1076352,1076698)
(1076352,1076702)
(1076352,1076709)
(1076352,1076714)
(1076352,1076721)
(1076356,1076360)
(1076356,1076366)
(1076356,1076370)
(1076356,1076375)
(1076356,1076379)
(1076356,1076384)
(1076356,1076391)
(1076356,1076395)
(1076356,1076400)
(1076356,1076407)
(1076356,1076415)
(1076356,1076418)
(1076356,1076422)
(1076356,1076429)
(1076356,1076431)
(1076356,1076440)
(1076356,1076445)
(1076356,1076450)
(1076356,1076460)
(1076356,1076465)
(1076356,1076472)
(1076356,1076475)
(1076356,1076481)
(1076356,1076492)
(1076356,1076500)
(1076356,1076507)
(1076356,1076514)
(1076356,1076520)
(1076356,1076530)
(1076356,1076536)
(1076356,1076544)
(1076356,1076548)
(1076356,1076560)
(1076356,1076565)
(1076356,1076569)
(1076356,1076574)
(1076356,1076585)
(1076356,1076591)
(1076356,1076592)
(1076356,1076600)
(1076356,1076606)
(1076356,1076610)
(1076356,1076615)
(1076356,1076622)
(1076356,1076631)
(1076356,1076638)
(1076356,1076646)
(1076356,1076653)
(1076356,1076654)
(1076356,1076664)
(1076356,1076671)
(1076356,1076674)
(1076356,1076684)
(1076356,1076691)
(1076356,1076692)
(1076356,1076698)
(1076356,1076702)
(1076356,1076709)
(1076356,1076714)
(1076356,1076721)
(1076360,1076366)
(1076360,1076370)
(1076360,1076375)
(1076360,1076379)
(1076360,1076384)
(1076360,1076391)
(1076360,1076395)
(1076360,1076400)
(1076360,1076407)
(1076360,1076415)
(1076360,1076418)
(1076360,1076422)
(1076360,1076429)
(1076360,1076431)
(1076360,1076440)
(1076360,1076445)
(1076360,1076450)
(1076360,1076460)
(1076360,1076465)
(1076360,1076472)
(1076360,1076475)
(1076360,1076481)
(1076360,1076492)
(1076360,1076500)
(1076360,1076507)
(1076360,1076514)
(1076360,1076520)
(1076360,1076530)
(1076360,1076536)
(1076360,1076544)
(1076360,1076548)
(1076360,1076560)
(1076360,1076565)
(1076360,1076569)
(1076360,1076574)
(1076360,1076585)
(1076360,1076591)
(1076360,1076592)
(1076360,1076600)
(1076360,1076606)
(1076360,1076610)
(1076360,1076615)
(1076360,1076622)
(1076360,1076631)
(1076360,1076638)
(1076360,1076646)
(1076360,1076653)
(1076360,1076654)
(1076360,1076664)
(1076360,1076671)
(1076360,1076674)
(1076360,1076684)
(1076360,1076691)
(1076360,1076692)
(1076360,1076698)
(1076360,1076702)
(1076360,1076709)
(1076360,1076714)
(1076360,1076721)
(1076366,1076370)
(1076366,1076375)
(1076366,1076379)
(1076366,1076384)
(1076366,1076391)
(1076366,1076395)
(1076366,1076400)
(1076366,1076407)
(1076366,1076415)
(1076366,1076418)
(1076366,1076422)
(1076366,1076429)
(1076366,1076431)
(1076366,1076440)
(1076366,1076445)
(1076366,1076450)
(1076366,1076460)
(1076366,1076465)
(1076366,1076472)
(1076366,1076475)
(1076366,1076481)
(1076366,1076492)
(1076366,1076500)
(1076366,1076507)
(1076366,1076514)
(1076366,1076520)
(1076366,1076530)
(1076366,1076536)
(1076366,1076544)
(1076366,1076548)
(1076366,1076560)
(1076366,1076565)
(1076366,1076569)
(1076366,1076574)
(1076366,1076585)
(1076366,1076591)
(1076366,1076592)
(1076366,1076600)
(1076366,1076606)
(1076366,1076610)
(1076366,1076615)
(1076366,1076622)
(1076366,1076631)
(1076366,1076638)
(1076366,1076646)
(1076366,1076653)
(1076366,1076654)
(1076366,1076664)
(1076366,1076671)
(1076366,1076674)
(1076366,1076684)
(1076366,1076691)
(1076366,1076692)
(1076366,1076698)
(1076366,1076702)
(1076366,1076709)
(1076366,1076714)
(1076366,1076721)
(1076370,1076375)
(1076370,1076379)
(1076370,1076384)
(1076370,1076391)
(1076370,1076395)
(1076370,1076400)
(1076370,1076407)
(1076370,1076415)
(1076370,1076418)
(1076370,1076422)
(1076370,1076429)
(1076370,1076431)
(1076370,1076440)
(1076370,1076445)
(1076370,1076450)
(1076370,1076460)
(1076370,1076465)
(1076370,1076472)
(1076370,1076475)
(1076370,1076481)
(1076370,1076492)
(1076370,1076500)
(1076370,1076507)
(1076370,1076514)
(1076370,1076520)
(1076370,1076530)
(1076370,1076536)
(1076370,1076544)
(1076370,1076548)
(1076370,1076560)
(1076370,1076565)
(1076370,1076569)
(1076370,1076574)
(1076370,1076585)
(1076370,1076591)
(1076370,1076592)
(1076370,1076600)
(1076370,1076606)
(1076370,1076610)
(1076370,1076615)
(1076370,1076622)
(1076370,1076631)
(1076370,1076638)
(1076370,1076646)
(1076370,1076653)
(1076370,1076654)
(1076370,1076664)
(1076370,1076671)
(1076370,1076674)
(1076370,1076684)
(1076370,1076691)
(1076370,1076692)
(1076370,1076698)
(1076370,1076702)
(1076370,1076709)
(1076370,1076714)
(1076370,1076721)
(1076375,1076379)
(1076375,1076384)
(1076375,1076391)
(1076375,1076395)
(1076375,1076400)
(1076375,1076407)
(1076375,1076415)
(1076375,1076418)
(1076375,1076422)
(1076375,1076429)
(1076375,1076431)
(1076375,1076440)
(1076375,1076445)
(1076375,1076450)
(1076375,1076460)
(1076375,1076465)
(1076375,1076472)
(1076375,1076475)
(1076375,1076481)
(1076375,1076492)
(1076375,1076500)
(1076375,1076507)
(1076375,1076514)
(1076375,1076520)
(1076375,1076530)
(1076375,1076536)
(1076375,1076544)
(1076375,1076548)
(1076375,1076560)
(1076375,1076565)
(1076375,1076569)
(1076375,1076574)
(1076375,1076585)
(1076375,1076591)
(1076375,1076592)
(1076375,1076600)
(1076375,1076606)
(1076375,1076610)
(1076375,1076615)
(1076375,1076622)
(1076375,1076631)
(1076375,1076638)
(1076375,1076646)
(1076375,1076653)
(1076375,1076654)
(1076375,1076664)
(1076375,1076671)
(1076375,1076674)
(1076375,1076684)
(1076375,1076691)
(1076375,1076692)
(1076375,1076698)
(1076375,1076702)
(1076375,1076709)
(1076375,1076714)
(1076375,1076721)
(1076379,1076384)
(1076379,1076391)
(1076379,1076395)
(1076379,1076400)
(1076379,1076407)
(1076379,1076415)
(1076379,1076418)
(1076379,1076422)
(1076379,1076429)
(1076379,1076431)
(1076379,1076440)
(1076379,1076445)
(1076379,1076450)
(1076379,1076460)
(1076379,1076465)
(1076379,1076472)
(1076379,1076475)
(1076379,1076481)
(1076379,1076492)
(1076379,1076500)
(1076379,1076507)
(1076379,1076514)
(1076379,1076520)
(1076379,1076530)
(1076379,1076536)
(1076379,1076544)
(1076379,1076548)
(1076379,1076560)
(1076379,1076565)
(1076379,1076569)
(1076379,1076574)
(1076379,1076585)
(1076379,1076591)
(1076379,1076592)
(1076379,1076600)
(1076379,1076606)
(1076379,1076610)
(1076379,1076615)
(1076379,1076622)
(1076379,1076631)
(1076379,1076638)
(1076379,1076646)
(1076379,1076653)
(1076379,1076654)
(1076379,1076664)
(1076379,1076671)
(1076379,1076674)
(1076379,1076684)
(1076379,1076691)
(1076379,1076692)
(1076379,1076698)
(1076379,1076702)
(1076379,1076709)
(1076379,1076714)
(1076379,1076721)
(1076384,1076391)
(1076384,1076395)
(1076384,1076400)
(1076384,1076407)
(1076384,1076415)
(1076384,1076418)
(1076384,1076422)
(1076384,1076429)
(1076384,1076431)
(1076384,1076440)
(1076384,1076445)
(1076384,1076450)
(1076384,1076460)
(1076384,1076465)
(1076384,1076472)
(1076384,1076475)
(1076384,1076481)
(1076384,1076492)
(1076384,1076500)
(1076384,1076507)
(1076384,1076514)
(1076384,1076520)
(1076384,1076530)
(1076384,1076536)
(1076384,1076544)
(1076384,1076548)
(1076384,1076560)
(1076384,1076565)
(1076384,1076569)
(1076384,1076574)
(1076384,1076585)
(1076384,1076591)
(1076384,1076592)
(1076384,1076600)
(1076384,1076606)
(1076384,1076610)
(1076384,1076615)
(1076384,1076622)
(1076384,1076631)
(1076384,1076638)
(1076384,1076646)
(1076384,1076653)
(1076384,1076654)
(1076384,1076664)
(1076384,1076671)
(1076384,1076674)
(1076384,1076684)
(1076384,1076691)
(1076384,1076692)
(1076384,1076698)
(1076384,1076702)
(1076384,1076709)
(1076384,1076714)
(1076384,1076721)
(1076391,1076395)
(1076391,1076400)
(1076391,1076407)
(1076391,1076415)
(1076391,1076418)
(1076391,1076422)
(1076391,1076429)
(1076391,1076431)
(1076391,1076440)
(1076391,1076445)
(1076391,1076450)
(1076391,1076460)
(1076391,1076465)
(1076391,1076472)
(1076391,1076475)
(1076391,1076481)
(1076391,1076492)
(1076391,1076500)
(1076391,1076507)
(1076391,1076514)
(1076391,1076520)
(1076391,1076530)
(1076391,1076536)
(1076391,1076544)
(1076391,1076548)
(1076391,1076560)
(1076391,1076565)
(1076391,1076569)
(1076391,1076574)
(1076391,1076585)
(1076391,1076591)
(1076391,1076592)
(1076391,1076600)
(1076391,1076606)
(1076391,1076610)
(1076391,1076615)
(1076391,1076622)
(1076391,1076631)
(1076391,1076638)
(1076391,1076646)
(1076391,1076653)
(1076391,1076654)
(1076391,1076664)
(1076391,1076671)
(1076391,1076674)
(1076391,1076684)
(1076391,1076691)
(1076391,1076692)
(1076391,1076698)
(1076391,1076702)
(1076391,1076709)
(1076391,1076714)
(1076391,1076721)
(1076395,1076400)
(1076395,1076407)
(1076395,1076415)
(1076395,1076418)
(1076395,1076422)
(1076395,1076429)
(1076395,1076431)
(1076395,1076440)
(1076395,1076445)
(1076395,1076450)
(1076395,1076460)
(1076395,1076465)
(1076395,1076472)
(1076395,1076475)
(1076395,1076481)
(1076395,1076492)
(1076395,1076500)
(1076395,1076507)
(1076395,1076514)
(1076395,1076520)
(1076395,1076530)
(1076395,1076536)
(1076395,1076544)
(1076395,1076548)
(1076395,1076560)
(1076395,1076565)
(1076395,1076569)
(1076395,1076574)
(1076395,1076585)
(1076395,1076591)
(1076395,1076592)
(1076395,1076600)
(1076395,1076606)
(1076395,1076610)
(1076395,1076615)
(1076395,1076622)
(1076395,1076631)
(1076395,1076638)
(1076395,1076646)
(1076395,1076653)
(1076395,1076654)
(1076395,1076664)
(1076395,1076671)
(1076395,1076674)
(1076395,1076684)
(1076395,1076691)
(1076395,1076692)
(1076395,1076698)
(1076395,1076702)
(1076395,1076709)
(1076395,1076714)
(1076395,1076721)
(1076400,1076407)
(1076400,1076415)
(1076400,1076418)
(1076400,1076422)
(1076400,1076429)
(1076400,1076431)
(1076400,1076440)
(1076400,1076445)
(1076400,1076450)
(1076400,1076460)
(1076400,1076465)
(1076400,1076472)
(1076400,1076475)
(1076400,1076481)
(1076400,1076492)
(1076400,1076500)
(1076400,1076507)
(1076400,1076514)
(1076400,1076520)
(1076400,1076530)
(1076400,1076536)
(1076400,1076544)
(1076400,1076548)
(1076400,1076560)
(1076400,1076565)
(1076400,1076569)
(1076400,1076574)
(1076400,1076585)
(1076400,1076591)
(1076400,1076592)
(1076400,1076600)
(1076400,1076606)
(1076400,1076610)
(1076400,1076615)
(1076400,1076622)
(1076400,1076631)
(1076400,1076638)
(1076400,1076646)
(1076400,1076653)
(1076400,1076654)
(1076400,1076664)
(1076400,1076671)
(1076400,1076674)
(1076400,1076684)
(1076400,1076691)
(1076400,1076692)
(1076400,1076698)
(1076400,1076702)
(1076400,1076709)
(1076400,1076714)
(1076400,1076721)
(1076407,1076415)
(1076407,1076418)
(1076407,1076422)
(1076407,1076429)
(1076407,1076431)
(1076407,1076440)
(1076407,1076445)
(1076407,1076450)
(1076407,1076460)
(1076407,1076465)
(1076407,1076472)
(1076407,1076475)
(1076407,1076481)
(1076407,1076492)
(1076407,1076500)
(1076407,1076507)
(1076407,1076514)
(1076407,1076520)
(1076407,1076530)
(1076407,1076536)
(1076407,1076544)
(1076407,1076548)
(1076407,1076560)
(1076407,1076565)
(1076407,1076569)
(1076407,1076574)
(1076407,1076585)
(1076407,1076591)
(1076407,1076592)
(1076407,1076600)
(1076407,1076606)
(1076407,1076610)
(1076407,1076615)
(1076407,1076622)
(1076407,1076631)
(1076407,1076638)
(1076407,1076646)
(1076407,1076653)
(1076407,1076654)
(1076407,1076664)
(1076407,1076671)
(1076407,1076674)
(1076407,1076684)
(1076407,1076691)
(1076407,1076692)
(1076407,1076698)
(1076407,1076702)
(1076407,1076709)
(1076407,1076714)
(1076407,1076721)
(1076415,1076418)
(1076415,1076422)
(1076415,1076429)
(1076415,1076431)
(1076415,1076440)
(1076415,1076445)
(1076415,1076450)
(1076415,1076460)
(1076415,1076465)
(1076415,1076472)
(1076415,1076475)
(1076415,1076481)
(1076415,1076492)
(1076415,1076500)
(1076415,1076507)
(1076415,1076514)
(1076415,1076520)
(1076415,1076530)
(1076415,1076536)
(1076415,1076544)
(1076415,1076548)
(1076415,1076560)
(1076415,1076565)
(1076415,1076569)
(1076415,1076574)
(1076415,1076585)
(1076415,1076591)
(1076415,1076592)
(1076415,1076600)
(1076415,1076606)
(1076415,1076610)
(1076415,1076615)
(1076415,1076622)
(1076415,1076631)
(1076415,1076638)
(1076415,1076646)
(1076415,1076653)
(1076415,1076654)
(1076415,1076664)
(1076415,1076671)
(1076415,1076674)
(1076415,1076684)
(1076415,1076691)
(1076415,1076692)
(1076415,1076698)
(1076415,1076702)
(1076415,1076709)
(1076415,1076714)
(1076415,1076721)
(1076418,1076422)
(1076418,1076429)
(1076418,1076431)
(1076418,1076440)
(1076418,1076445)
(1076418,1076450)
(1076418,1076460)
(1076418,1076465)
(1076418,1076472)
(1076418,1076475)
(1076418,1076481)
(1076418,1076492)
(1076418,1076500)
(1076418,1076507)
(1076418,1076514)
(1076418,1076520)
(1076418,1076530)
(1076418,1076536)
(1076418,1076544)
(1076418,1076548)
(1076418,1076560)
(1076418,1076565)
(1076418,1076569)
(1076418,1076574)
(1076418,1076585)
(1076418,1076591)
(1076418,1076592)
(1076418,1076600)
(1076418,1076606)
(1076418,1076610)
(1076418,1076615)
(1076418,1076622)
(1076418,1076631)
(1076418,1076638)
(1076418,1076646)
(1076418,1076653)
(1076418,1076654)
(1076418,1076664)
(1076418,1076671)
(1076418,1076674)
(1076418,1076684)
(1076418,1076691)
(1076418,1076692)
(1076418,1076698)
(1076418,1076702)
(1076418,1076709)
(1076418,1076714)
(1076418,1076721)
(1076422,1076429)
(1076422,1076431)
(1076422,1076440)
(1076422,1076445)
(1076422,1076450)
(1076422,1076460)
(1076422,1076465)
(1076422,1076472)
(1076422,1076475)
(1076422,1076481)
(1076422,1076492)
(1076422,1076500)
(1076422,1076507)
(1076422,1076514)
(1076422,1076520)
(1076422,1076530)
(1076422,1076536)
(1076422,1076544)
(1076422,1076548)
(1076422,1076560)
(1076422,1076565)
(1076422,1076569)
(1076422,1076574)
(1076422,1076585)
(1076422,1076591)
(1076422,1076592)
(1076422,1076600)
(1076422,1076606)
(1076422,1076610)
(1076422,1076615)
(1076422,1076622)
(1076422,1076631)
(1076422,1076638)
(1076422,1076646)
(1076422,1076653)
(1076422,1076654)
(1076422,1076664)
(1076422,1076671)
(1076422,1076674)
(1076422,1076684)
(1076422,1076691)
(1076422,1076692)
(1076422,1076698)
(1076422,1076702)
(1076422,1076709)
(1076422,1076714)
(1076422,1076721)
(1076429,1076431)
(1076429,1076440)
(1076429,1076445)
(1076429,1076450)
(1076429,1076460)
(1076429,1076465)
(1076429,1076472)
(1076429,1076475)
(1076429,1076481)
(1076429,1076492)
(1076429,1076500)
(1076429,1076507)
(1076429,1076514)
(1076429,1076520)
(1076429,1076530)
(1076429,1076536)
(1076429,1076544)
(1076429,1076548)
(1076429,1076560)
(1076429,1076565)
(1076429,1076569)
(1076429,1076574)
(1076429,1076585)
(1076429,1076591)
(1076429,1076592)
(1076429,1076600)
(1076429,1076606)
(1076429,1076610)
(1076429,1076615)
(1076429,1076622)
(1076429,1076631)
(1076429,1076638)
(1076429,1076646)
(1076429,1076653)
(1076429,1076654)
(1076429,1076664)
(1076429,1076671)
(1076429,1076674)
(1076429,1076684)
(1076429,1076691)
(1076429,1076692)
(1076429,1076698)
(1076429,1076702)
(1076429,1076709)
(1076429,1076714)
(1076429,1076721)
(1076431,1076440)
(1076431,1076445)
(1076431,1076450)
(1076431,1076460)
(1076431,1076465)
(1076431,1076472)
(1076431,1076475)
(1076431,1076481)
(1076431,1076492)
(1076431,1076500)
(1076431,1076507)
(1076431,1076514)
(1076431,1076520)
(1076431,1076530)
(1076431,1076536)
(1076431,1076544)
(1076431,1076548)
(1076431,1076560)
(1076431,1076565)
(1076431,1076569)
(1076431,1076574)
(1076431,1076585)
(1076431,1076591)
(1076431,1076592)
(1076431,1076600)
(1076431,1076606)
(1076431,1076610)
(1076431,1076615)
(1076431,1076622)
(1076431,1076631)
(1076431,1076638)
(1076431,1076646)
(1076431,1076653)
(1076431,1076654)
(1076431,1076664)
(1076431,1076671)
(1076431,1076674)
(1076431,1076684)
(1076431,1076691)
(1076431,1076692)
(1076431,1076698)
(1076431,1076702)
(1076431,1076709)
(1076431,1076714)
(1076431,1076721)
(1076440,1076445)
(1076440,1076450)
(1076440,1076460)
(1076440,1076465)
(1076440,1076472)
(1076440,1076475)
(1076440,1076481)
(1076440,1076492)
(1076440,1076500)
(1076440,1076507)
(1076440,1076514)
(1076440,1076520)
(1076440,1076530)
(1076440,1076536)
(1076440,1076544)
(1076440,1076548)
(1076440,1076560)
(1076440,1076565)
(1076440,1076569)
(1076440,1076574)
(1076440,1076585)
(1076440,1076591)
(1076440,1076592)
(1076440,1076600)
(1076440,1076606)
(1076440,1076610)
(1076440,1076615)
(1076440,1076622)
(1076440,1076631)
(1076440,1076638)
(1076440,1076646)
(1076440,1076653)
(1076440,1076654)
(1076440,1076664)
(1076440,1076671)
(1076440,1076674)
(1076440,1076684)
(1076440,1076691)
(1076440,1076692)
(1076440,1076698)
(1076440,1076702)
(1076440,1076709)
(1076440,1076714)
(1076440,1076721)
(1076445,1076450)
(1076445,1076460)
(1076445,1076465)
(1076445,1076472)
(1076445,1076475)
(1076445,1076481)
(1076445,1076492)
(1076445,1076500)
(1076445,1076507)
(1076445,1076514)
(1076445,1076520)
(1076445,1076530)
(1076445,1076536)
(1076445,1076544)
(1076445,1076548)
(1076445,1076560)
(1076445,1076565)
(1076445,1076569)
(1076445,1076574)
(1076445,1076585)
(1076445,1076591)
(1076445,1076592)
(1076445,1076600)
(1076445,1076606)
(1076445,1076610)
(1076445,1076615)
(1076445,1076622)
(1076445,1076631)
(1076445,1076638)
(1076445,1076646)
(1076445,1076653)
(1076445,1076654)
(1076445,1076664)
(1076445,1076671)
(1076445,1076674)
(1076445,1076684)
(1076445,1076691)
(1076445,1076692)
(1076445,1076698)
(1076445,1076702)
(1076445,1076709)
(1076445,1076714)
(1076445,1076721)
(1076450,1076460)
(1076450,1076465)
(1076450,1076472)
(1076450,1076475)
(1076450,1076481)
(1076450,1076492)
(1076450,1076500)
(1076450,1076507)
(1076450,1076514)
(1076450,1076520)
(1076450,1076530)
(1076450,1076536)
(1076450,1076544)
(1076450,1076548)
(1076450,1076560)
(1076450,1076565)
(1076450,1076569)
(1076450,1076574)
(1076450,1076585)
(1076450,1076591)
(1076450,1076592)
(1076450,1076600)
(1076450,1076606)
(1076450,1076610)
(1076450,1076615)
(1076450,1076622)
(1076450,1076631)
(1076450,1076638)
(1076450,1076646)
(1076450,1076653)
(1076450,1076654)
(1076450,1076664)
(1076450,1076671)
(1076450,1076674)
(1076450,1076684)
(1076450,1076691)
(1076450,1076692)
(1076450,1076698)
(1076450,1076702)
(1076450,1076709)
(1076450,1076714)
(1076450,1076721)
(1076460,1076465)
(1076460,1076472)
(1076460,1076475)
(1076460,1076481)
(1076460,1076492)
(1076460,1076500)
(1076460,1076507)
(1076460,1076514)
(1076460,1076520)
(1076460,1076530)
(1076460,1076536)
(1076460,1076544)
(1076460,1076548)
(1076460,1076560)
(1076460,1076565)
(1076460,1076569)
(1076460,1076574)
(1076460,1076585)
(1076460,1076591)
(1076460,1076592)
(1076460,1076600)
(1076460,1076606)
(1076460,1076610)
(1076460,1076615)
(1076460,1076622)
(1076460,1076631)
(1076460,1076638)
(1076460,1076646)
(1076460,1076653)
(1076460,1076654)
(1076460,1076664)
(1076460,1076671)
(1076460,1076674)
(1076460,1076684)
(1076460,1076691)
(1076460,1076692)
(1076460,1076698)
(1076460,1076702)
(1076460,1076709)
(1076460,1076714)
(1076460,1076721)
(1076465,1076472)
(1076465,1076475)
(1076465,1076481)
(1076465,1076492)
(1076465,1076500)
(1076465,1076507)
(1076465,1076514)
(1076465,1076520)
(1076465,1076530)
(1076465,1076536)
(1076465,1076544)
(1076465,1076548)
(1076465,1076560)
(1076465,1076565)
(1076465,1076569)
(1076465,1076574)
(1076465,1076585)
(1076465,1076591)
(1076465,1076592)
(1076465,1076600)
(1076465,1076606)
(1076465,1076610)
(1076465,1076615)
(1076465,1076622)
(1076465,1076631)
(1076465,1076638)
(1076465,1076646)
(1076465,1076653)
(1076465,1076654)
(1076465,1076664)
(1076465,1076671)
(1076465,1076674)
(1076465,1076684)
(1076465,1076691)
(1076465,1076692)
(1076465,1076698)
(1076465,1076702)
(1076465,1076709)
(1076465,1076714)
(1076465,1076721)
(1076472,1076475)
(1076472,1076481)
(1076472,1076492)
(1076472,1076500)
(1076472,1076507)
(1076472,1076514)
(1076472,1076520)
(1076472,1076530)
(1076472,1076536)
(1076472,1076544)
(1076472,1076548)
(1076472,1076560)
(1076472,1076565)
(1076472,1076569)
(1076472,1076574)
(1076472,1076585)
(1076472,1076591)
(1076472,1076592)
(1076472,1076600)
(1076472,1076606)
(1076472,1076610)
(1076472,1076615)
(1076472,1076622)
(1076472,1076631)
(1076472,1076638)
(1076472,1076646)
(1076472,1076653)
(1076472,1076654)
(1076472,1076664)
(1076472,1076671)
(1076472,1076674)
(1076472,1076684)
(1076472,1076691)
(1076472,1076692)
(1076472,1076698)
(1076472,1076702)
(1076472,1076709)
(1076472,1076714)
(1076472,1076721)
(1076475,1076481)
(1076475,1076492)
(1076475,1076500)
(1076475,1076507)
(1076475,1076514)
(1076475,1076520)
(1076475,1076530)
(1076475,1076536)
(1076475,1076544)
(1076475,1076548)
(1076475,1076560)
(1076475,1076565)
(1076475,1076569)
(1076475,1076574)
(1076475,1076585)
(1076475,1076591)
(1076475,1076592)
(1076475,1076600)
(1076475,1076606)
(1076475,1076610)
(1076475,1076615)
(1076475,1076622)
(1076475,1076631)
(1076475,1076638)
(1076475,1076646)
(1076475,1076653)
(1076475,1076654)
(1076475,1076664)
(1076475,1076671)
(1076475,1076674)
(1076475,1076684)
(1076475,1076691)
(1076475,1076692)
(1076475,1076698)
(1076475,1076702)
(1076475,1076709)
(1076475,1076714)
(1076475,1076721)
(1076481,1076492)
(1076481,1076500)
(1076481,1076507)
(1076481,1076514)
(1076481,1076520)
(1076481,1076530)
(1076481,1076536)
(1076481,1076544)
(1076481,1076548)
(1076481,1076560)
(1076481,1076565)
(1076481,1076569)
(1076481,1076574)
(1076481,1076585)
(1076481,1076591)
(1076481,1076592)
(1076481,1076600)
(1076481,1076606)
(1076481,1076610)
(1076481,1076615)
(1076481,1076622)
(1076481,1076631)
(1076481,1076638)
(1076481,1076646)
(1076481,1076653)
(1076481,1076654)
(1076481,1076664)
(1076481,1076671)
(1076481,1076674)
(1076481,1076684)
(1076481,1076691)
(1076481,1076692)
(1076481,1076698)
(1076481,1076702)
(1076481,1076709)
(1076481,1076714)
(1076481,1076721)
(1076492,1076500)
(1076492,1076507)
(1076492,1076514)
(1076492,1076520)
(1076492,1076530)
(1076492,1076536)
(1076492,1076544)
(1076492,1076548)
(1076492,1076560)
(1076492,1076565)
(1076492,1076569)
(1076492,1076574)
(1076492,1076585)
(1076492,1076591)
(1076492,1076592)
(1076492,1076600)
(1076492,1076606)
(1076492,1076610)
(1076492,1076615)
(1076492,1076622)
(1076492,1076631)
(1076492,1076638)
(1076492,1076646)
(1076492,1076653)
(1076492,1076654)
(1076492,1076664)
(1076492,1076671)
(1076492,1076674)
(1076492,1076684)
(1076492,1076691)
(1076492,1076692)
(1076492,1076698)
(1076492,1076702)
(1076492,1076709)
(1076492,1076714)
(1076492,1076721)
(1076500,1076507)
(1076500,1076514)
(1076500,1076520)
(1076500,1076530)
(1076500,1076536)
(1076500,1076544)
(1076500,1076548)
(1076500,1076560)
(1076500,1076565)
(1076500,1076569)
(1076500,1076574)
(1076500,1076585)
(1076500,1076591)
(1076500,1076592)
(1076500,1076600)
(1076500,1076606)
(1076500,1076610)
(1076500,1076615)
(1076500,1076622)
(1076500,1076631)
(1076500,1076638)
(1076500,1076646)
(1076500,1076653)
(1076500,1076654)
(1076500,1076664)
(1076500,1076671)
(1076500,1076674)
(1076500,1076684)
(1076500,1076691)
(1076500,1076692)
(1076500,1076698)
(1076500,1076702)
(1076500,1076709)
(1076500,1076714)
(1076500,1076721)
(1076507,1076514)
(1076507,1076520)
(1076507,1076530)
(1076507,1076536)
(1076507,1076544)
(1076507,1076548)
(1076507,1076560)
(1076507,1076565)
(1076507,1076569)
(1076507,1076574)
(1076507,1076585)
(1076507,1076591)
(1076507,1076592)
(1076507,1076600)
(1076507,1076606)
(1076507,1076610)
(1076507,1076615)
(1076507,1076622)
(1076507,1076631)
(1076507,1076638)
(1076507,1076646)
(1076507,1076653)
(1076507,1076654)
(1076507,1076664)
(1076507,1076671)
(1076507,1076674)
(1076507,1076684)
(1076507,1076691)
(1076507,1076692)
(1076507,1076698)
(1076507,1076702)
(1076507,1076709)
(1076507,1076714)
(1076507,1076721)
(1076514,1076520)
(1076514,1076530)
(1076514,1076536)
(1076514,1076544)
(1076514,1076548)
(1076514,1076560)
(1076514,1076565)
(1076514,1076569)
(1076514,1076574)
(1076514,1076585)
(1076514,1076591)
(1076514,1076592)
(1076514,1076600)
(1076514,1076606)
(1076514,1076610)
(1076514,1076615)
(1076514,1076622)
(1076514,1076631)
(1076514,1076638)
(1076514,1076646)
(1076514,1076653)
(1076514,1076654)
(1076514,1076664)
(1076514,1076671)
(1076514,1076674)
(1076514,1076684)
(1076514,1076691)
(1076514,1076692)
(1076514,1076698)
(1076514,1076702)
(1076514,1076709)
(1076514,1076714)
(1076514,1076721)
(1076520,1076530)
(1076520,1076536)
(1076520,1076544)
(1076520,1076548)
(1076520,1076560)
(1076520,1076565)
(1076520,1076569)
(1076520,1076574)
(1076520,1076585)
(1076520,1076591)
(1076520,1076592)
(1076520,1076600)
(1076520,1076606)
(1076520,1076610)
(1076520,1076615)
(1076520,1076622)
(1076520,1076631)
(1076520,1076638)
(1076520,1076646)
(1076520,1076653)
(1076520,1076654)
(1076520,1076664)
(1076520,1076671)
(1076520,1076674)
(1076520,1076684)
(1076520,1076691)
(1076520,1076692)
(1076520,1076698)
(1076520,1076702)
(1076520,1076709)
(1076520,1076714)
(1076520,1076721)
(1076530,1076536)
(1076530,1076544)
(1076530,1076548)
(1076530,1076560)
(1076530,1076565)
(1076530,1076569)
(1076530,1076574)
(1076530,1076585)
(1076530,1076591)
(1076530,1076592)
(1076530,1076600)
(1076530,1076606)
(1076530,1076610)
(1076530,1076615)
(1076530,1076622)
(1076530,1076631)
(1076530,1076638)
(1076530,1076646)
(1076530,1076653)
(1076530,1076654)
(1076530,1076664)
(1076530,1076671)
(1076530,1076674)
(1076530,1076684)
(1076530,1076691)
(1076530,1076692)
(1076530,1076698)
(1076530,1076702)
(1076530,1076709)
(1076530,1076714)
(1076530,1076721)
(1076536,1076544)
(1076536,1076548)
(1076536,1076560)
(1076536,1076565)
(1076536,1076569)
(1076536,1076574)
(1076536,1076585)
(1076536,1076591)
(1076536,1076592)
(1076536,1076600)
(1076536,1076606)
(1076536,1076610)
(1076536,1076615)
(1076536,1076622)
(1076536,1076631)
(1076536,1076638)
(1076536,1076646)
(1076536,1076653)
(1076536,1076654)
(1076536,1076664)
(1076536,1076671)
(1076536,1076674)
(1076536,1076684)
(1076536,1076691)
(1076536,1076692)
(1076536,1076698)
(1076536,1076702)
(1076536,1076709)
(1076536,1076714)
(1076536,1076721)
(1076544,1076548)
(1076544,1076560)
(1076544,1076565)
(1076544,1076569)
(1076544,1076574)
(1076544,1076585)
(1076544,1076591)
(1076544,1076592)
(1076544,1076600)
(1076544,1076606)
(1076544,1076610)
(1076544,1076615)
(1076544,1076622)
(1076544,1076631)
(1076544,1076638)
(1076544,1076646)
(1076544,1076653)
(1076544,1076654)
(1076544,1076664)
(1076544,1076671)
(1076544,1076674)
(1076544,1076684)
(1076544,1076691)
(1076544,1076692)
(1076544,1076698)
(1076544,1076702)
(1076544,1076709)
(1076544,1076714)
(1076544,1076721)
(1076548,1076560)
(1076548,1076565)
(1076548,1076569)
(1076548,1076574)
(1076548,1076585)
(1076548,1076591)
(1076548,1076592)
(1076548,1076600)
(1076548,1076606)
(1076548,1076610)
(1076548,1076615)
(1076548,1076622)
(1076548,1076631)
(1076548,1076638)
(1076548,1076646)
(1076548,1076653)
(1076548,1076654)
(1076548,1076664)
(1076548,1076671)
(1076548,1076674)
(1076548,1076684)
(1076548,1076691)
(1076548,1076692)
(1076548,1076698)
(1076548,1076702)
(1076548,1076709)
(1076548,1076714)
(1076548,1076721)
(1076560,1076565)
(1076560,1076569)
(1076560,1076574)
(1076560,1076585)
(1076560,1076591)
(1076560,1076592)
(1076560,1076600)
(1076560,1076606)
(1076560,1076610)
(1076560,1076615)
(1076560,1076622)
(1076560,1076631)
(1076560,1076638)
(1076560,1076646)
(1076560,1076653)
(1076560,1076654)
(1076560,1076664)
(1076560,1076671)
(1076560,1076674)
(1076560,1076684)
(1076560,1076691)
(1076560,1076692)
(1076560,1076698)
(1076560,1076702)
(1076560,1076709)
(1076560,1076714)
(1076560,1076721)
(1076565,1076569)
(1076565,1076574)
(1076565,1076585)
(1076565,1076591)
(1076565,1076592)
(1076565,1076600)
(1076565,1076606)
(1076565,1076610)
(1076565,1076615)
(1076565,1076622)
(1076565,1076631)
(1076565,1076638)
(1076565,1076646)
(1076565,1076653)
(1076565,1076654)
(1076565,1076664)
(1076565,1076671)
(1076565,1076674)
(1076565,1076684)
(1076565,1076691)
(1076565,1076692)
(1076565,1076698)
(1076565,1076702)
(1076565,1076709)
(1076565,1076714)
(1076565,1076721)
(1076569,1076574)
(1076569,1076585)
(1076569,1076591)
(1076569,1076592)
(1076569,1076600)
(1076569,1076606)
(1076569,1076610)
(1076569,1076615)
(1076569,1076622)
(1076569,1076631)
(1076569,1076638)
(1076569,1076646)
(1076569,1076653)
(1076569,1076654)
(1076569,1076664)
(1076569,1076671)
(1076569,1076674)
(1076569,1076684)
(1076569,1076691)
(1076569,1076692)
(1076569,1076698)
(1076569,1076702)
(1076569,1076709)
(1076569,1076714)
(1076569,1076721)
(1076574,1076585)
(1076574,1076591)
(1076574,1076592)
(1076574,1076600)
(1076574,1076606)
(1076574,1076610)
(1076574,1076615)
(1076574,1076622)
(1076574,1076631)
(1076574,1076638)
(1076574,1076646)
(1076574,1076653)
(1076574,1076654)
(1076574,1076664)
(1076574,1076671)
(1076574,1076674)
(1076574,1076684)
(1076574,1076691)
(1076574,1076692)
(1076574,1076698)
(1076574,1076702)
(1076574,1076709)
(1076574,1076714)
(1076574,1076721)
(1076585,1076591)
(1076585,1076592)
(1076585,1076600)
(1076585,1076606)
(1076585,1076610)
(1076585,1076615)
(1076585,1076622)
(1076585,1076631)
(1076585,1076638)
(1076585,1076646)
(1076585,1076653)
(1076585,1076654)
(1076585,1076664)
(1076585,1076671)
(1076585,1076674)
(1076585,1076684)
(1076585,1076691)
(1076585,1076692)
(1076585,1076698)
(1076585,1076702)
(1076585,1076709)
(1076585,1076714)
(1076585,1076721)
(1076591,1076592)
(1076591,1076600)
(1076591,1076606)
(1076591,1076610)
(1076591,1076615)
(1076591,1076622)
(1076591,1076631)
(1076591,1076638)
(1076591,1076646)
(1076591,1076653)
(1076591,1076654)
(1076591,1076664)
(1076591,1076671)
(1076591,1076674)
(1076591,1076684)
(1076591,1076691)
(1076591,1076692)
(1076591,1076698)
(1076591,1076702)
(1076591,1076709)
(1076591,1076714)
(1076591,1076721)
(1076592,1076600)
(1076592,1076606)
(1076592,1076610)
(1076592,1076615)
(1076592,1076622)
(1076592,1076631)
(1076592,1076638)
(1076592,1076646)
(1076592,1076653)
(1076592,1076654)
(1076592,1076664)
(1076592,1076671)
(1076592,1076674)
(1076592,1076684)
(1076592,1076691)
(1076592,1076692)
(1076592,1076698)
(1076592,1076702)
(1076592,1076709)
(1076592,1076714)
(1076592,1076721)
(1076600,1076606)
(1076600,1076610)
(1076600,1076615)
(1076600,1076622)
(1076600,1076631)
(1076600,1076638)
(1076600,1076646)
(1076600,1076653)
(1076600,1076654)
(1076600,1076664)
(1076600,1076671)
(1076600,1076674)
(1076600,1076684)
(1076600,1076691)
(1076600,1076692)
(1076600,1076698)
(1076600,1076702)
(1076600,1076709)
(1076600,1076714)
(1076600,1076721)
(1076606,1076610)
(1076606,1076615)
(1076606,1076622)
(1076606,1076631)
(1076606,1076638)
(1076606,1076646)
(1076606,1076653)
(1076606,1076654)
(1076606,1076664)
(1076606,1076671)
(1076606,1076674)
(1076606,1076684)
(1076606,1076691)
(1076606,1076692)
(1076606,1076698)
(1076606,1076702)
(1076606,1076709)
(1076606,1076714)
(1076606,1076721)
(1076610,1076615)
(1076610,1076622)
(1076610,1076631)
(1076610,1076638)
(1076610,1076646)
(1076610,1076653)
(1076610,1076654)
(1076610,1076664)
(1076610,1076671)
(1076610,1076674)
(1076610,1076684)
(1076610,1076691)
(1076610,1076692)
(1076610,1076698)
(1076610,1076702)
(1076610,1076709)
(1076610,1076714)
(1076610,1076721)
(1076615,1076622)
(1076615,1076631)
(1076615,1076638)
(1076615,1076646)
(1076615,1076653)
(1076615,1076654)
(1076615,1076664)
(1076615,1076671)
(1076615,1076674)
(1076615,1076684)
(1076615,1076691)
(1076615,1076692)
(1076615,1076698)
(1076615,1076702)
(1076615,1076709)
(1076615,1076714)
(1076615,1076721)
(1076622,1076631)
(1076622,1076638)
(1076622,1076646)
(1076622,1076653)
(1076622,1076654)
(1076622,1076664)
(1076622,1076671)
(1076622,1076674)
(1076622,1076684)
(1076622,1076691)
(1076622,1076692)
(1076622,1076698)
(1076622,1076702)
(1076622,1076709)
(1076622,1076714)
(1076622,1076721)
(1076631,1076638)
(1076631,1076646)
(1076631,1076653)
(1076631,1076654)
(1076631,1076664)
(1076631,1076671)
(1076631,1076674)
(1076631,1076684)
(1076631,1076691)
(1076631,1076692)
(1076631,1076698)
(1076631,1076702)
(1076631,1076709)
(1076631,1076714)
(1076631,1076721)
(1076638,1076646)
(1076638,1076653)
(1076638,1076654)
(1076638,1076664)
(1076638,1076671)
(1076638,1076674)
(1076638,1076684)
(1076638,1076691)
(1076638,1076692)
(1076638,1076698)
(1076638,1076702)
(1076638,1076709)
(1076638,1076714)
(1076638,1076721)
(1076646,1076653)
(1076646,1076654)
(1076646,1076664)
(1076646,1076671)
(1076646,1076674)
(1076646,1076684)
(1076646,1076691)
(1076646,1076692)
(1076646,1076698)
(1076646,1076702)
(1076646,1076709)
(1076646,1076714)
(1076646,1076721)
(1076653,1076654)
(1076653,1076664)
(1076653,1076671)
(1076653,1076674)
(1076653,1076684)
(1076653,1076691)
(1076653,1076692)
(1076653,1076698)
(1076653,1076702)
(1076653,1076709)
(1076653,1076714)
(1076653,1076721)
(1076654,1076664)
(1076654,1076671)
(1076654,1076674)
(1076654,1076684)
(1076654,1076691)
(1076654,1076692)
(1076654,1076698)
(1076654,1076702)
(1076654,1076709)
(1076654,1076714)
(1076654,1076721)
(1076664,1076671)
(1076664,1076674)
(1076664,1076684)
(1076664,1076691)
(1076664,1076692)
(1076664,1076698)
(1076664,1076702)
(1076664,1076709)
(1076664,1076714)
(1076664,1076721)
(1076671,1076674)
(1076671,1076684)
(1076671,1076691)
(1076671,1076692)
(1076671,1076698)
(1076671,1076702)
(1076671,1076709)
(1076671,1076714)
(1076671,1076721)
(1076674,1076684)
(1076674,1076691)
(1076674,1076692)
(1076674,1076698)
(1076674,1076702)
(1076674,1076709)
(1076674,1076714)
(1076674,1076721)
(1076684,1076691)
(1076684,1076692)
(1076684,1076698)
(1076684,1076702)
(1076684,1076709)
(1076684,1076714)
(1076684,1076721)
(1076691,1076692)
(1076691,1076698)
(1076691,1076702)
(1076691,1076709)
(1076691,1076714)
(1076691,1076721)
(1076692,1076698)
(1076692,1076702)
(1076692,1076709)
(1076692,1076714)
(1076692,1076721)
(1076698,1076702)
(1076698,1076709)
(1076698,1076714)
(1076698,1076721)
(1076702,1076709)
(1076702,1076714)
(1076702,1076721)
(1076709,1076714)
(1076709,1076721)
(1076714,1076721)
(1076332,1076336)
(1076813,1076816)
(1076813,1076828)
(1076813,1076835)
(1076813,1076844)
(1076816,1076828)
(1076816,1076835)
(1076816,1076844)
(1076828,1076835)
(1076828,1076844)
(1076835,1076844)
(1076847,1076851)
(1076857,1076864)
(1076867,1076873)
(1076917,1076922)
(1076917,1076925)
(1076917,1076930)
(1076917,1076936)
(1076917,1076944)
(1076917,1076950)
(1076917,1076958)
(1076917,1076966)
(1076917,1076973)
(1076922,1076925)
(1076922,1076930)
(1076922,1076936)
(1076922,1076944)
(1076922,1076950)
(1076922,1076958)
(1076922,1076966)
(1076922,1076973)
(1076925,1076930)
(1076925,1076936)
(1076925,1076944)
(1076925,1076950)
(1076925,1076958)
(1076925,1076966)
(1076925,1076973)
(1076930,1076936)
(1076930,1076944)
(1076930,1076950)
(1076930,1076958)
(1076930,1076966)
(1076930,1076973)
(1076936,1076944)
(1076936,1076950)
(1076936,1076958)
(1076936,1076966)
(1076936,1076973)
(1076944,1076950)
(1076944,1076958)
(1076944,1076966)
(1076944,1076973)
(1076950,1076958)
(1076950,1076966)
(1076950,1076973)
(1076958,1076966)
(1076958,1076973)
(1076966,1076973)
(1077006,1077012)
(1077006,1077018)
(1077006,1077024)
(1077012,1077018)
(1077012,1077024)
(1077018,1077024)
(1077038,1077044)
(1077038,1077051)
(1077038,1077058)
(1077038,1077064)
(1077038,1077072)
(1077038,1077076)
(1077038,1077079)
(1077038,1077082)
(1077038,1077092)
(1077038,1077095)
(1077038,1077103)
(1077038,1077106)
(1077038,1077111)
(1077038,1077112)
(1077038,1077119)
(1077038,1077123)
(1077038,1077128)
(1077044,1077051)
(1077044,1077058)
(1077044,1077064)
(1077044,1077072)
(1077044,1077076)
(1077044,1077079)
(1077044,1077082)
(1077044,1077092)
(1077044,1077095)
(1077044,1077103)
(1077044,1077106)
(1077044,1077111)
(1077044,1077112)
(1077044,1077119)
(1077044,1077123)
(1077044,1077128)
(1077051,1077058)
(1077051,1077064)
(1077051,1077072)
(1077051,1077076)
(1077051,1077079)
(1077051,1077082)
(1077051,1077092)
(1077051,1077095)
(1077051,1077103)
(1077051,1077106)
(1077051,1077111)
(1077051,1077112)
(1077051,1077119)
(1077051,1077123)
(1077051,1077128)
(1077058,1077064)
(1077058,1077072)
(1077058,1077076)
(1077058,1077079)
(1077058,1077082)
(1077058,1077092)
(1077058,1077095)
(1077058,1077103)
(1077058,1077106)
(1077058,1077111)
(1077058,1077112)
(1077058,1077119)
(1077058,1077123)
(1077058,1077128)
(1077064,1077072)
(1077064,1077076)
(1077064,1077079)
(1077064,1077082)
(1077064,1077092)
(1077064,1077095)
(1077064,1077103)
(1077064,1077106)
(1077064,1077111)
(1077064,1077112)
(1077064,1077119)
(1077064,1077123)
(1077064,1077128)
(1077072,1077076)
(1077072,1077079)
(1077072,1077082)
(1077072,1077092)
(1077072,1077095)
(1077072,1077103)
(1077072,1077106)
(1077072,1077111)
(1077072,1077112)
(1077072,1077119)
(1077072,1077123)
(1077072,1077128)
(1077076,1077079)
(1077076,1077082)
(1077076,1077092)
(1077076,1077095)
(1077076,1077103)
(1077076,1077106)
(1077076,1077111)
(1077076,1077112)
(1077076,1077119)
(1077076,1077123)
(1077076,1077128)
(1077079,1077082)
(1077079,1077092)
(1077079,1077095)
(1077079,1077103)
(1077079,1077106)
(1077079,1077111)
(1077079,1077112)
(1077079,1077119)
(1077079,1077123)
(1077079,1077128)
(1077082,1077092)
(1077082,1077095)
(1077082,1077103)
(1077082,1077106)
(1077082,1077111)
(1077082,1077112)
(1077082,1077119)
(1077082,1077123)
(1077082,1077128)
(1077092,1077095)
(1077092,1077103)
(1077092,1077106)
(1077092,1077111)
(1077092,1077112)
(1077092,1077119)
(1077092,1077123)
(1077092,1077128)
(1077095,1077103)
(1077095,1077106)
(1077095,1077111)
(1077095,1077112)
(1077095,1077119)
(1077095,1077123)
(1077095,1077128)
(1077103,1077106)
(1077103,1077111)
(1077103,1077112)
(1077103,1077119)
(1077103,1077123)
(1077103,1077128)
(1077106,1077111)
(1077106,1077112)
(1077106,1077119)
(1077106,1077123)
(1077106,1077128)
(1077111,1077112)
(1077111,1077119)
(1077111,1077123)
(1077111,1077128)
(1077112,1077119)
(1077112,1077123)
(1077112,1077128)
(1077119,1077123)
(1077119,1077128)
(1077123,1077128)
(1077133,1077142)
(1077133,1077148)
(1077133,1077163)
(1077142,1077148)
(1077142,1077163)
(1077148,1077163)
(1077168,1077175)
(1077168,1077177)
(1077168,1077183)
(1077168,1077187)
(1077175,1077177)
(1077175,1077183)
(1077175,1077187)
(1077177,1077183)
(1077177,1077187)
(1077183,1077187)
(1077193,1077198)
(1077210,1077213)
(1077210,1077226)
(1077213,1077226)
(1077258,1077267)
(1077278,1077281)
(1077284,1077294)
(1077299,1077302)
(1077304,1077309)
(1077304,1077315)
(1077309,1077315)
(1077336,1077338)
(1077336,1077341)
(1077338,1077341)
(1077359,1077365)
(1077383,1077391)
