(38982,38991)
(38982,39007)
(38982,39014)
(38982,1032988)
(38991,39007)
(38991,39014)
(38991,1032988)
(39007,39014)
(39007,1032988)
(39014,1032988)
(39209,39262)
(39209,39268)
(39209,1033107)
(39209,1033114)
(39209,1033121)
(39209,1033129)
(39262,39268)
(39262,1033107)
(39262,1033114)
(39262,1033121)
(39262,1033129)
(39268,1033107)
(39268,1033114)
(39268,1033121)
(39268,1033129)
(1033107,1033114)
(1033107,1033121)
(1033107,1033129)
(1033114,1033121)
(1033114,1033129)
(1033121,1033129)
(72626,1032157)
(72626,1032159)
(72626,1032161)
(72626,1032163)
(72626,1032168)
(72626,1032170)
(72626,1032178)
(72626,1032186)
(72626,1032192)
(72626,1032194)
(72626,1032196)
(72626,1032200)
(72626,1032206)
(72626,1032215)
(72626,1032222)
(72626,1032228)
(72626,1032237)
(72626,1032240)
(72626,1032243)
(72626,1032248)
(72626,1032253)
(72626,1032261)
(72626,1032265)
(72626,1032270)
(1032157,1032159)
(1032157,1032161)
(1032157,1032163)
(1032157,1032168)
(1032157,1032170)
(1032157,1032178)
(1032157,1032186)
(1032157,1032192)
(1032157,1032194)
(1032157,1032196)
(1032157,1032200)
(1032157,1032206)
(1032157,1032215)
(1032157,1032222)
(1032157,1032228)
(1032157,1032237)
(1032157,1032240)
(1032157,1032243)
(1032157,1032248)
(1032157,1032253)
(1032157,1032261)
(1032157,1032265)
(1032157,1032270)
(1032159,1032161)
(1032159,1032163)
(1032159,1032168)
(1032159,1032170)
(1032159,1032178)
(1032159,1032186)
(1032159,1032192)
(1032159,1032194)
(1032159,1032196)
(1032159,1032200)
(1032159,1032206)
(1032159,1032215)
(1032159,1032222)
(1032159,1032228)
(1032159,1032237)
(1032159,1032240)
(1032159,1032243)
(1032159,1032248)
(1032159,1032253)
(1032159,1032261)
(1032159,1032265)
(1032159,1032270)
(1032161,1032163)
(1032161,1032168)
(1032161,1032170)
(1032161,1032178)
(1032161,1032186)
(1032161,1032192)
(1032161,1032194)
(1032161,1032196)
(1032161,1032200)
(1032161,1032206)
(1032161,1032215)
(1032161,1032222)
(1032161,1032228)
(1032161,1032237)
(1032161,1032240)
(1032161,1032243)
(1032161,1032248)
(1032161,1032253)
(1032161,1032261)
(1032161,1032265)
(1032161,1032270)
(1032163,1032168)
(1032163,1032170)
(1032163,1032178)
(1032163,1032186)
(1032163,1032192)
(1032163,1032194)
(1032163,1032196)
(1032163,1032200)
(1032163,1032206)
(1032163,1032215)
(1032163,1032222)
(1032163,1032228)
(1032163,1032237)
(1032163,1032240)
(1032163,1032243)
(1032163,1032248)
(1032163,1032253)
(1032163,1032261)
(1032163,1032265)
(1032163,1032270)
(1032168,1032170)
(1032168,1032178)
(1032168,1032186)
(1032168,1032192)
(1032168,1032194)
(1032168,1032196)
(1032168,1032200)
(1032168,1032206)
(1032168,1032215)
(1032168,1032222)
(1032168,1032228)
(1032168,1032237)
(1032168,1032240)
(1032168,1032243)
(1032168,1032248)
(1032168,1032253)
(1032168,1032261)
(1032168,1032265)
(1032168,1032270)
(1032170,1032178)
(1032170,1032186)
(1032170,1032192)
(1032170,1032194)
(1032170,1032196)
(1032170,1032200)
(1032170,1032206)
(1032170,1032215)
(1032170,1032222)
(1032170,1032228)
(1032170,1032237)
(1032170,1032240)
(1032170,1032243)
(1032170,1032248)
(1032170,1032253)
(1032170,1032261)
(1032170,1032265)
(1032170,1032270)
(1032178,1032186)
(1032178,1032192)
(1032178,1032194)
(1032178,1032196)
(1032178,1032200)
(1032178,1032206)
(1032178,1032215)
(1032178,1032222)
(1032178,1032228)
(1032178,1032237)
(1032178,1032240)
(1032178,1032243)
(1032178,1032248)
(1032178,1032253)
(1032178,1032261)
(1032178,1032265)
(1032178,1032270)
(1032186,1032192)
(1032186,1032194)
(1032186,1032196)
(1032186,1032200)
(1032186,1032206)
(1032186,1032215)
(1032186,1032222)
(1032186,1032228)
(1032186,1032237)
(1032186,1032240)
(1032186,1032243)
(1032186,1032248)
(1032186,1032253)
(1032186,1032261)
(1032186,1032265)
(1032186,1032270)
(1032192,1032194)
(1032192,1032196)
(1032192,1032200)
(1032192,1032206)
(1032192,1032215)
(1032192,1032222)
(1032192,1032228)
(1032192,1032237)
(1032192,1032240)
(1032192,1032243)
(1032192,1032248)
(1032192,1032253)
(1032192,1032261)
(1032192,1032265)
(1032192,1032270)
(1032194,1032196)
(1032194,1032200)
(1032194,1032206)
(1032194,1032215)
(1032194,1032222)
(1032194,1032228)
(1032194,1032237)
(1032194,1032240)
(1032194,1032243)
(1032194,1032248)
(1032194,1032253)
(1032194,1032261)
(1032194,1032265)
(1032194,1032270)
(1032196,1032200)
(1032196,1032206)
(1032196,1032215)
(1032196,1032222)
(1032196,1032228)
(1032196,1032237)
(1032196,1032240)
(1032196,1032243)
(1032196,1032248)
(1032196,1032253)
(1032196,1032261)
(1032196,1032265)
(1032196,1032270)
(1032200,1032206)
(1032200,1032215)
(1032200,1032222)
(1032200,1032228)
(1032200,1032237)
(1032200,1032240)
(1032200,1032243)
(1032200,1032248)
(1032200,1032253)
(1032200,1032261)
(1032200,1032265)
(1032200,1032270)
(1032206,1032215)
(1032206,1032222)
(1032206,1032228)
(1032206,1032237)
(1032206,1032240)
(1032206,1032243)
(1032206,1032248)
(1032206,1032253)
(1032206,1032261)
(1032206,1032265)
(1032206,1032270)
(1032215,1032222)
(1032215,1032228)
(1032215,1032237)
(1032215,1032240)
(1032215,1032243)
(1032215,1032248)
(1032215,1032253)
(1032215,1032261)
(1032215,1032265)
(1032215,1032270)
(1032222,1032228)
(1032222,1032237)
(1032222,1032240)
(1032222,1032243)
(1032222,1032248)
(1032222,1032253)
(1032222,1032261)
(1032222,1032265)
(1032222,1032270)
(1032228,1032237)
(1032228,1032240)
(1032228,1032243)
(1032228,1032248)
(1032228,1032253)
(1032228,1032261)
(1032228,1032265)
(1032228,1032270)
(1032237,1032240)
(1032237,1032243)
(1032237,1032248)
(1032237,1032253)
(1032237,1032261)
(1032237,1032265)
(1032237,1032270)
(1032240,1032243)
(1032240,1032248)
(1032240,1032253)
(1032240,1032261)
(1032240,1032265)
(1032240,1032270)
(1032243,1032248)
(1032243,1032253)
(1032243,1032261)
(1032243,1032265)
(1032243,1032270)
(1032248,1032253)
(1032248,1032261)
(1032248,1032265)
(1032248,1032270)
(1032253,1032261)
(1032253,1032265)
(1032253,1032270)
(1032261,1032265)
(1032261,1032270)
(1032265,1032270)
(84956,1033054)
(241031,1032955)
(241031,1032962)
(1032955,1032962)
(466553,466565)
(466553,1032815)
(466553,1032820)
(466553,1032831)
(466565,1032815)
(466565,1032820)
(466565,1032831)
(1032815,1032820)
(1032815,1032831)
(1032820,1032831)
(754292,754304)
(754292,1031814)
(754292,1031817)
(754292,1031822)
(754292,1031829)
(754292,1031834)
(754292,1031840)
(754292,1031845)
(754292,1031848)
(754292,1031854)
(754292,1031859)
(754292,1031868)
(754292,1031873)
(754292,1031881)
(754304,1031814)
(754304,1031817)
(754304,1031822)
(754304,1031829)
(754304,1031834)
(754304,1031840)
(754304,1031845)
(754304,1031848)
(754304,1031854)
(754304,1031859)
(754304,1031868)
(754304,1031873)
(754304,1031881)
(1031814,1031817)
(1031814,1031822)
(1031814,1031829)
(1031814,1031834)
(1031814,1031840)
(1031814,1031845)
(1031814,1031848)
(1031814,1031854)
(1031814,1031859)
(1031814,1031868)
(1031814,1031873)
(1031814,1031881)
(1031817,1031822)
(1031817,1031829)
(1031817,1031834)
(1031817,1031840)
(1031817,1031845)
(1031817,1031848)
(1031817,1031854)
(1031817,1031859)
(1031817,1031868)
(1031817,1031873)
(1031817,1031881)
(1031822,1031829)
(1031822,1031834)
(1031822,1031840)
(1031822,1031845)
(1031822,1031848)
(1031822,1031854)
(1031822,1031859)
(1031822,1031868)
(1031822,1031873)
(1031822,1031881)
(1031829,1031834)
(1031829,1031840)
(1031829,1031845)
(1031829,1031848)
(1031829,1031854)
(1031829,1031859)
(1031829,1031868)
(1031829,1031873)
(1031829,1031881)
(1031834,1031840)
(1031834,1031845)
(1031834,1031848)
(1031834,1031854)
(1031834,1031859)
(1031834,1031868)
(1031834,1031873)
(1031834,1031881)
(1031840,1031845)
(1031840,1031848)
(1031840,1031854)
(1031840,1031859)
(1031840,1031868)
(1031840,1031873)
(1031840,1031881)
(1031845,1031848)
(1031845,1031854)
(1031845,1031859)
(1031845,1031868)
(1031845,1031873)
(1031845,1031881)
(1031848,1031854)
(1031848,1031859)
(1031848,1031868)
(1031848,1031873)
(1031848,1031881)
(1031854,1031859)
(1031854,1031868)
(1031854,1031873)
(1031854,1031881)
(1031859,1031868)
(1031859,1031873)
(1031859,1031881)
(1031868,1031873)
(1031868,1031881)
(1031873,1031881)
(817412,817431)
(817412,817485)
(817412,817577)
(817412,817687)
(817412,1032320)
(817412,1032332)
(817412,1032341)
(817412,1032346)
(817412,1032350)
(817412,1032356)
(817412,1032362)
(817412,1032371)
(817412,1032375)
(817412,1032384)
(817412,1032388)
(817412,1032402)
(817412,1032407)
(817412,1032412)
(817412,1032418)
(817412,1032425)
(817412,1032427)
(817412,1032438)
(817412,1032440)
(817412,1032450)
(817412,1032463)
(817412,1032473)
(817412,1032479)
(817412,1032489)
(817412,1032491)
(817412,1032506)
(817412,1032517)
(817431,817485)
(817431,817577)
(817431,817687)
(817431,1032320)
(817431,1032332)
(817431,1032341)
(817431,1032346)
(817431,1032350)
(817431,1032356)
(817431,1032362)
(817431,1032371)
(817431,1032375)
(817431,1032384)
(817431,1032388)
(817431,1032402)
(817431,1032407)
(817431,1032412)
(817431,1032418)
(817431,1032425)
(817431,1032427)
(817431,1032438)
(817431,1032440)
(817431,1032450)
(817431,1032463)
(817431,1032473)
(817431,1032479)
(817431,1032489)
(817431,1032491)
(817431,1032506)
(817431,1032517)
(817485,817577)
(817485,817687)
(817485,1032320)
(817485,1032332)
(817485,1032341)
(817485,1032346)
(817485,1032350)
(817485,1032356)
(817485,1032362)
(817485,1032371)
(817485,1032375)
(817485,1032384)
(817485,1032388)
(817485,1032402)
(817485,1032407)
(817485,1032412)
(817485,1032418)
(817485,1032425)
(817485,1032427)
(817485,1032438)
(817485,1032440)
(817485,1032450)
(817485,1032463)
(817485,1032473)
(817485,1032479)
(817485,1032489)
(817485,1032491)
(817485,1032506)
(817485,1032517)
(817577,817687)
(817577,1032320)
(817577,1032332)
(817577,1032341)
(817577,1032346)
(817577,1032350)
(817577,1032356)
(817577,1032362)
(817577,1032371)
(817577,1032375)
(817577,1032384)
(817577,1032388)
(817577,1032402)
(817577,1032407)
(817577,1032412)
(817577,1032418)
(817577,1032425)
(817577,1032427)
(817577,1032438)
(817577,1032440)
(817577,1032450)
(817577,1032463)
(817577,1032473)
(817577,1032479)
(817577,1032489)
(817577,1032491)
(817577,1032506)
(817577,1032517)
(817687,1032320)
(817687,1032332)
(817687,1032341)
(817687,1032346)
(817687,1032350)
(817687,1032356)
(817687,1032362)
(817687,1032371)
(817687,1032375)
(817687,1032384)
(817687,1032388)
(817687,1032402)
(817687,1032407)
(817687,1032412)
(817687,1032418)
(817687,1032425)
(817687,1032427)
(817687,1032438)
(817687,1032440)
(817687,1032450)
(817687,1032463)
(817687,1032473)
(817687,1032479)
(817687,1032489)
(817687,1032491)
(817687,1032506)
(817687,1032517)
(1032320,1032332)
(1032320,1032341)
(1032320,1032346)
(1032320,1032350)
(1032320,1032356)
(1032320,1032362)
(1032320,1032371)
(1032320,1032375)
(1032320,1032384)
(1032320,1032388)
(1032320,1032402)
(1032320,1032407)
(1032320,1032412)
(1032320,1032418)
(1032320,1032425)
(1032320,1032427)
(1032320,1032438)
(1032320,1032440)
(1032320,1032450)
(1032320,1032463)
(1032320,1032473)
(1032320,1032479)
(1032320,1032489)
(1032320,1032491)
(1032320,1032506)
(1032320,1032517)
(1032332,1032341)
(1032332,1032346)
(1032332,1032350)
(1032332,1032356)
(1032332,1032362)
(1032332,1032371)
(1032332,1032375)
(1032332,1032384)
(1032332,1032388)
(1032332,1032402)
(1032332,1032407)
(1032332,1032412)
(1032332,1032418)
(1032332,1032425)
(1032332,1032427)
(1032332,1032438)
(1032332,1032440)
(1032332,1032450)
(1032332,1032463)
(1032332,1032473)
(1032332,1032479)
(1032332,1032489)
(1032332,1032491)
(1032332,1032506)
(1032332,1032517)
(1032341,1032346)
(1032341,1032350)
(1032341,1032356)
(1032341,1032362)
(1032341,1032371)
(1032341,1032375)
(1032341,1032384)
(1032341,1032388)
(1032341,1032402)
(1032341,1032407)
(1032341,1032412)
(1032341,1032418)
(1032341,1032425)
(1032341,1032427)
(1032341,1032438)
(1032341,1032440)
(1032341,1032450)
(1032341,1032463)
(1032341,1032473)
(1032341,1032479)
(1032341,1032489)
(1032341,1032491)
(1032341,1032506)
(1032341,1032517)
(1032346,1032350)
(1032346,1032356)
(1032346,1032362)
(1032346,1032371)
(1032346,1032375)
(1032346,1032384)
(1032346,1032388)
(1032346,1032402)
(1032346,1032407)
(1032346,1032412)
(1032346,1032418)
(1032346,1032425)
(1032346,1032427)
(1032346,1032438)
(1032346,1032440)
(1032346,1032450)
(1032346,1032463)
(1032346,1032473)
(1032346,1032479)
(1032346,1032489)
(1032346,1032491)
(1032346,1032506)
(1032346,1032517)
(1032350,1032356)
(1032350,1032362)
(1032350,1032371)
(1032350,1032375)
(1032350,1032384)
(1032350,1032388)
(1032350,1032402)
(1032350,1032407)
(1032350,1032412)
(1032350,1032418)
(1032350,1032425)
(1032350,1032427)
(1032350,1032438)
(1032350,1032440)
(1032350,1032450)
(1032350,1032463)
(1032350,1032473)
(1032350,1032479)
(1032350,1032489)
(1032350,1032491)
(1032350,1032506)
(1032350,1032517)
(1032356,1032362)
(1032356,1032371)
(1032356,1032375)
(1032356,1032384)
(1032356,1032388)
(1032356,1032402)
(1032356,1032407)
(1032356,1032412)
(1032356,1032418)
(1032356,1032425)
(1032356,1032427)
(1032356,1032438)
(1032356,1032440)
(1032356,1032450)
(1032356,1032463)
(1032356,1032473)
(1032356,1032479)
(1032356,1032489)
(1032356,1032491)
(1032356,1032506)
(1032356,1032517)
(1032362,1032371)
(1032362,1032375)
(1032362,1032384)
(1032362,1032388)
(1032362,1032402)
(1032362,1032407)
(1032362,1032412)
(1032362,1032418)
(1032362,1032425)
(1032362,1032427)
(1032362,1032438)
(1032362,1032440)
(1032362,1032450)
(1032362,1032463)
(1032362,1032473)
(1032362,1032479)
(1032362,1032489)
(1032362,1032491)
(1032362,1032506)
(1032362,1032517)
(1032371,1032375)
(1032371,1032384)
(1032371,1032388)
(1032371,1032402)
(1032371,1032407)
(1032371,1032412)
(1032371,1032418)
(1032371,1032425)
(1032371,1032427)
(1032371,1032438)
(1032371,1032440)
(1032371,1032450)
(1032371,1032463)
(1032371,1032473)
(1032371,1032479)
(1032371,1032489)
(1032371,1032491)
(1032371,1032506)
(1032371,1032517)
(1032375,1032384)
(1032375,1032388)
(1032375,1032402)
(1032375,1032407)
(1032375,1032412)
(1032375,1032418)
(1032375,1032425)
(1032375,1032427)
(1032375,1032438)
(1032375,1032440)
(1032375,1032450)
(1032375,1032463)
(1032375,1032473)
(1032375,1032479)
(1032375,1032489)
(1032375,1032491)
(1032375,1032506)
(1032375,1032517)
(1032384,1032388)
(1032384,1032402)
(1032384,1032407)
(1032384,1032412)
(1032384,1032418)
(1032384,1032425)
(1032384,1032427)
(1032384,1032438)
(1032384,1032440)
(1032384,1032450)
(1032384,1032463)
(1032384,1032473)
(1032384,1032479)
(1032384,1032489)
(1032384,1032491)
(1032384,1032506)
(1032384,1032517)
(1032388,1032402)
(1032388,1032407)
(1032388,1032412)
(1032388,1032418)
(1032388,1032425)
(1032388,1032427)
(1032388,1032438)
(1032388,1032440)
(1032388,1032450)
(1032388,1032463)
(1032388,1032473)
(1032388,1032479)
(1032388,1032489)
(1032388,1032491)
(1032388,1032506)
(1032388,1032517)
(1032402,1032407)
(1032402,1032412)
(1032402,1032418)
(1032402,1032425)
(1032402,1032427)
(1032402,1032438)
(1032402,1032440)
(1032402,1032450)
(1032402,1032463)
(1032402,1032473)
(1032402,1032479)
(1032402,1032489)
(1032402,1032491)
(1032402,1032506)
(1032402,1032517)
(1032407,1032412)
(1032407,1032418)
(1032407,1032425)
(1032407,1032427)
(1032407,1032438)
(1032407,1032440)
(1032407,1032450)
(1032407,1032463)
(1032407,1032473)
(1032407,1032479)
(1032407,1032489)
(1032407,1032491)
(1032407,1032506)
(1032407,1032517)
(1032412,1032418)
(1032412,1032425)
(1032412,1032427)
(1032412,1032438)
(1032412,1032440)
(1032412,1032450)
(1032412,1032463)
(1032412,1032473)
(1032412,1032479)
(1032412,1032489)
(1032412,1032491)
(1032412,1032506)
(1032412,1032517)
(1032418,1032425)
(1032418,1032427)
(1032418,1032438)
(1032418,1032440)
(1032418,1032450)
(1032418,1032463)
(1032418,1032473)
(1032418,1032479)
(1032418,1032489)
(1032418,1032491)
(1032418,1032506)
(1032418,1032517)
(1032425,1032427)
(1032425,1032438)
(1032425,1032440)
(1032425,1032450)
(1032425,1032463)
(1032425,1032473)
(1032425,1032479)
(1032425,1032489)
(1032425,1032491)
(1032425,1032506)
(1032425,1032517)
(1032427,1032438)
(1032427,1032440)
(1032427,1032450)
(1032427,1032463)
(1032427,1032473)
(1032427,1032479)
(1032427,1032489)
(1032427,1032491)
(1032427,1032506)
(1032427,1032517)
(1032438,1032440)
(1032438,1032450)
(1032438,1032463)
(1032438,1032473)
(1032438,1032479)
(1032438,1032489)
(1032438,1032491)
(1032438,1032506)
(1032438,1032517)
(1032440,1032450)
(1032440,1032463)
(1032440,1032473)
(1032440,1032479)
(1032440,1032489)
(1032440,1032491)
(1032440,1032506)
(1032440,1032517)
(1032450,1032463)
(1032450,1032473)
(1032450,1032479)
(1032450,1032489)
(1032450,1032491)
(1032450,1032506)
(1032450,1032517)
(1032463,1032473)
(1032463,1032479)
(1032463,1032489)
(1032463,1032491)
(1032463,1032506)
(1032463,1032517)
(1032473,1032479)
(1032473,1032489)
(1032473,1032491)
(1032473,1032506)
(1032473,1032517)
(1032479,1032489)
(1032479,1032491)
(1032479,1032506)
(1032479,1032517)
(1032489,1032491)
(1032489,1032506)
(1032489,1032517)
(1032491,1032506)
(1032491,1032517)
(1032506,1032517)
(1031887,1031893)
(1031887,1031896)
(1031887,1031900)
(1031887,1031906)
(1031887,1031911)
(1031887,1031915)
(1031887,1031918)
(1031887,1031922)
(1031887,1031926)
(1031887,1031927)
(1031887,1031928)
(1031887,1031930)
(1031887,1031935)
(1031887,1031939)
(1031887,1031940)
(1031887,1031948)
(1031887,1031956)
(1031893,1031896)
(1031893,1031900)
(1031893,1031906)
(1031893,1031911)
(1031893,1031915)
(1031893,1031918)
(1031893,1031922)
(1031893,1031926)
(1031893,1031927)
(1031893,1031928)
(1031893,1031930)
(1031893,1031935)
(1031893,1031939)
(1031893,1031940)
(1031893,1031948)
(1031893,1031956)
(1031896,1031900)
(1031896,1031906)
(1031896,1031911)
(1031896,1031915)
(1031896,1031918)
(1031896,1031922)
(1031896,1031926)
(1031896,1031927)
(1031896,1031928)
(1031896,1031930)
(1031896,1031935)
(1031896,1031939)
(1031896,1031940)
(1031896,1031948)
(1031896,1031956)
(1031900,1031906)
(1031900,1031911)
(1031900,1031915)
(1031900,1031918)
(1031900,1031922)
(1031900,1031926)
(1031900,1031927)
(1031900,1031928)
(1031900,1031930)
(1031900,1031935)
(1031900,1031939)
(1031900,1031940)
(1031900,1031948)
(1031900,1031956)
(1031906,1031911)
(1031906,1031915)
(1031906,1031918)
(1031906,1031922)
(1031906,1031926)
(1031906,1031927)
(1031906,1031928)
(1031906,1031930)
(1031906,1031935)
(1031906,1031939)
(1031906,1031940)
(1031906,1031948)
(1031906,1031956)
(1031911,1031915)
(1031911,1031918)
(1031911,1031922)
(1031911,1031926)
(1031911,1031927)
(1031911,1031928)
(1031911,1031930)
(1031911,1031935)
(1031911,1031939)
(1031911,1031940)
(1031911,1031948)
(1031911,1031956)
(1031915,1031918)
(1031915,1031922)
(1031915,1031926)
(1031915,1031927)
(1031915,1031928)
(1031915,1031930)
(1031915,1031935)
(1031915,1031939)
(1031915,1031940)
(1031915,1031948)
(1031915,1031956)
(1031918,1031922)
(1031918,1031926)
(1031918,1031927)
(1031918,1031928)
(1031918,1031930)
(1031918,1031935)
(1031918,1031939)
(1031918,1031940)
(1031918,1031948)
(1031918,1031956)
(1031922,1031926)
(1031922,1031927)
(1031922,1031928)
(1031922,1031930)
(1031922,1031935)
(1031922,1031939)
(1031922,1031940)
(1031922,1031948)
(1031922,1031956)
(1031926,1031927)
(1031926,1031928)
(1031926,1031930)
(1031926,1031935)
(1031926,1031939)
(1031926,1031940)
(1031926,1031948)
(1031926,1031956)
(1031927,1031928)
(1031927,1031930)
(1031927,1031935)
(1031927,1031939)
(1031927,1031940)
(1031927,1031948)
(1031927,1031956)
(1031928,1031930)
(1031928,1031935)
(1031928,1031939)
(1031928,1031940)
(1031928,1031948)
(1031928,1031956)
(1031930,1031935)
(1031930,1031939)
(1031930,1031940)
(1031930,1031948)
(1031930,1031956)
(1031935,1031939)
(1031935,1031940)
(1031935,1031948)
(1031935,1031956)
(1031939,1031940)
(1031939,1031948)
(1031939,1031956)
(1031940,1031948)
(1031940,1031956)
(1031948,1031956)
(1031958,1031962)
(1031958,1031965)
(1031958,1031969)
(1031958,1031972)
(1031958,1031974)
(1031958,1031978)
(1031958,1031980)
(1031958,1031984)
(1031958,1031988)
(1031958,1031992)
(1031958,1031994)
(1031958,1032000)
(1031958,1032007)
(1031958,1032012)
(1031958,1032015)
(1031958,1032023)
(1031958,1032025)
(1031958,1032029)
(1031958,1032033)
(1031962,1031965)
(1031962,1031969)
(1031962,1031972)
(1031962,1031974)
(1031962,1031978)
(1031962,1031980)
(1031962,1031984)
(1031962,1031988)
(1031962,1031992)
(1031962,1031994)
(1031962,1032000)
(1031962,1032007)
(1031962,1032012)
(1031962,1032015)
(1031962,1032023)
(1031962,1032025)
(1031962,1032029)
(1031962,1032033)
(1031965,1031969)
(1031965,1031972)
(1031965,1031974)
(1031965,1031978)
(1031965,1031980)
(1031965,1031984)
(1031965,1031988)
(1031965,1031992)
(1031965,1031994)
(1031965,1032000)
(1031965,1032007)
(1031965,1032012)
(1031965,1032015)
(1031965,1032023)
(1031965,1032025)
(1031965,1032029)
(1031965,1032033)
(1031969,1031972)
(1031969,1031974)
(1031969,1031978)
(1031969,1031980)
(1031969,1031984)
(1031969,1031988)
(1031969,1031992)
(1031969,1031994)
(1031969,1032000)
(1031969,1032007)
(1031969,1032012)
(1031969,1032015)
(1031969,1032023)
(1031969,1032025)
(1031969,1032029)
(1031969,1032033)
(1031972,1031974)
(1031972,1031978)
(1031972,1031980)
(1031972,1031984)
(1031972,1031988)
(1031972,1031992)
(1031972,1031994)
(1031972,1032000)
(1031972,1032007)
(1031972,1032012)
(1031972,1032015)
(1031972,1032023)
(1031972,1032025)
(1031972,1032029)
(1031972,1032033)
(1031974,1031978)
(1031974,1031980)
(1031974,1031984)
(1031974,1031988)
(1031974,1031992)
(1031974,1031994)
(1031974,1032000)
(1031974,1032007)
(1031974,1032012)
(1031974,1032015)
(1031974,1032023)
(1031974,1032025)
(1031974,1032029)
(1031974,1032033)
(1031978,1031980)
(1031978,1031984)
(1031978,1031988)
(1031978,1031992)
(1031978,1031994)
(1031978,1032000)
(1031978,1032007)
(1031978,1032012)
(1031978,1032015)
(1031978,1032023)
(1031978,1032025)
(1031978,1032029)
(1031978,1032033)
(1031980,1031984)
(1031980,1031988)
(1031980,1031992)
(1031980,1031994)
(1031980,1032000)
(1031980,1032007)
(1031980,1032012)
(1031980,1032015)
(1031980,1032023)
(1031980,1032025)
(1031980,1032029)
(1031980,1032033)
(1031984,1031988)
(1031984,1031992)
(1031984,1031994)
(1031984,1032000)
(1031984,1032007)
(1031984,1032012)
(1031984,1032015)
(1031984,1032023)
(1031984,1032025)
(1031984,1032029)
(1031984,1032033)
(1031988,1031992)
(1031988,1031994)
(1031988,1032000)
(1031988,1032007)
(1031988,1032012)
(1031988,1032015)
(1031988,1032023)
(1031988,1032025)
(1031988,1032029)
(1031988,1032033)
(1031992,1031994)
(1031992,1032000)
(1031992,1032007)
(1031992,1032012)
(1031992,1032015)
(1031992,1032023)
(1031992,1032025)
(1031992,1032029)
(1031992,1032033)
(1031994,1032000)
(1031994,1032007)
(1031994,1032012)
(1031994,1032015)
(1031994,1032023)
(1031994,1032025)
(1031994,1032029)
(1031994,1032033)
(1032000,1032007)
(1032000,1032012)
(1032000,1032015)
(1032000,1032023)
(1032000,1032025)
(1032000,1032029)
(1032000,1032033)
(1032007,1032012)
(1032007,1032015)
(1032007,1032023)
(1032007,1032025)
(1032007,1032029)
(1032007,1032033)
(1032012,1032015)
(1032012,1032023)
(1032012,1032025)
(1032012,1032029)
(1032012,1032033)
(1032015,1032023)
(1032015,1032025)
(1032015,1032029)
(1032015,1032033)
(1032023,1032025)
(1032023,1032029)
(1032023,1032033)
(1032025,1032029)
(1032025,1032033)
(1032029,1032033)
(1032037,1032050)
(1032037,1032053)
(1032037,1032063)
(1032037,1032081)
(1032037,1032088)
(1032037,1032089)
(1032037,1032096)
(1032037,1032102)
(1032037,1032106)
(1032037,1032112)
(1032037,1032117)
(1032037,1032129)
(1032037,1032133)
(1032037,1032137)
(1032050,1032053)
(1032050,1032063)
(1032050,1032081)
(1032050,1032088)
(1032050,1032089)
(1032050,1032096)
(1032050,1032102)
(1032050,1032106)
(1032050,1032112)
(1032050,1032117)
(1032050,1032129)
(1032050,1032133)
(1032050,1032137)
(1032053,1032063)
(1032053,1032081)
(1032053,1032088)
(1032053,1032089)
(1032053,1032096)
(1032053,1032102)
(1032053,1032106)
(1032053,1032112)
(1032053,1032117)
(1032053,1032129)
(1032053,1032133)
(1032053,1032137)
(1032063,1032081)
(1032063,1032088)
(1032063,1032089)
(1032063,1032096)
(1032063,1032102)
(1032063,1032106)
(1032063,1032112)
(1032063,1032117)
(1032063,1032129)
(1032063,1032133)
(1032063,1032137)
(1032081,1032088)
(1032081,1032089)
(1032081,1032096)
(1032081,1032102)
(1032081,1032106)
(1032081,1032112)
(1032081,1032117)
(1032081,1032129)
(1032081,1032133)
(1032081,1032137)
(1032088,1032089)
(1032088,1032096)
(1032088,1032102)
(1032088,1032106)
(1032088,1032112)
(1032088,1032117)
(1032088,1032129)
(1032088,1032133)
(1032088,1032137)
(1032089,1032096)
(1032089,1032102)
(1032089,1032106)
(1032089,1032112)
(1032089,1032117)
(1032089,1032129)
(1032089,1032133)
(1032089,1032137)
(1032096,1032102)
(1032096,1032106)
(1032096,1032112)
(1032096,1032117)
(1032096,1032129)
(1032096,1032133)
(1032096,1032137)
(1032102,1032106)
(1032102,1032112)
(1032102,1032117)
(1032102,1032129)
(1032102,1032133)
(1032102,1032137)
(1032106,1032112)
(1032106,1032117)
(1032106,1032129)
(1032106,1032133)
(1032106,1032137)
(1032112,1032117)
(1032112,1032129)
(1032112,1032133)
(1032112,1032137)
(1032117,1032129)
(1032117,1032133)
(1032117,1032137)
(1032129,1032133)
(1032129,1032137)
(1032133,1032137)
(1032150,1032154)
(1032274,1032277)
(1032287,1032294)
(1032522,1032528)
(1032522,1032532)
(1032522,1032535)
(1032522,1032543)
(1032522,1032547)
(1032522,1032550)
(1032522,1032558)
(1032522,1032564)
(1032522,1032567)
(1032522,1032578)
(1032522,1032584)
(1032522,1032585)
(1032522,1032591)
(1032522,1032598)
(1032522,1032605)
(1032528,1032532)
(1032528,1032535)
(1032528,1032543)
(1032528,1032547)
(1032528,1032550)
(1032528,1032558)
(1032528,1032564)
(1032528,1032567)
(1032528,1032578)
(1032528,1032584)
(1032528,1032585)
(1032528,1032591)
(1032528,1032598)
(1032528,1032605)
(1032532,1032535)
(1032532,1032543)
(1032532,1032547)
(1032532,1032550)
(1032532,1032558)
(1032532,1032564)
(1032532,1032567)
(1032532,1032578)
(1032532,1032584)
(1032532,1032585)
(1032532,1032591)
(1032532,1032598)
(1032532,1032605)
(1032535,1032543)
(1032535,1032547)
(1032535,1032550)
(1032535,1032558)
(1032535,1032564)
(1032535,1032567)
(1032535,1032578)
(1032535,1032584)
(1032535,1032585)
(1032535,1032591)
(1032535,1032598)
(1032535,1032605)
(1032543,1032547)
(1032543,1032550)
(1032543,1032558)
(1032543,1032564)
(1032543,1032567)
(1032543,1032578)
(1032543,1032584)
(1032543,1032585)
(1032543,1032591)
(1032543,1032598)
(1032543,1032605)
(1032547,1032550)
(1032547,1032558)
(1032547,1032564)
(1032547,1032567)
(1032547,1032578)
(1032547,1032584)
(1032547,1032585)
(1032547,1032591)
(1032547,1032598)
(1032547,1032605)
(1032550,1032558)
(1032550,1032564)
(1032550,1032567)
(1032550,1032578)
(1032550,1032584)
(1032550,1032585)
(1032550,1032591)
(1032550,1032598)
(1032550,1032605)
(1032558,1032564)
(1032558,1032567)
(1032558,1032578)
(1032558,1032584)
(1032558,1032585)
(1032558,1032591)
(1032558,1032598)
(1032558,1032605)
(1032564,1032567)
(1032564,1032578)
(1032564,1032584)
(1032564,1032585)
(1032564,1032591)
(1032564,1032598)
(1032564,1032605)
(1032567,1032578)
(1032567,1032584)
(1032567,1032585)
(1032567,1032591)
(1032567,1032598)
(1032567,1032605)
(1032578,1032584)
(1032578,1032585)
(1032578,1032591)
(1032578,1032598)
(1032578,1032605)
(1032584,1032585)
(1032584,1032591)
(1032584,1032598)
(1032584,1032605)
(1032585,1032591)
(1032585,1032598)
(1032585,1032605)
(1032591,1032598)
(1032591,1032605)
(1032598,1032605)
(1032642,1032651)
(1032642,1032658)
(1032642,1032665)
(1032642,1032673)
(1032642,1032684)
(1032651,1032658)
(1032651,1032665)
(1032651,1032673)
(1032651,1032684)
(1032658,1032665)
(1032658,1032673)
(1032658,1032684)
(1032665,1032673)
(1032665,1032684)
(1032673,1032684)
(1032708,1032719)
(1032708,1032726)
(1032708,1032739)
(1032719,1032726)
(1032719,1032739)
(1032726,1032739)
(1032747,1032754)
(1032747,1032762)
(1032747,1032770)
(1032754,1032762)
(1032754,1032770)
(1032762,1032770)
(1032775,1032782)
(1032775,1032784)
(1032775,1032791)
(1032775,1032796)
(1032782,1032784)
(1032782,1032791)
(1032782,1032796)
(1032784,1032791)
(1032784,1032796)
(1032791,1032796)
(1032806,1032812)
(1032836,1032839)
(1032836,1032841)
(1032836,1032843)
(1032836,1032846)
(1032839,1032841)
(1032839,1032843)
(1032839,1032846)
(1032841,1032843)
(1032841,1032846)
(1032843,1032846)
(1032871,1032876)
(1032886,1032894)
(1032907,1032916)
(1032907,1032918)
(1032907,1032924)
(1032907,1032932)
(1032907,1032940)
(1032916,1032918)
(1032916,1032924)
(1032916,1032932)
(1032916,1032940)
(1032918,1032924)
(1032918,1032932)
(1032918,1032940)
(1032924,1032932)
(1032924,1032940)
(1032932,1032940)
(1032974,1032983)
(1033023,1033026)
(1033023,1033040)
(1033026,1033040)
(1033082,1033086)
(1033137,1033143)
(1033144,1033163)
