(92544,92558)
(92544,92567)
(92544,92570)
(92544,92588)
(92544,138600)
(92544,1014155)
(92544,1014164)
(92544,1014173)
(92544,1014185)
(92544,1014191)
(92558,92567)
(92558,92570)
(92558,92588)
(92558,138600)
(92558,1014155)
(92558,1014164)
(92558,1014173)
(92558,1014185)
(92558,1014191)
(92567,92570)
(92567,92588)
(92567,138600)
(92567,1014155)
(92567,1014164)
(92567,1014173)
(92567,1014185)
(92567,1014191)
(92570,92588)
(92570,138600)
(92570,1014155)
(92570,1014164)
(92570,1014173)
(92570,1014185)
(92570,1014191)
(92588,138600)
(92588,1014155)
(92588,1014164)
(92588,1014173)
(92588,1014185)
(92588,1014191)
(138600,1014155)
(138600,1014164)
(138600,1014173)
(138600,1014185)
(138600,1014191)
(1014155,1014164)
(1014155,1014173)
(1014155,1014185)
(1014155,1014191)
(1014164,1014173)
(1014164,1014185)
(1014164,1014191)
(1014173,1014185)
(1014173,1014191)
(1014185,1014191)
(251392,1013884)
(251392,1013889)
(251392,1013894)
(251392,1013898)
(251392,1013902)
(251392,1013909)
(251392,1013913)
(251392,1013920)
(251392,1013926)
(251392,1013931)
(251392,1013933)
(251392,1013939)
(251392,1013944)
(251392,1013950)
(251392,1013953)
(251392,1013958)
(251392,1013965)
(251392,1013970)
(251392,1013980)
(251392,1013985)
(251392,1013988)
(251392,1013995)
(251392,1013999)
(1013884,1013889)
(1013884,1013894)
(1013884,1013898)
(1013884,1013902)
(1013884,1013909)
(1013884,1013913)
(1013884,1013920)
(1013884,1013926)
(1013884,1013931)
(1013884,1013933)
(1013884,1013939)
(1013884,1013944)
(1013884,1013950)
(1013884,1013953)
(1013884,1013958)
(1013884,1013965)
(1013884,1013970)
(1013884,1013980)
(1013884,1013985)
(1013884,1013988)
(1013884,1013995)
(1013884,1013999)
(1013889,1013894)
(1013889,1013898)
(1013889,1013902)
(1013889,1013909)
(1013889,1013913)
(1013889,1013920)
(1013889,1013926)
(1013889,1013931)
(1013889,1013933)
(1013889,1013939)
(1013889,1013944)
(1013889,1013950)
(1013889,1013953)
(1013889,1013958)
(1013889,1013965)
(1013889,1013970)
(1013889,1013980)
(1013889,1013985)
(1013889,1013988)
(1013889,1013995)
(1013889,1013999)
(1013894,1013898)
(1013894,1013902)
(1013894,1013909)
(1013894,1013913)
(1013894,1013920)
(1013894,1013926)
(1013894,1013931)
(1013894,1013933)
(1013894,1013939)
(1013894,1013944)
(1013894,1013950)
(1013894,1013953)
(1013894,1013958)
(1013894,1013965)
(1013894,1013970)
(1013894,1013980)
(1013894,1013985)
(1013894,1013988)
(1013894,1013995)
(1013894,1013999)
(1013898,1013902)
(1013898,1013909)
(1013898,1013913)
(1013898,1013920)
(1013898,1013926)
(1013898,1013931)
(1013898,1013933)
(1013898,1013939)
(1013898,1013944)
(1013898,1013950)
(1013898,1013953)
(1013898,1013958)
(1013898,1013965)
(1013898,1013970)
(1013898,1013980)
(1013898,1013985)
(1013898,1013988)
(1013898,1013995)
(1013898,1013999)
(1013902,1013909)
(1013902,1013913)
(1013902,1013920)
(1013902,1013926)
(1013902,1013931)
(1013902,1013933)
(1013902,1013939)
(1013902,1013944)
(1013902,1013950)
(1013902,1013953)
(1013902,1013958)
(1013902,1013965)
(1013902,1013970)
(1013902,1013980)
(1013902,1013985)
(1013902,1013988)
(1013902,1013995)
(1013902,1013999)
(1013909,1013913)
(1013909,1013920)
(1013909,1013926)
(1013909,1013931)
(1013909,1013933)
(1013909,1013939)
(1013909,1013944)
(1013909,1013950)
(1013909,1013953)
(1013909,1013958)
(1013909,1013965)
(1013909,1013970)
(1013909,1013980)
(1013909,1013985)
(1013909,1013988)
(1013909,1013995)
(1013909,1013999)
(1013913,1013920)
(1013913,1013926)
(1013913,1013931)
(1013913,1013933)
(1013913,1013939)
(1013913,1013944)
(1013913,1013950)
(1013913,1013953)
(1013913,1013958)
(1013913,1013965)
(1013913,1013970)
(1013913,1013980)
(1013913,1013985)
(1013913,1013988)
(1013913,1013995)
(1013913,1013999)
(1013920,1013926)
(1013920,1013931)
(1013920,1013933)
(1013920,1013939)
(1013920,1013944)
(1013920,1013950)
(1013920,1013953)
(1013920,1013958)
(1013920,1013965)
(1013920,1013970)
(1013920,1013980)
(1013920,1013985)
(1013920,1013988)
(1013920,1013995)
(1013920,1013999)
(1013926,1013931)
(1013926,1013933)
(1013926,1013939)
(1013926,1013944)
(1013926,1013950)
(1013926,1013953)
(1013926,1013958)
(1013926,1013965)
(1013926,1013970)
(1013926,1013980)
(1013926,1013985)
(1013926,1013988)
(1013926,1013995)
(1013926,1013999)
(1013931,1013933)
(1013931,1013939)
(1013931,1013944)
(1013931,1013950)
(1013931,1013953)
(1013931,1013958)
(1013931,1013965)
(1013931,1013970)
(1013931,1013980)
(1013931,1013985)
(1013931,1013988)
(1013931,1013995)
(1013931,1013999)
(1013933,1013939)
(1013933,1013944)
(1013933,1013950)
(1013933,1013953)
(1013933,1013958)
(1013933,1013965)
(1013933,1013970)
(1013933,1013980)
(1013933,1013985)
(1013933,1013988)
(1013933,1013995)
(1013933,1013999)
(1013939,1013944)
(1013939,1013950)
(1013939,1013953)
(1013939,1013958)
(1013939,1013965)
(1013939,1013970)
(1013939,1013980)
(1013939,1013985)
(1013939,1013988)
(1013939,1013995)
(1013939,1013999)
(1013944,1013950)
(1013944,1013953)
(1013944,1013958)
(1013944,1013965)
(1013944,1013970)
(1013944,1013980)
(1013944,1013985)
(1013944,1013988)
(1013944,1013995)
(1013944,1013999)
(1013950,1013953)
(1013950,1013958)
(1013950,1013965)
(1013950,1013970)
(1013950,1013980)
(1013950,1013985)
(1013950,1013988)
(1013950,1013995)
(1013950,1013999)
(1013953,1013958)
(1013953,1013965)
(1013953,1013970)
(1013953,1013980)
(1013953,1013985)
(1013953,1013988)
(1013953,1013995)
(1013953,1013999)
(1013958,1013965)
(1013958,1013970)
(1013958,1013980)
(1013958,1013985)
(1013958,1013988)
(1013958,1013995)
(1013958,1013999)
(1013965,1013970)
(1013965,1013980)
(1013965,1013985)
(1013965,1013988)
(1013965,1013995)
(1013965,1013999)
(1013970,1013980)
(1013970,1013985)
(1013970,1013988)
(1013970,1013995)
(1013970,1013999)
(1013980,1013985)
(1013980,1013988)
(1013980,1013995)
(1013980,1013999)
(1013985,1013988)
(1013985,1013995)
(1013985,1013999)
(1013988,1013995)
(1013988,1013999)
(1013995,1013999)
(270712,270783)
(270712,270854)
(270712,271261)
(270712,400924)
(270712,1013320)
(270712,1013324)
(270712,1013329)
(270712,1013335)
(270712,1013341)
(270712,1013347)
(270712,1013354)
(270712,1013359)
(270712,1013364)
(270712,1013365)
(270712,1013371)
(270712,1013375)
(270712,1013378)
(270712,1013382)
(270712,1013389)
(270712,1013393)
(270712,1013397)
(270712,1013403)
(270712,1013409)
(270712,1013412)
(270712,1013416)
(270712,1013423)
(270712,1013425)
(270712,1013433)
(270712,1013436)
(270712,1013439)
(270712,1013446)
(270712,1013453)
(270712,1013455)
(270712,1013465)
(270712,1013470)
(270712,1013475)
(270712,1013483)
(270712,1013486)
(270712,1013494)
(270712,1013495)
(270712,1013503)
(270712,1013511)
(270712,1013521)
(270712,1013532)
(270712,1013543)
(270712,1013552)
(270712,1013554)
(270712,1013557)
(270712,1013565)
(270712,1013571)
(270712,1013582)
(270712,1013588)
(270712,1013592)
(270712,1013596)
(270712,1013599)
(270712,1013611)
(270712,1013614)
(270712,1013621)
(270712,1013627)
(270712,1013631)
(270712,1013636)
(270712,1013640)
(270712,1013644)
(270712,1013660)
(270712,1013663)
(270712,1013671)
(270712,1013683)
(270712,1013685)
(270712,1013689)
(270712,1013696)
(270712,1013701)
(270712,1013703)
(270712,1013709)
(270712,1013713)
(270712,1013717)
(270712,1013721)
(270783,270854)
(270783,271261)
(270783,400924)
(270783,1013320)
(270783,1013324)
(270783,1013329)
(270783,1013335)
(270783,1013341)
(270783,1013347)
(270783,1013354)
(270783,1013359)
(270783,1013364)
(270783,1013365)
(270783,1013371)
(270783,1013375)
(270783,1013378)
(270783,1013382)
(270783,1013389)
(270783,1013393)
(270783,1013397)
(270783,1013403)
(270783,1013409)
(270783,1013412)
(270783,1013416)
(270783,1013423)
(270783,1013425)
(270783,1013433)
(270783,1013436)
(270783,1013439)
(270783,1013446)
(270783,1013453)
(270783,1013455)
(270783,1013465)
(270783,1013470)
(270783,1013475)
(270783,1013483)
(270783,1013486)
(270783,1013494)
(270783,1013495)
(270783,1013503)
(270783,1013511)
(270783,1013521)
(270783,1013532)
(270783,1013543)
(270783,1013552)
(270783,1013554)
(270783,1013557)
(270783,1013565)
(270783,1013571)
(270783,1013582)
(270783,1013588)
(270783,1013592)
(270783,1013596)
(270783,1013599)
(270783,1013611)
(270783,1013614)
(270783,1013621)
(270783,1013627)
(270783,1013631)
(270783,1013636)
(270783,1013640)
(270783,1013644)
(270783,1013660)
(270783,1013663)
(270783,1013671)
(270783,1013683)
(270783,1013685)
(270783,1013689)
(270783,1013696)
(270783,1013701)
(270783,1013703)
(270783,1013709)
(270783,1013713)
(270783,1013717)
(270783,1013721)
(270854,271261)
(270854,400924)
(270854,1013320)
(270854,1013324)
(270854,1013329)
(270854,1013335)
(270854,1013341)
(270854,1013347)
(270854,1013354)
(270854,1013359)
(270854,1013364)
(270854,1013365)
(270854,1013371)
(270854,1013375)
(270854,1013378)
(270854,1013382)
(270854,1013389)
(270854,1013393)
(270854,1013397)
(270854,1013403)
(270854,1013409)
(270854,1013412)
(270854,1013416)
(270854,1013423)
(270854,1013425)
(270854,1013433)
(270854,1013436)
(270854,1013439)
(270854,1013446)
(270854,1013453)
(270854,1013455)
(270854,1013465)
(270854,1013470)
(270854,1013475)
(270854,1013483)
(270854,1013486)
(270854,1013494)
(270854,1013495)
(270854,1013503)
(270854,1013511)
(270854,1013521)
(270854,1013532)
(270854,1013543)
(270854,1013552)
(270854,1013554)
(270854,1013557)
(270854,1013565)
(270854,1013571)
(270854,1013582)
(270854,1013588)
(270854,1013592)
(270854,1013596)
(270854,1013599)
(270854,1013611)
(270854,1013614)
(270854,1013621)
(270854,1013627)
(270854,1013631)
(270854,1013636)
(270854,1013640)
(270854,1013644)
(270854,1013660)
(270854,1013663)
(270854,1013671)
(270854,1013683)
(270854,1013685)
(270854,1013689)
(270854,1013696)
(270854,1013701)
(270854,1013703)
(270854,1013709)
(270854,1013713)
(270854,1013717)
(270854,1013721)
(271261,400924)
(271261,1013320)
(271261,1013324)
(271261,1013329)
(271261,1013335)
(271261,1013341)
(271261,1013347)
(271261,1013354)
(271261,1013359)
(271261,1013364)
(271261,1013365)
(271261,1013371)
(271261,1013375)
(271261,1013378)
(271261,1013382)
(271261,1013389)
(271261,1013393)
(271261,1013397)
(271261,1013403)
(271261,1013409)
(271261,1013412)
(271261,1013416)
(271261,1013423)
(271261,1013425)
(271261,1013433)
(271261,1013436)
(271261,1013439)
(271261,1013446)
(271261,1013453)
(271261,1013455)
(271261,1013465)
(271261,1013470)
(271261,1013475)
(271261,1013483)
(271261,1013486)
(271261,1013494)
(271261,1013495)
(271261,1013503)
(271261,1013511)
(271261,1013521)
(271261,1013532)
(271261,1013543)
(271261,1013552)
(271261,1013554)
(271261,1013557)
(271261,1013565)
(271261,1013571)
(271261,1013582)
(271261,1013588)
(271261,1013592)
(271261,1013596)
(271261,1013599)
(271261,1013611)
(271261,1013614)
(271261,1013621)
(271261,1013627)
(271261,1013631)
(271261,1013636)
(271261,1013640)
(271261,1013644)
(271261,1013660)
(271261,1013663)
(271261,1013671)
(271261,1013683)
(271261,1013685)
(271261,1013689)
(271261,1013696)
(271261,1013701)
(271261,1013703)
(271261,1013709)
(271261,1013713)
(271261,1013717)
(271261,1013721)
(400924,1013320)
(400924,1013324)
(400924,1013329)
(400924,1013335)
(400924,1013341)
(400924,1013347)
(400924,1013354)
(400924,1013359)
(400924,1013364)
(400924,1013365)
(400924,1013371)
(400924,1013375)
(400924,1013378)
(400924,1013382)
(400924,1013389)
(400924,1013393)
(400924,1013397)
(400924,1013403)
(400924,1013409)
(400924,1013412)
(400924,1013416)
(400924,1013423)
(400924,1013425)
(400924,1013433)
(400924,1013436)
(400924,1013439)
(400924,1013446)
(400924,1013453)
(400924,1013455)
(400924,1013465)
(400924,1013470)
(400924,1013475)
(400924,1013483)
(400924,1013486)
(400924,1013494)
(400924,1013495)
(400924,1013503)
(400924,1013511)
(400924,1013521)
(400924,1013532)
(400924,1013543)
(400924,1013552)
(400924,1013554)
(400924,1013557)
(400924,1013565)
(400924,1013571)
(400924,1013582)
(400924,1013588)
(400924,1013592)
(400924,1013596)
(400924,1013599)
(400924,1013611)
(400924,1013614)
(400924,1013621)
(400924,1013627)
(400924,1013631)
(400924,1013636)
(400924,1013640)
(400924,1013644)
(400924,1013660)
(400924,1013663)
(400924,1013671)
(400924,1013683)
(400924,1013685)
(400924,1013689)
(400924,1013696)
(400924,1013701)
(400924,1013703)
(400924,1013709)
(400924,1013713)
(400924,1013717)
(400924,1013721)
(1013320,1013324)
(1013320,1013329)
(1013320,1013335)
(1013320,1013341)
(1013320,1013347)
(1013320,1013354)
(1013320,1013359)
(1013320,1013364)
(1013320,1013365)
(1013320,1013371)
(1013320,1013375)
(1013320,1013378)
(1013320,1013382)
(1013320,1013389)
(1013320,1013393)
(1013320,1013397)
(1013320,1013403)
(1013320,1013409)
(1013320,1013412)
(1013320,1013416)
(1013320,1013423)
(1013320,1013425)
(1013320,1013433)
(1013320,1013436)
(1013320,1013439)
(1013320,1013446)
(1013320,1013453)
(1013320,1013455)
(1013320,1013465)
(1013320,1013470)
(1013320,1013475)
(1013320,1013483)
(1013320,1013486)
(1013320,1013494)
(1013320,1013495)
(1013320,1013503)
(1013320,1013511)
(1013320,1013521)
(1013320,1013532)
(1013320,1013543)
(1013320,1013552)
(1013320,1013554)
(1013320,1013557)
(1013320,1013565)
(1013320,1013571)
(1013320,1013582)
(1013320,1013588)
(1013320,1013592)
(1013320,1013596)
(1013320,1013599)
(1013320,1013611)
(1013320,1013614)
(1013320,1013621)
(1013320,1013627)
(1013320,1013631)
(1013320,1013636)
(1013320,1013640)
(1013320,1013644)
(1013320,1013660)
(1013320,1013663)
(1013320,1013671)
(1013320,1013683)
(1013320,1013685)
(1013320,1013689)
(1013320,1013696)
(1013320,1013701)
(1013320,1013703)
(1013320,1013709)
(1013320,1013713)
(1013320,1013717)
(1013320,1013721)
(1013324,1013329)
(1013324,1013335)
(1013324,1013341)
(1013324,1013347)
(1013324,1013354)
(1013324,1013359)
(1013324,1013364)
(1013324,1013365)
(1013324,1013371)
(1013324,1013375)
(1013324,1013378)
(1013324,1013382)
(1013324,1013389)
(1013324,1013393)
(1013324,1013397)
(1013324,1013403)
(1013324,1013409)
(1013324,1013412)
(1013324,1013416)
(1013324,1013423)
(1013324,1013425)
(1013324,1013433)
(1013324,1013436)
(1013324,1013439)
(1013324,1013446)
(1013324,1013453)
(1013324,1013455)
(1013324,1013465)
(1013324,1013470)
(1013324,1013475)
(1013324,1013483)
(1013324,1013486)
(1013324,1013494)
(1013324,1013495)
(1013324,1013503)
(1013324,1013511)
(1013324,1013521)
(1013324,1013532)
(1013324,1013543)
(1013324,1013552)
(1013324,1013554)
(1013324,1013557)
(1013324,1013565)
(1013324,1013571)
(1013324,1013582)
(1013324,1013588)
(1013324,1013592)
(1013324,1013596)
(1013324,1013599)
(1013324,1013611)
(1013324,1013614)
(1013324,1013621)
(1013324,1013627)
(1013324,1013631)
(1013324,1013636)
(1013324,1013640)
(1013324,1013644)
(1013324,1013660)
(1013324,1013663)
(1013324,1013671)
(1013324,1013683)
(1013324,1013685)
(1013324,1013689)
(1013324,1013696)
(1013324,1013701)
(1013324,1013703)
(1013324,1013709)
(1013324,1013713)
(1013324,1013717)
(1013324,1013721)
(1013329,1013335)
(1013329,1013341)
(1013329,1013347)
(1013329,1013354)
(1013329,1013359)
(1013329,1013364)
(1013329,1013365)
(1013329,1013371)
(1013329,1013375)
(1013329,1013378)
(1013329,1013382)
(1013329,1013389)
(1013329,1013393)
(1013329,1013397)
(1013329,1013403)
(1013329,1013409)
(1013329,1013412)
(1013329,1013416)
(1013329,1013423)
(1013329,1013425)
(1013329,1013433)
(1013329,1013436)
(1013329,1013439)
(1013329,1013446)
(1013329,1013453)
(1013329,1013455)
(1013329,1013465)
(1013329,1013470)
(1013329,1013475)
(1013329,1013483)
(1013329,1013486)
(1013329,1013494)
(1013329,1013495)
(1013329,1013503)
(1013329,1013511)
(1013329,1013521)
(1013329,1013532)
(1013329,1013543)
(1013329,1013552)
(1013329,1013554)
(1013329,1013557)
(1013329,1013565)
(1013329,1013571)
(1013329,1013582)
(1013329,1013588)
(1013329,1013592)
(1013329,1013596)
(1013329,1013599)
(1013329,1013611)
(1013329,1013614)
(1013329,1013621)
(1013329,1013627)
(1013329,1013631)
(1013329,1013636)
(1013329,1013640)
(1013329,1013644)
(1013329,1013660)
(1013329,1013663)
(1013329,1013671)
(1013329,1013683)
(1013329,1013685)
(1013329,1013689)
(1013329,1013696)
(1013329,1013701)
(1013329,1013703)
(1013329,1013709)
(1013329,1013713)
(1013329,1013717)
(1013329,1013721)
(1013335,1013341)
(1013335,1013347)
(1013335,1013354)
(1013335,1013359)
(1013335,1013364)
(1013335,1013365)
(1013335,1013371)
(1013335,1013375)
(1013335,1013378)
(1013335,1013382)
(1013335,1013389)
(1013335,1013393)
(1013335,1013397)
(1013335,1013403)
(1013335,1013409)
(1013335,1013412)
(1013335,1013416)
(1013335,1013423)
(1013335,1013425)
(1013335,1013433)
(1013335,1013436)
(1013335,1013439)
(1013335,1013446)
(1013335,1013453)
(1013335,1013455)
(1013335,1013465)
(1013335,1013470)
(1013335,1013475)
(1013335,1013483)
(1013335,1013486)
(1013335,1013494)
(1013335,1013495)
(1013335,1013503)
(1013335,1013511)
(1013335,1013521)
(1013335,1013532)
(1013335,1013543)
(1013335,1013552)
(1013335,1013554)
(1013335,1013557)
(1013335,1013565)
(1013335,1013571)
(1013335,1013582)
(1013335,1013588)
(1013335,1013592)
(1013335,1013596)
(1013335,1013599)
(1013335,1013611)
(1013335,1013614)
(1013335,1013621)
(1013335,1013627)
(1013335,1013631)
(1013335,1013636)
(1013335,1013640)
(1013335,1013644)
(1013335,1013660)
(1013335,1013663)
(1013335,1013671)
(1013335,1013683)
(1013335,1013685)
(1013335,1013689)
(1013335,1013696)
(1013335,1013701)
(1013335,1013703)
(1013335,1013709)
(1013335,1013713)
(1013335,1013717)
(1013335,1013721)
(1013341,1013347)
(1013341,1013354)
(1013341,1013359)
(1013341,1013364)
(1013341,1013365)
(1013341,1013371)
(1013341,1013375)
(1013341,1013378)
(1013341,1013382)
(1013341,1013389)
(1013341,1013393)
(1013341,1013397)
(1013341,1013403)
(1013341,1013409)
(1013341,1013412)
(1013341,1013416)
(1013341,1013423)
(1013341,1013425)
(1013341,1013433)
(1013341,1013436)
(1013341,1013439)
(1013341,1013446)
(1013341,1013453)
(1013341,1013455)
(1013341,1013465)
(1013341,1013470)
(1013341,1013475)
(1013341,1013483)
(1013341,1013486)
(1013341,1013494)
(1013341,1013495)
(1013341,1013503)
(1013341,1013511)
(1013341,1013521)
(1013341,1013532)
(1013341,1013543)
(1013341,1013552)
(1013341,1013554)
(1013341,1013557)
(1013341,1013565)
(1013341,1013571)
(1013341,1013582)
(1013341,1013588)
(1013341,1013592)
(1013341,1013596)
(1013341,1013599)
(1013341,1013611)
(1013341,1013614)
(1013341,1013621)
(1013341,1013627)
(1013341,1013631)
(1013341,1013636)
(1013341,1013640)
(1013341,1013644)
(1013341,1013660)
(1013341,1013663)
(1013341,1013671)
(1013341,1013683)
(1013341,1013685)
(1013341,1013689)
(1013341,1013696)
(1013341,1013701)
(1013341,1013703)
(1013341,1013709)
(1013341,1013713)
(1013341,1013717)
(1013341,1013721)
(1013347,1013354)
(1013347,1013359)
(1013347,1013364)
(1013347,1013365)
(1013347,1013371)
(1013347,1013375)
(1013347,1013378)
(1013347,1013382)
(1013347,1013389)
(1013347,1013393)
(1013347,1013397)
(1013347,1013403)
(1013347,1013409)
(1013347,1013412)
(1013347,1013416)
(1013347,1013423)
(1013347,1013425)
(1013347,1013433)
(1013347,1013436)
(1013347,1013439)
(1013347,1013446)
(1013347,1013453)
(1013347,1013455)
(1013347,1013465)
(1013347,1013470)
(1013347,1013475)
(1013347,1013483)
(1013347,1013486)
(1013347,1013494)
(1013347,1013495)
(1013347,1013503)
(1013347,1013511)
(1013347,1013521)
(1013347,1013532)
(1013347,1013543)
(1013347,1013552)
(1013347,1013554)
(1013347,1013557)
(1013347,1013565)
(1013347,1013571)
(1013347,1013582)
(1013347,1013588)
(1013347,1013592)
(1013347,1013596)
(1013347,1013599)
(1013347,1013611)
(1013347,1013614)
(1013347,1013621)
(1013347,1013627)
(1013347,1013631)
(1013347,1013636)
(1013347,1013640)
(1013347,1013644)
(1013347,1013660)
(1013347,1013663)
(1013347,1013671)
(1013347,1013683)
(1013347,1013685)
(1013347,1013689)
(1013347,1013696)
(1013347,1013701)
(1013347,1013703)
(1013347,1013709)
(1013347,1013713)
(1013347,1013717)
(1013347,1013721)
(1013354,1013359)
(1013354,1013364)
(1013354,1013365)
(1013354,1013371)
(1013354,1013375)
(1013354,1013378)
(1013354,1013382)
(1013354,1013389)
(1013354,1013393)
(1013354,1013397)
(1013354,1013403)
(1013354,1013409)
(1013354,1013412)
(1013354,1013416)
(1013354,1013423)
(1013354,1013425)
(1013354,1013433)
(1013354,1013436)
(1013354,1013439)
(1013354,1013446)
(1013354,1013453)
(1013354,1013455)
(1013354,1013465)
(1013354,1013470)
(1013354,1013475)
(1013354,1013483)
(1013354,1013486)
(1013354,1013494)
(1013354,1013495)
(1013354,1013503)
(1013354,1013511)
(1013354,1013521)
(1013354,1013532)
(1013354,1013543)
(1013354,1013552)
(1013354,1013554)
(1013354,1013557)
(1013354,1013565)
(1013354,1013571)
(1013354,1013582)
(1013354,1013588)
(1013354,1013592)
(1013354,1013596)
(1013354,1013599)
(1013354,1013611)
(1013354,1013614)
(1013354,1013621)
(1013354,1013627)
(1013354,1013631)
(1013354,1013636)
(1013354,1013640)
(1013354,1013644)
(1013354,1013660)
(1013354,1013663)
(1013354,1013671)
(1013354,1013683)
(1013354,1013685)
(1013354,1013689)
(1013354,1013696)
(1013354,1013701)
(1013354,1013703)
(1013354,1013709)
(1013354,1013713)
(1013354,1013717)
(1013354,1013721)
(1013359,1013364)
(1013359,1013365)
(1013359,1013371)
(1013359,1013375)
(1013359,1013378)
(1013359,1013382)
(1013359,1013389)
(1013359,1013393)
(1013359,1013397)
(1013359,1013403)
(1013359,1013409)
(1013359,1013412)
(1013359,1013416)
(1013359,1013423)
(1013359,1013425)
(1013359,1013433)
(1013359,1013436)
(1013359,1013439)
(1013359,1013446)
(1013359,1013453)
(1013359,1013455)
(1013359,1013465)
(1013359,1013470)
(1013359,1013475)
(1013359,1013483)
(1013359,1013486)
(1013359,1013494)
(1013359,1013495)
(1013359,1013503)
(1013359,1013511)
(1013359,1013521)
(1013359,1013532)
(1013359,1013543)
(1013359,1013552)
(1013359,1013554)
(1013359,1013557)
(1013359,1013565)
(1013359,1013571)
(1013359,1013582)
(1013359,1013588)
(1013359,1013592)
(1013359,1013596)
(1013359,1013599)
(1013359,1013611)
(1013359,1013614)
(1013359,1013621)
(1013359,1013627)
(1013359,1013631)
(1013359,1013636)
(1013359,1013640)
(1013359,1013644)
(1013359,1013660)
(1013359,1013663)
(1013359,1013671)
(1013359,1013683)
(1013359,1013685)
(1013359,1013689)
(1013359,1013696)
(1013359,1013701)
(1013359,1013703)
(1013359,1013709)
(1013359,1013713)
(1013359,1013717)
(1013359,1013721)
(1013364,1013365)
(1013364,1013371)
(1013364,1013375)
(1013364,1013378)
(1013364,1013382)
(1013364,1013389)
(1013364,1013393)
(1013364,1013397)
(1013364,1013403)
(1013364,1013409)
(1013364,1013412)
(1013364,1013416)
(1013364,1013423)
(1013364,1013425)
(1013364,1013433)
(1013364,1013436)
(1013364,1013439)
(1013364,1013446)
(1013364,1013453)
(1013364,1013455)
(1013364,1013465)
(1013364,1013470)
(1013364,1013475)
(1013364,1013483)
(1013364,1013486)
(1013364,1013494)
(1013364,1013495)
(1013364,1013503)
(1013364,1013511)
(1013364,1013521)
(1013364,1013532)
(1013364,1013543)
(1013364,1013552)
(1013364,1013554)
(1013364,1013557)
(1013364,1013565)
(1013364,1013571)
(1013364,1013582)
(1013364,1013588)
(1013364,1013592)
(1013364,1013596)
(1013364,1013599)
(1013364,1013611)
(1013364,1013614)
(1013364,1013621)
(1013364,1013627)
(1013364,1013631)
(1013364,1013636)
(1013364,1013640)
(1013364,1013644)
(1013364,1013660)
(1013364,1013663)
(1013364,1013671)
(1013364,1013683)
(1013364,1013685)
(1013364,1013689)
(1013364,1013696)
(1013364,1013701)
(1013364,1013703)
(1013364,1013709)
(1013364,1013713)
(1013364,1013717)
(1013364,1013721)
(1013365,1013371)
(1013365,1013375)
(1013365,1013378)
(1013365,1013382)
(1013365,1013389)
(1013365,1013393)
(1013365,1013397)
(1013365,1013403)
(1013365,1013409)
(1013365,1013412)
(1013365,1013416)
(1013365,1013423)
(1013365,1013425)
(1013365,1013433)
(1013365,1013436)
(1013365,1013439)
(1013365,1013446)
(1013365,1013453)
(1013365,1013455)
(1013365,1013465)
(1013365,1013470)
(1013365,1013475)
(1013365,1013483)
(1013365,1013486)
(1013365,1013494)
(1013365,1013495)
(1013365,1013503)
(1013365,1013511)
(1013365,1013521)
(1013365,1013532)
(1013365,1013543)
(1013365,1013552)
(1013365,1013554)
(1013365,1013557)
(1013365,1013565)
(1013365,1013571)
(1013365,1013582)
(1013365,1013588)
(1013365,1013592)
(1013365,1013596)
(1013365,1013599)
(1013365,1013611)
(1013365,1013614)
(1013365,1013621)
(1013365,1013627)
(1013365,1013631)
(1013365,1013636)
(1013365,1013640)
(1013365,1013644)
(1013365,1013660)
(1013365,1013663)
(1013365,1013671)
(1013365,1013683)
(1013365,1013685)
(1013365,1013689)
(1013365,1013696)
(1013365,1013701)
(1013365,1013703)
(1013365,1013709)
(1013365,1013713)
(1013365,1013717)
(1013365,1013721)
(1013371,1013375)
(1013371,1013378)
(1013371,1013382)
(1013371,1013389)
(1013371,1013393)
(1013371,1013397)
(1013371,1013403)
(1013371,1013409)
(1013371,1013412)
(1013371,1013416)
(1013371,1013423)
(1013371,1013425)
(1013371,1013433)
(1013371,1013436)
(1013371,1013439)
(1013371,1013446)
(1013371,1013453)
(1013371,1013455)
(1013371,1013465)
(1013371,1013470)
(1013371,1013475)
(1013371,1013483)
(1013371,1013486)
(1013371,1013494)
(1013371,1013495)
(1013371,1013503)
(1013371,1013511)
(1013371,1013521)
(1013371,1013532)
(1013371,1013543)
(1013371,1013552)
(1013371,1013554)
(1013371,1013557)
(1013371,1013565)
(1013371,1013571)
(1013371,1013582)
(1013371,1013588)
(1013371,1013592)
(1013371,1013596)
(1013371,1013599)
(1013371,1013611)
(1013371,1013614)
(1013371,1013621)
(1013371,1013627)
(1013371,1013631)
(1013371,1013636)
(1013371,1013640)
(1013371,1013644)
(1013371,1013660)
(1013371,1013663)
(1013371,1013671)
(1013371,1013683)
(1013371,1013685)
(1013371,1013689)
(1013371,1013696)
(1013371,1013701)
(1013371,1013703)
(1013371,1013709)
(1013371,1013713)
(1013371,1013717)
(1013371,1013721)
(1013375,1013378)
(1013375,1013382)
(1013375,1013389)
(1013375,1013393)
(1013375,1013397)
(1013375,1013403)
(1013375,1013409)
(1013375,1013412)
(1013375,1013416)
(1013375,1013423)
(1013375,1013425)
(1013375,1013433)
(1013375,1013436)
(1013375,1013439)
(1013375,1013446)
(1013375,1013453)
(1013375,1013455)
(1013375,1013465)
(1013375,1013470)
(1013375,1013475)
(1013375,1013483)
(1013375,1013486)
(1013375,1013494)
(1013375,1013495)
(1013375,1013503)
(1013375,1013511)
(1013375,1013521)
(1013375,1013532)
(1013375,1013543)
(1013375,1013552)
(1013375,1013554)
(1013375,1013557)
(1013375,1013565)
(1013375,1013571)
(1013375,1013582)
(1013375,1013588)
(1013375,1013592)
(1013375,1013596)
(1013375,1013599)
(1013375,1013611)
(1013375,1013614)
(1013375,1013621)
(1013375,1013627)
(1013375,1013631)
(1013375,1013636)
(1013375,1013640)
(1013375,1013644)
(1013375,1013660)
(1013375,1013663)
(1013375,1013671)
(1013375,1013683)
(1013375,1013685)
(1013375,1013689)
(1013375,1013696)
(1013375,1013701)
(1013375,1013703)
(1013375,1013709)
(1013375,1013713)
(1013375,1013717)
(1013375,1013721)
(1013378,1013382)
(1013378,1013389)
(1013378,1013393)
(1013378,1013397)
(1013378,1013403)
(1013378,1013409)
(1013378,1013412)
(1013378,1013416)
(1013378,1013423)
(1013378,1013425)
(1013378,1013433)
(1013378,1013436)
(1013378,1013439)
(1013378,1013446)
(1013378,1013453)
(1013378,1013455)
(1013378,1013465)
(1013378,1013470)
(1013378,1013475)
(1013378,1013483)
(1013378,1013486)
(1013378,1013494)
(1013378,1013495)
(1013378,1013503)
(1013378,1013511)
(1013378,1013521)
(1013378,1013532)
(1013378,1013543)
(1013378,1013552)
(1013378,1013554)
(1013378,1013557)
(1013378,1013565)
(1013378,1013571)
(1013378,1013582)
(1013378,1013588)
(1013378,1013592)
(1013378,1013596)
(1013378,1013599)
(1013378,1013611)
(1013378,1013614)
(1013378,1013621)
(1013378,1013627)
(1013378,1013631)
(1013378,1013636)
(1013378,1013640)
(1013378,1013644)
(1013378,1013660)
(1013378,1013663)
(1013378,1013671)
(1013378,1013683)
(1013378,1013685)
(1013378,1013689)
(1013378,1013696)
(1013378,1013701)
(1013378,1013703)
(1013378,1013709)
(1013378,1013713)
(1013378,1013717)
(1013378,1013721)
(1013382,1013389)
(1013382,1013393)
(1013382,1013397)
(1013382,1013403)
(1013382,1013409)
(1013382,1013412)
(1013382,1013416)
(1013382,1013423)
(1013382,1013425)
(1013382,1013433)
(1013382,1013436)
(1013382,1013439)
(1013382,1013446)
(1013382,1013453)
(1013382,1013455)
(1013382,1013465)
(1013382,1013470)
(1013382,1013475)
(1013382,1013483)
(1013382,1013486)
(1013382,1013494)
(1013382,1013495)
(1013382,1013503)
(1013382,1013511)
(1013382,1013521)
(1013382,1013532)
(1013382,1013543)
(1013382,1013552)
(1013382,1013554)
(1013382,1013557)
(1013382,1013565)
(1013382,1013571)
(1013382,1013582)
(1013382,1013588)
(1013382,1013592)
(1013382,1013596)
(1013382,1013599)
(1013382,1013611)
(1013382,1013614)
(1013382,1013621)
(1013382,1013627)
(1013382,1013631)
(1013382,1013636)
(1013382,1013640)
(1013382,1013644)
(1013382,1013660)
(1013382,1013663)
(1013382,1013671)
(1013382,1013683)
(1013382,1013685)
(1013382,1013689)
(1013382,1013696)
(1013382,1013701)
(1013382,1013703)
(1013382,1013709)
(1013382,1013713)
(1013382,1013717)
(1013382,1013721)
(1013389,1013393)
(1013389,1013397)
(1013389,1013403)
(1013389,1013409)
(1013389,1013412)
(1013389,1013416)
(1013389,1013423)
(1013389,1013425)
(1013389,1013433)
(1013389,1013436)
(1013389,1013439)
(1013389,1013446)
(1013389,1013453)
(1013389,1013455)
(1013389,1013465)
(1013389,1013470)
(1013389,1013475)
(1013389,1013483)
(1013389,1013486)
(1013389,1013494)
(1013389,1013495)
(1013389,1013503)
(1013389,1013511)
(1013389,1013521)
(1013389,1013532)
(1013389,1013543)
(1013389,1013552)
(1013389,1013554)
(1013389,1013557)
(1013389,1013565)
(1013389,1013571)
(1013389,1013582)
(1013389,1013588)
(1013389,1013592)
(1013389,1013596)
(1013389,1013599)
(1013389,1013611)
(1013389,1013614)
(1013389,1013621)
(1013389,1013627)
(1013389,1013631)
(1013389,1013636)
(1013389,1013640)
(1013389,1013644)
(1013389,1013660)
(1013389,1013663)
(1013389,1013671)
(1013389,1013683)
(1013389,1013685)
(1013389,1013689)
(1013389,1013696)
(1013389,1013701)
(1013389,1013703)
(1013389,1013709)
(1013389,1013713)
(1013389,1013717)
(1013389,1013721)
(1013393,1013397)
(1013393,1013403)
(1013393,1013409)
(1013393,1013412)
(1013393,1013416)
(1013393,1013423)
(1013393,1013425)
(1013393,1013433)
(1013393,1013436)
(1013393,1013439)
(1013393,1013446)
(1013393,1013453)
(1013393,1013455)
(1013393,1013465)
(1013393,1013470)
(1013393,1013475)
(1013393,1013483)
(1013393,1013486)
(1013393,1013494)
(1013393,1013495)
(1013393,1013503)
(1013393,1013511)
(1013393,1013521)
(1013393,1013532)
(1013393,1013543)
(1013393,1013552)
(1013393,1013554)
(1013393,1013557)
(1013393,1013565)
(1013393,1013571)
(1013393,1013582)
(1013393,1013588)
(1013393,1013592)
(1013393,1013596)
(1013393,1013599)
(1013393,1013611)
(1013393,1013614)
(1013393,1013621)
(1013393,1013627)
(1013393,1013631)
(1013393,1013636)
(1013393,1013640)
(1013393,1013644)
(1013393,1013660)
(1013393,1013663)
(1013393,1013671)
(1013393,1013683)
(1013393,1013685)
(1013393,1013689)
(1013393,1013696)
(1013393,1013701)
(1013393,1013703)
(1013393,1013709)
(1013393,1013713)
(1013393,1013717)
(1013393,1013721)
(1013397,1013403)
(1013397,1013409)
(1013397,1013412)
(1013397,1013416)
(1013397,1013423)
(1013397,1013425)
(1013397,1013433)
(1013397,1013436)
(1013397,1013439)
(1013397,1013446)
(1013397,1013453)
(1013397,1013455)
(1013397,1013465)
(1013397,1013470)
(1013397,1013475)
(1013397,1013483)
(1013397,1013486)
(1013397,1013494)
(1013397,1013495)
(1013397,1013503)
(1013397,1013511)
(1013397,1013521)
(1013397,1013532)
(1013397,1013543)
(1013397,1013552)
(1013397,1013554)
(1013397,1013557)
(1013397,1013565)
(1013397,1013571)
(1013397,1013582)
(1013397,1013588)
(1013397,1013592)
(1013397,1013596)
(1013397,1013599)
(1013397,1013611)
(1013397,1013614)
(1013397,1013621)
(1013397,1013627)
(1013397,1013631)
(1013397,1013636)
(1013397,1013640)
(1013397,1013644)
(1013397,1013660)
(1013397,1013663)
(1013397,1013671)
(1013397,1013683)
(1013397,1013685)
(1013397,1013689)
(1013397,1013696)
(1013397,1013701)
(1013397,1013703)
(1013397,1013709)
(1013397,1013713)
(1013397,1013717)
(1013397,1013721)
(1013403,1013409)
(1013403,1013412)
(1013403,1013416)
(1013403,1013423)
(1013403,1013425)
(1013403,1013433)
(1013403,1013436)
(1013403,1013439)
(1013403,1013446)
(1013403,1013453)
(1013403,1013455)
(1013403,1013465)
(1013403,1013470)
(1013403,1013475)
(1013403,1013483)
(1013403,1013486)
(1013403,1013494)
(1013403,1013495)
(1013403,1013503)
(1013403,1013511)
(1013403,1013521)
(1013403,1013532)
(1013403,1013543)
(1013403,1013552)
(1013403,1013554)
(1013403,1013557)
(1013403,1013565)
(1013403,1013571)
(1013403,1013582)
(1013403,1013588)
(1013403,1013592)
(1013403,1013596)
(1013403,1013599)
(1013403,1013611)
(1013403,1013614)
(1013403,1013621)
(1013403,1013627)
(1013403,1013631)
(1013403,1013636)
(1013403,1013640)
(1013403,1013644)
(1013403,1013660)
(1013403,1013663)
(1013403,1013671)
(1013403,1013683)
(1013403,1013685)
(1013403,1013689)
(1013403,1013696)
(1013403,1013701)
(1013403,1013703)
(1013403,1013709)
(1013403,1013713)
(1013403,1013717)
(1013403,1013721)
(1013409,1013412)
(1013409,1013416)
(1013409,1013423)
(1013409,1013425)
(1013409,1013433)
(1013409,1013436)
(1013409,1013439)
(1013409,1013446)
(1013409,1013453)
(1013409,1013455)
(1013409,1013465)
(1013409,1013470)
(1013409,1013475)
(1013409,1013483)
(1013409,1013486)
(1013409,1013494)
(1013409,1013495)
(1013409,1013503)
(1013409,1013511)
(1013409,1013521)
(1013409,1013532)
(1013409,1013543)
(1013409,1013552)
(1013409,1013554)
(1013409,1013557)
(1013409,1013565)
(1013409,1013571)
(1013409,1013582)
(1013409,1013588)
(1013409,1013592)
(1013409,1013596)
(1013409,1013599)
(1013409,1013611)
(1013409,1013614)
(1013409,1013621)
(1013409,1013627)
(1013409,1013631)
(1013409,1013636)
(1013409,1013640)
(1013409,1013644)
(1013409,1013660)
(1013409,1013663)
(1013409,1013671)
(1013409,1013683)
(1013409,1013685)
(1013409,1013689)
(1013409,1013696)
(1013409,1013701)
(1013409,1013703)
(1013409,1013709)
(1013409,1013713)
(1013409,1013717)
(1013409,1013721)
(1013412,1013416)
(1013412,1013423)
(1013412,1013425)
(1013412,1013433)
(1013412,1013436)
(1013412,1013439)
(1013412,1013446)
(1013412,1013453)
(1013412,1013455)
(1013412,1013465)
(1013412,1013470)
(1013412,1013475)
(1013412,1013483)
(1013412,1013486)
(1013412,1013494)
(1013412,1013495)
(1013412,1013503)
(1013412,1013511)
(1013412,1013521)
(1013412,1013532)
(1013412,1013543)
(1013412,1013552)
(1013412,1013554)
(1013412,1013557)
(1013412,1013565)
(1013412,1013571)
(1013412,1013582)
(1013412,1013588)
(1013412,1013592)
(1013412,1013596)
(1013412,1013599)
(1013412,1013611)
(1013412,1013614)
(1013412,1013621)
(1013412,1013627)
(1013412,1013631)
(1013412,1013636)
(1013412,1013640)
(1013412,1013644)
(1013412,1013660)
(1013412,1013663)
(1013412,1013671)
(1013412,1013683)
(1013412,1013685)
(1013412,1013689)
(1013412,1013696)
(1013412,1013701)
(1013412,1013703)
(1013412,1013709)
(1013412,1013713)
(1013412,1013717)
(1013412,1013721)
(1013416,1013423)
(1013416,1013425)
(1013416,1013433)
(1013416,1013436)
(1013416,1013439)
(1013416,1013446)
(1013416,1013453)
(1013416,1013455)
(1013416,1013465)
(1013416,1013470)
(1013416,1013475)
(1013416,1013483)
(1013416,1013486)
(1013416,1013494)
(1013416,1013495)
(1013416,1013503)
(1013416,1013511)
(1013416,1013521)
(1013416,1013532)
(1013416,1013543)
(1013416,1013552)
(1013416,1013554)
(1013416,1013557)
(1013416,1013565)
(1013416,1013571)
(1013416,1013582)
(1013416,1013588)
(1013416,1013592)
(1013416,1013596)
(1013416,1013599)
(1013416,1013611)
(1013416,1013614)
(1013416,1013621)
(1013416,1013627)
(1013416,1013631)
(1013416,1013636)
(1013416,1013640)
(1013416,1013644)
(1013416,1013660)
(1013416,1013663)
(1013416,1013671)
(1013416,1013683)
(1013416,1013685)
(1013416,1013689)
(1013416,1013696)
(1013416,1013701)
(1013416,1013703)
(1013416,1013709)
(1013416,1013713)
(1013416,1013717)
(1013416,1013721)
(1013423,1013425)
(1013423,1013433)
(1013423,1013436)
(1013423,1013439)
(1013423,1013446)
(1013423,1013453)
(1013423,1013455)
(1013423,1013465)
(1013423,1013470)
(1013423,1013475)
(1013423,1013483)
(1013423,1013486)
(1013423,1013494)
(1013423,1013495)
(1013423,1013503)
(1013423,1013511)
(1013423,1013521)
(1013423,1013532)
(1013423,1013543)
(1013423,1013552)
(1013423,1013554)
(1013423,1013557)
(1013423,1013565)
(1013423,1013571)
(1013423,1013582)
(1013423,1013588)
(1013423,1013592)
(1013423,1013596)
(1013423,1013599)
(1013423,1013611)
(1013423,1013614)
(1013423,1013621)
(1013423,1013627)
(1013423,1013631)
(1013423,1013636)
(1013423,1013640)
(1013423,1013644)
(1013423,1013660)
(1013423,1013663)
(1013423,1013671)
(1013423,1013683)
(1013423,1013685)
(1013423,1013689)
(1013423,1013696)
(1013423,1013701)
(1013423,1013703)
(1013423,1013709)
(1013423,1013713)
(1013423,1013717)
(1013423,1013721)
(1013425,1013433)
(1013425,1013436)
(1013425,1013439)
(1013425,1013446)
(1013425,1013453)
(1013425,1013455)
(1013425,1013465)
(1013425,1013470)
(1013425,1013475)
(1013425,1013483)
(1013425,1013486)
(1013425,1013494)
(1013425,1013495)
(1013425,1013503)
(1013425,1013511)
(1013425,1013521)
(1013425,1013532)
(1013425,1013543)
(1013425,1013552)
(1013425,1013554)
(1013425,1013557)
(1013425,1013565)
(1013425,1013571)
(1013425,1013582)
(1013425,1013588)
(1013425,1013592)
(1013425,1013596)
(1013425,1013599)
(1013425,1013611)
(1013425,1013614)
(1013425,1013621)
(1013425,1013627)
(1013425,1013631)
(1013425,1013636)
(1013425,1013640)
(1013425,1013644)
(1013425,1013660)
(1013425,1013663)
(1013425,1013671)
(1013425,1013683)
(1013425,1013685)
(1013425,1013689)
(1013425,1013696)
(1013425,1013701)
(1013425,1013703)
(1013425,1013709)
(1013425,1013713)
(1013425,1013717)
(1013425,1013721)
(1013433,1013436)
(1013433,1013439)
(1013433,1013446)
(1013433,1013453)
(1013433,1013455)
(1013433,1013465)
(1013433,1013470)
(1013433,1013475)
(1013433,1013483)
(1013433,1013486)
(1013433,1013494)
(1013433,1013495)
(1013433,1013503)
(1013433,1013511)
(1013433,1013521)
(1013433,1013532)
(1013433,1013543)
(1013433,1013552)
(1013433,1013554)
(1013433,1013557)
(1013433,1013565)
(1013433,1013571)
(1013433,1013582)
(1013433,1013588)
(1013433,1013592)
(1013433,1013596)
(1013433,1013599)
(1013433,1013611)
(1013433,1013614)
(1013433,1013621)
(1013433,1013627)
(1013433,1013631)
(1013433,1013636)
(1013433,1013640)
(1013433,1013644)
(1013433,1013660)
(1013433,1013663)
(1013433,1013671)
(1013433,1013683)
(1013433,1013685)
(1013433,1013689)
(1013433,1013696)
(1013433,1013701)
(1013433,1013703)
(1013433,1013709)
(1013433,1013713)
(1013433,1013717)
(1013433,1013721)
(1013436,1013439)
(1013436,1013446)
(1013436,1013453)
(1013436,1013455)
(1013436,1013465)
(1013436,1013470)
(1013436,1013475)
(1013436,1013483)
(1013436,1013486)
(1013436,1013494)
(1013436,1013495)
(1013436,1013503)
(1013436,1013511)
(1013436,1013521)
(1013436,1013532)
(1013436,1013543)
(1013436,1013552)
(1013436,1013554)
(1013436,1013557)
(1013436,1013565)
(1013436,1013571)
(1013436,1013582)
(1013436,1013588)
(1013436,1013592)
(1013436,1013596)
(1013436,1013599)
(1013436,1013611)
(1013436,1013614)
(1013436,1013621)
(1013436,1013627)
(1013436,1013631)
(1013436,1013636)
(1013436,1013640)
(1013436,1013644)
(1013436,1013660)
(1013436,1013663)
(1013436,1013671)
(1013436,1013683)
(1013436,1013685)
(1013436,1013689)
(1013436,1013696)
(1013436,1013701)
(1013436,1013703)
(1013436,1013709)
(1013436,1013713)
(1013436,1013717)
(1013436,1013721)
(1013439,1013446)
(1013439,1013453)
(1013439,1013455)
(1013439,1013465)
(1013439,1013470)
(1013439,1013475)
(1013439,1013483)
(1013439,1013486)
(1013439,1013494)
(1013439,1013495)
(1013439,1013503)
(1013439,1013511)
(1013439,1013521)
(1013439,1013532)
(1013439,1013543)
(1013439,1013552)
(1013439,1013554)
(1013439,1013557)
(1013439,1013565)
(1013439,1013571)
(1013439,1013582)
(1013439,1013588)
(1013439,1013592)
(1013439,1013596)
(1013439,1013599)
(1013439,1013611)
(1013439,1013614)
(1013439,1013621)
(1013439,1013627)
(1013439,1013631)
(1013439,1013636)
(1013439,1013640)
(1013439,1013644)
(1013439,1013660)
(1013439,1013663)
(1013439,1013671)
(1013439,1013683)
(1013439,1013685)
(1013439,1013689)
(1013439,1013696)
(1013439,1013701)
(1013439,1013703)
(1013439,1013709)
(1013439,1013713)
(1013439,1013717)
(1013439,1013721)
(1013446,1013453)
(1013446,1013455)
(1013446,1013465)
(1013446,1013470)
(1013446,1013475)
(1013446,1013483)
(1013446,1013486)
(1013446,1013494)
(1013446,1013495)
(1013446,1013503)
(1013446,1013511)
(1013446,1013521)
(1013446,1013532)
(1013446,1013543)
(1013446,1013552)
(1013446,1013554)
(1013446,1013557)
(1013446,1013565)
(1013446,1013571)
(1013446,1013582)
(1013446,1013588)
(1013446,1013592)
(1013446,1013596)
(1013446,1013599)
(1013446,1013611)
(1013446,1013614)
(1013446,1013621)
(1013446,1013627)
(1013446,1013631)
(1013446,1013636)
(1013446,1013640)
(1013446,1013644)
(1013446,1013660)
(1013446,1013663)
(1013446,1013671)
(1013446,1013683)
(1013446,1013685)
(1013446,1013689)
(1013446,1013696)
(1013446,1013701)
(1013446,1013703)
(1013446,1013709)
(1013446,1013713)
(1013446,1013717)
(1013446,1013721)
(1013453,1013455)
(1013453,1013465)
(1013453,1013470)
(1013453,1013475)
(1013453,1013483)
(1013453,1013486)
(1013453,1013494)
(1013453,1013495)
(1013453,1013503)
(1013453,1013511)
(1013453,1013521)
(1013453,1013532)
(1013453,1013543)
(1013453,1013552)
(1013453,1013554)
(1013453,1013557)
(1013453,1013565)
(1013453,1013571)
(1013453,1013582)
(1013453,1013588)
(1013453,1013592)
(1013453,1013596)
(1013453,1013599)
(1013453,1013611)
(1013453,1013614)
(1013453,1013621)
(1013453,1013627)
(1013453,1013631)
(1013453,1013636)
(1013453,1013640)
(1013453,1013644)
(1013453,1013660)
(1013453,1013663)
(1013453,1013671)
(1013453,1013683)
(1013453,1013685)
(1013453,1013689)
(1013453,1013696)
(1013453,1013701)
(1013453,1013703)
(1013453,1013709)
(1013453,1013713)
(1013453,1013717)
(1013453,1013721)
(1013455,1013465)
(1013455,1013470)
(1013455,1013475)
(1013455,1013483)
(1013455,1013486)
(1013455,1013494)
(1013455,1013495)
(1013455,1013503)
(1013455,1013511)
(1013455,1013521)
(1013455,1013532)
(1013455,1013543)
(1013455,1013552)
(1013455,1013554)
(1013455,1013557)
(1013455,1013565)
(1013455,1013571)
(1013455,1013582)
(1013455,1013588)
(1013455,1013592)
(1013455,1013596)
(1013455,1013599)
(1013455,1013611)
(1013455,1013614)
(1013455,1013621)
(1013455,1013627)
(1013455,1013631)
(1013455,1013636)
(1013455,1013640)
(1013455,1013644)
(1013455,1013660)
(1013455,1013663)
(1013455,1013671)
(1013455,1013683)
(1013455,1013685)
(1013455,1013689)
(1013455,1013696)
(1013455,1013701)
(1013455,1013703)
(1013455,1013709)
(1013455,1013713)
(1013455,1013717)
(1013455,1013721)
(1013465,1013470)
(1013465,1013475)
(1013465,1013483)
(1013465,1013486)
(1013465,1013494)
(1013465,1013495)
(1013465,1013503)
(1013465,1013511)
(1013465,1013521)
(1013465,1013532)
(1013465,1013543)
(1013465,1013552)
(1013465,1013554)
(1013465,1013557)
(1013465,1013565)
(1013465,1013571)
(1013465,1013582)
(1013465,1013588)
(1013465,1013592)
(1013465,1013596)
(1013465,1013599)
(1013465,1013611)
(1013465,1013614)
(1013465,1013621)
(1013465,1013627)
(1013465,1013631)
(1013465,1013636)
(1013465,1013640)
(1013465,1013644)
(1013465,1013660)
(1013465,1013663)
(1013465,1013671)
(1013465,1013683)
(1013465,1013685)
(1013465,1013689)
(1013465,1013696)
(1013465,1013701)
(1013465,1013703)
(1013465,1013709)
(1013465,1013713)
(1013465,1013717)
(1013465,1013721)
(1013470,1013475)
(1013470,1013483)
(1013470,1013486)
(1013470,1013494)
(1013470,1013495)
(1013470,1013503)
(1013470,1013511)
(1013470,1013521)
(1013470,1013532)
(1013470,1013543)
(1013470,1013552)
(1013470,1013554)
(1013470,1013557)
(1013470,1013565)
(1013470,1013571)
(1013470,1013582)
(1013470,1013588)
(1013470,1013592)
(1013470,1013596)
(1013470,1013599)
(1013470,1013611)
(1013470,1013614)
(1013470,1013621)
(1013470,1013627)
(1013470,1013631)
(1013470,1013636)
(1013470,1013640)
(1013470,1013644)
(1013470,1013660)
(1013470,1013663)
(1013470,1013671)
(1013470,1013683)
(1013470,1013685)
(1013470,1013689)
(1013470,1013696)
(1013470,1013701)
(1013470,1013703)
(1013470,1013709)
(1013470,1013713)
(1013470,1013717)
(1013470,1013721)
(1013475,1013483)
(1013475,1013486)
(1013475,1013494)
(1013475,1013495)
(1013475,1013503)
(1013475,1013511)
(1013475,1013521)
(1013475,1013532)
(1013475,1013543)
(1013475,1013552)
(1013475,1013554)
(1013475,1013557)
(1013475,1013565)
(1013475,1013571)
(1013475,1013582)
(1013475,1013588)
(1013475,1013592)
(1013475,1013596)
(1013475,1013599)
(1013475,1013611)
(1013475,1013614)
(1013475,1013621)
(1013475,1013627)
(1013475,1013631)
(1013475,1013636)
(1013475,1013640)
(1013475,1013644)
(1013475,1013660)
(1013475,1013663)
(1013475,1013671)
(1013475,1013683)
(1013475,1013685)
(1013475,1013689)
(1013475,1013696)
(1013475,1013701)
(1013475,1013703)
(1013475,1013709)
(1013475,1013713)
(1013475,1013717)
(1013475,1013721)
(1013483,1013486)
(1013483,1013494)
(1013483,1013495)
(1013483,1013503)
(1013483,1013511)
(1013483,1013521)
(1013483,1013532)
(1013483,1013543)
(1013483,1013552)
(1013483,1013554)
(1013483,1013557)
(1013483,1013565)
(1013483,1013571)
(1013483,1013582)
(1013483,1013588)
(1013483,1013592)
(1013483,1013596)
(1013483,1013599)
(1013483,1013611)
(1013483,1013614)
(1013483,1013621)
(1013483,1013627)
(1013483,1013631)
(1013483,1013636)
(1013483,1013640)
(1013483,1013644)
(1013483,1013660)
(1013483,1013663)
(1013483,1013671)
(1013483,1013683)
(1013483,1013685)
(1013483,1013689)
(1013483,1013696)
(1013483,1013701)
(1013483,1013703)
(1013483,1013709)
(1013483,1013713)
(1013483,1013717)
(1013483,1013721)
(1013486,1013494)
(1013486,1013495)
(1013486,1013503)
(1013486,1013511)
(1013486,1013521)
(1013486,1013532)
(1013486,1013543)
(1013486,1013552)
(1013486,1013554)
(1013486,1013557)
(1013486,1013565)
(1013486,1013571)
(1013486,1013582)
(1013486,1013588)
(1013486,1013592)
(1013486,1013596)
(1013486,1013599)
(1013486,1013611)
(1013486,1013614)
(1013486,1013621)
(1013486,1013627)
(1013486,1013631)
(1013486,1013636)
(1013486,1013640)
(1013486,1013644)
(1013486,1013660)
(1013486,1013663)
(1013486,1013671)
(1013486,1013683)
(1013486,1013685)
(1013486,1013689)
(1013486,1013696)
(1013486,1013701)
(1013486,1013703)
(1013486,1013709)
(1013486,1013713)
(1013486,1013717)
(1013486,1013721)
(1013494,1013495)
(1013494,1013503)
(1013494,1013511)
(1013494,1013521)
(1013494,1013532)
(1013494,1013543)
(1013494,1013552)
(1013494,1013554)
(1013494,1013557)
(1013494,1013565)
(1013494,1013571)
(1013494,1013582)
(1013494,1013588)
(1013494,1013592)
(1013494,1013596)
(1013494,1013599)
(1013494,1013611)
(1013494,1013614)
(1013494,1013621)
(1013494,1013627)
(1013494,1013631)
(1013494,1013636)
(1013494,1013640)
(1013494,1013644)
(1013494,1013660)
(1013494,1013663)
(1013494,1013671)
(1013494,1013683)
(1013494,1013685)
(1013494,1013689)
(1013494,1013696)
(1013494,1013701)
(1013494,1013703)
(1013494,1013709)
(1013494,1013713)
(1013494,1013717)
(1013494,1013721)
(1013495,1013503)
(1013495,1013511)
(1013495,1013521)
(1013495,1013532)
(1013495,1013543)
(1013495,1013552)
(1013495,1013554)
(1013495,1013557)
(1013495,1013565)
(1013495,1013571)
(1013495,1013582)
(1013495,1013588)
(1013495,1013592)
(1013495,1013596)
(1013495,1013599)
(1013495,1013611)
(1013495,1013614)
(1013495,1013621)
(1013495,1013627)
(1013495,1013631)
(1013495,1013636)
(1013495,1013640)
(1013495,1013644)
(1013495,1013660)
(1013495,1013663)
(1013495,1013671)
(1013495,1013683)
(1013495,1013685)
(1013495,1013689)
(1013495,1013696)
(1013495,1013701)
(1013495,1013703)
(1013495,1013709)
(1013495,1013713)
(1013495,1013717)
(1013495,1013721)
(1013503,1013511)
(1013503,1013521)
(1013503,1013532)
(1013503,1013543)
(1013503,1013552)
(1013503,1013554)
(1013503,1013557)
(1013503,1013565)
(1013503,1013571)
(1013503,1013582)
(1013503,1013588)
(1013503,1013592)
(1013503,1013596)
(1013503,1013599)
(1013503,1013611)
(1013503,1013614)
(1013503,1013621)
(1013503,1013627)
(1013503,1013631)
(1013503,1013636)
(1013503,1013640)
(1013503,1013644)
(1013503,1013660)
(1013503,1013663)
(1013503,1013671)
(1013503,1013683)
(1013503,1013685)
(1013503,1013689)
(1013503,1013696)
(1013503,1013701)
(1013503,1013703)
(1013503,1013709)
(1013503,1013713)
(1013503,1013717)
(1013503,1013721)
(1013511,1013521)
(1013511,1013532)
(1013511,1013543)
(1013511,1013552)
(1013511,1013554)
(1013511,1013557)
(1013511,1013565)
(1013511,1013571)
(1013511,1013582)
(1013511,1013588)
(1013511,1013592)
(1013511,1013596)
(1013511,1013599)
(1013511,1013611)
(1013511,1013614)
(1013511,1013621)
(1013511,1013627)
(1013511,1013631)
(1013511,1013636)
(1013511,1013640)
(1013511,1013644)
(1013511,1013660)
(1013511,1013663)
(1013511,1013671)
(1013511,1013683)
(1013511,1013685)
(1013511,1013689)
(1013511,1013696)
(1013511,1013701)
(1013511,1013703)
(1013511,1013709)
(1013511,1013713)
(1013511,1013717)
(1013511,1013721)
(1013521,1013532)
(1013521,1013543)
(1013521,1013552)
(1013521,1013554)
(1013521,1013557)
(1013521,1013565)
(1013521,1013571)
(1013521,1013582)
(1013521,1013588)
(1013521,1013592)
(1013521,1013596)
(1013521,1013599)
(1013521,1013611)
(1013521,1013614)
(1013521,1013621)
(1013521,1013627)
(1013521,1013631)
(1013521,1013636)
(1013521,1013640)
(1013521,1013644)
(1013521,1013660)
(1013521,1013663)
(1013521,1013671)
(1013521,1013683)
(1013521,1013685)
(1013521,1013689)
(1013521,1013696)
(1013521,1013701)
(1013521,1013703)
(1013521,1013709)
(1013521,1013713)
(1013521,1013717)
(1013521,1013721)
(1013532,1013543)
(1013532,1013552)
(1013532,1013554)
(1013532,1013557)
(1013532,1013565)
(1013532,1013571)
(1013532,1013582)
(1013532,1013588)
(1013532,1013592)
(1013532,1013596)
(1013532,1013599)
(1013532,1013611)
(1013532,1013614)
(1013532,1013621)
(1013532,1013627)
(1013532,1013631)
(1013532,1013636)
(1013532,1013640)
(1013532,1013644)
(1013532,1013660)
(1013532,1013663)
(1013532,1013671)
(1013532,1013683)
(1013532,1013685)
(1013532,1013689)
(1013532,1013696)
(1013532,1013701)
(1013532,1013703)
(1013532,1013709)
(1013532,1013713)
(1013532,1013717)
(1013532,1013721)
(1013543,1013552)
(1013543,1013554)
(1013543,1013557)
(1013543,1013565)
(1013543,1013571)
(1013543,1013582)
(1013543,1013588)
(1013543,1013592)
(1013543,1013596)
(1013543,1013599)
(1013543,1013611)
(1013543,1013614)
(1013543,1013621)
(1013543,1013627)
(1013543,1013631)
(1013543,1013636)
(1013543,1013640)
(1013543,1013644)
(1013543,1013660)
(1013543,1013663)
(1013543,1013671)
(1013543,1013683)
(1013543,1013685)
(1013543,1013689)
(1013543,1013696)
(1013543,1013701)
(1013543,1013703)
(1013543,1013709)
(1013543,1013713)
(1013543,1013717)
(1013543,1013721)
(1013552,1013554)
(1013552,1013557)
(1013552,1013565)
(1013552,1013571)
(1013552,1013582)
(1013552,1013588)
(1013552,1013592)
(1013552,1013596)
(1013552,1013599)
(1013552,1013611)
(1013552,1013614)
(1013552,1013621)
(1013552,1013627)
(1013552,1013631)
(1013552,1013636)
(1013552,1013640)
(1013552,1013644)
(1013552,1013660)
(1013552,1013663)
(1013552,1013671)
(1013552,1013683)
(1013552,1013685)
(1013552,1013689)
(1013552,1013696)
(1013552,1013701)
(1013552,1013703)
(1013552,1013709)
(1013552,1013713)
(1013552,1013717)
(1013552,1013721)
(1013554,1013557)
(1013554,1013565)
(1013554,1013571)
(1013554,1013582)
(1013554,1013588)
(1013554,1013592)
(1013554,1013596)
(1013554,1013599)
(1013554,1013611)
(1013554,1013614)
(1013554,1013621)
(1013554,1013627)
(1013554,1013631)
(1013554,1013636)
(1013554,1013640)
(1013554,1013644)
(1013554,1013660)
(1013554,1013663)
(1013554,1013671)
(1013554,1013683)
(1013554,1013685)
(1013554,1013689)
(1013554,1013696)
(1013554,1013701)
(1013554,1013703)
(1013554,1013709)
(1013554,1013713)
(1013554,1013717)
(1013554,1013721)
(1013557,1013565)
(1013557,1013571)
(1013557,1013582)
(1013557,1013588)
(1013557,1013592)
(1013557,1013596)
(1013557,1013599)
(1013557,1013611)
(1013557,1013614)
(1013557,1013621)
(1013557,1013627)
(1013557,1013631)
(1013557,1013636)
(1013557,1013640)
(1013557,1013644)
(1013557,1013660)
(1013557,1013663)
(1013557,1013671)
(1013557,1013683)
(1013557,1013685)
(1013557,1013689)
(1013557,1013696)
(1013557,1013701)
(1013557,1013703)
(1013557,1013709)
(1013557,1013713)
(1013557,1013717)
(1013557,1013721)
(1013565,1013571)
(1013565,1013582)
(1013565,1013588)
(1013565,1013592)
(1013565,1013596)
(1013565,1013599)
(1013565,1013611)
(1013565,1013614)
(1013565,1013621)
(1013565,1013627)
(1013565,1013631)
(1013565,1013636)
(1013565,1013640)
(1013565,1013644)
(1013565,1013660)
(1013565,1013663)
(1013565,1013671)
(1013565,1013683)
(1013565,1013685)
(1013565,1013689)
(1013565,1013696)
(1013565,1013701)
(1013565,1013703)
(1013565,1013709)
(1013565,1013713)
(1013565,1013717)
(1013565,1013721)
(1013571,1013582)
(1013571,1013588)
(1013571,1013592)
(1013571,1013596)
(1013571,1013599)
(1013571,1013611)
(1013571,1013614)
(1013571,1013621)
(1013571,1013627)
(1013571,1013631)
(1013571,1013636)
(1013571,1013640)
(1013571,1013644)
(1013571,1013660)
(1013571,1013663)
(1013571,1013671)
(1013571,1013683)
(1013571,1013685)
(1013571,1013689)
(1013571,1013696)
(1013571,1013701)
(1013571,1013703)
(1013571,1013709)
(1013571,1013713)
(1013571,1013717)
(1013571,1013721)
(1013582,1013588)
(1013582,1013592)
(1013582,1013596)
(1013582,1013599)
(1013582,1013611)
(1013582,1013614)
(1013582,1013621)
(1013582,1013627)
(1013582,1013631)
(1013582,1013636)
(1013582,1013640)
(1013582,1013644)
(1013582,1013660)
(1013582,1013663)
(1013582,1013671)
(1013582,1013683)
(1013582,1013685)
(1013582,1013689)
(1013582,1013696)
(1013582,1013701)
(1013582,1013703)
(1013582,1013709)
(1013582,1013713)
(1013582,1013717)
(1013582,1013721)
(1013588,1013592)
(1013588,1013596)
(1013588,1013599)
(1013588,1013611)
(1013588,1013614)
(1013588,1013621)
(1013588,1013627)
(1013588,1013631)
(1013588,1013636)
(1013588,1013640)
(1013588,1013644)
(1013588,1013660)
(1013588,1013663)
(1013588,1013671)
(1013588,1013683)
(1013588,1013685)
(1013588,1013689)
(1013588,1013696)
(1013588,1013701)
(1013588,1013703)
(1013588,1013709)
(1013588,1013713)
(1013588,1013717)
(1013588,1013721)
(1013592,1013596)
(1013592,1013599)
(1013592,1013611)
(1013592,1013614)
(1013592,1013621)
(1013592,1013627)
(1013592,1013631)
(1013592,1013636)
(1013592,1013640)
(1013592,1013644)
(1013592,1013660)
(1013592,1013663)
(1013592,1013671)
(1013592,1013683)
(1013592,1013685)
(1013592,1013689)
(1013592,1013696)
(1013592,1013701)
(1013592,1013703)
(1013592,1013709)
(1013592,1013713)
(1013592,1013717)
(1013592,1013721)
(1013596,1013599)
(1013596,1013611)
(1013596,1013614)
(1013596,1013621)
(1013596,1013627)
(1013596,1013631)
(1013596,1013636)
(1013596,1013640)
(1013596,1013644)
(1013596,1013660)
(1013596,1013663)
(1013596,1013671)
(1013596,1013683)
(1013596,1013685)
(1013596,1013689)
(1013596,1013696)
(1013596,1013701)
(1013596,1013703)
(1013596,1013709)
(1013596,1013713)
(1013596,1013717)
(1013596,1013721)
(1013599,1013611)
(1013599,1013614)
(1013599,1013621)
(1013599,1013627)
(1013599,1013631)
(1013599,1013636)
(1013599,1013640)
(1013599,1013644)
(1013599,1013660)
(1013599,1013663)
(1013599,1013671)
(1013599,1013683)
(1013599,1013685)
(1013599,1013689)
(1013599,1013696)
(1013599,1013701)
(1013599,1013703)
(1013599,1013709)
(1013599,1013713)
(1013599,1013717)
(1013599,1013721)
(1013611,1013614)
(1013611,1013621)
(1013611,1013627)
(1013611,1013631)
(1013611,1013636)
(1013611,1013640)
(1013611,1013644)
(1013611,1013660)
(1013611,1013663)
(1013611,1013671)
(1013611,1013683)
(1013611,1013685)
(1013611,1013689)
(1013611,1013696)
(1013611,1013701)
(1013611,1013703)
(1013611,1013709)
(1013611,1013713)
(1013611,1013717)
(1013611,1013721)
(1013614,1013621)
(1013614,1013627)
(1013614,1013631)
(1013614,1013636)
(1013614,1013640)
(1013614,1013644)
(1013614,1013660)
(1013614,1013663)
(1013614,1013671)
(1013614,1013683)
(1013614,1013685)
(1013614,1013689)
(1013614,1013696)
(1013614,1013701)
(1013614,1013703)
(1013614,1013709)
(1013614,1013713)
(1013614,1013717)
(1013614,1013721)
(1013621,1013627)
(1013621,1013631)
(1013621,1013636)
(1013621,1013640)
(1013621,1013644)
(1013621,1013660)
(1013621,1013663)
(1013621,1013671)
(1013621,1013683)
(1013621,1013685)
(1013621,1013689)
(1013621,1013696)
(1013621,1013701)
(1013621,1013703)
(1013621,1013709)
(1013621,1013713)
(1013621,1013717)
(1013621,1013721)
(1013627,1013631)
(1013627,1013636)
(1013627,1013640)
(1013627,1013644)
(1013627,1013660)
(1013627,1013663)
(1013627,1013671)
(1013627,1013683)
(1013627,1013685)
(1013627,1013689)
(1013627,1013696)
(1013627,1013701)
(1013627,1013703)
(1013627,1013709)
(1013627,1013713)
(1013627,1013717)
(1013627,1013721)
(1013631,1013636)
(1013631,1013640)
(1013631,1013644)
(1013631,1013660)
(1013631,1013663)
(1013631,1013671)
(1013631,1013683)
(1013631,1013685)
(1013631,1013689)
(1013631,1013696)
(1013631,1013701)
(1013631,1013703)
(1013631,1013709)
(1013631,1013713)
(1013631,1013717)
(1013631,1013721)
(1013636,1013640)
(1013636,1013644)
(1013636,1013660)
(1013636,1013663)
(1013636,1013671)
(1013636,1013683)
(1013636,1013685)
(1013636,1013689)
(1013636,1013696)
(1013636,1013701)
(1013636,1013703)
(1013636,1013709)
(1013636,1013713)
(1013636,1013717)
(1013636,1013721)
(1013640,1013644)
(1013640,1013660)
(1013640,1013663)
(1013640,1013671)
(1013640,1013683)
(1013640,1013685)
(1013640,1013689)
(1013640,1013696)
(1013640,1013701)
(1013640,1013703)
(1013640,1013709)
(1013640,1013713)
(1013640,1013717)
(1013640,1013721)
(1013644,1013660)
(1013644,1013663)
(1013644,1013671)
(1013644,1013683)
(1013644,1013685)
(1013644,1013689)
(1013644,1013696)
(1013644,1013701)
(1013644,1013703)
(1013644,1013709)
(1013644,1013713)
(1013644,1013717)
(1013644,1013721)
(1013660,1013663)
(1013660,1013671)
(1013660,1013683)
(1013660,1013685)
(1013660,1013689)
(1013660,1013696)
(1013660,1013701)
(1013660,1013703)
(1013660,1013709)
(1013660,1013713)
(1013660,1013717)
(1013660,1013721)
(1013663,1013671)
(1013663,1013683)
(1013663,1013685)
(1013663,1013689)
(1013663,1013696)
(1013663,1013701)
(1013663,1013703)
(1013663,1013709)
(1013663,1013713)
(1013663,1013717)
(1013663,1013721)
(1013671,1013683)
(1013671,1013685)
(1013671,1013689)
(1013671,1013696)
(1013671,1013701)
(1013671,1013703)
(1013671,1013709)
(1013671,1013713)
(1013671,1013717)
(1013671,1013721)
(1013683,1013685)
(1013683,1013689)
(1013683,1013696)
(1013683,1013701)
(1013683,1013703)
(1013683,1013709)
(1013683,1013713)
(1013683,1013717)
(1013683,1013721)
(1013685,1013689)
(1013685,1013696)
(1013685,1013701)
(1013685,1013703)
(1013685,1013709)
(1013685,1013713)
(1013685,1013717)
(1013685,1013721)
(1013689,1013696)
(1013689,1013701)
(1013689,1013703)
(1013689,1013709)
(1013689,1013713)
(1013689,1013717)
(1013689,1013721)
(1013696,1013701)
(1013696,1013703)
(1013696,1013709)
(1013696,1013713)
(1013696,1013717)
(1013696,1013721)
(1013701,1013703)
(1013701,1013709)
(1013701,1013713)
(1013701,1013717)
(1013701,1013721)
(1013703,1013709)
(1013703,1013713)
(1013703,1013717)
(1013703,1013721)
(1013709,1013713)
(1013709,1013717)
(1013709,1013721)
(1013713,1013717)
(1013713,1013721)
(1013717,1013721)
(559855,559879)
(559855,1014028)
(559855,1014031)
(559879,1014028)
(559879,1014031)
(1014028,1014031)
(1013729,1013739)
(1013729,1013746)
(1013729,1013750)
(1013739,1013746)
(1013739,1013750)
(1013746,1013750)
(1013753,1013755)
(1013753,1013760)
(1013753,1013762)
(1013753,1013764)
(1013753,1013766)
(1013753,1013768)
(1013753,1013771)
(1013753,1013773)
(1013753,1013777)
(1013753,1013778)
(1013753,1013785)
(1013753,1013786)
(1013753,1013789)
(1013753,1013791)
(1013753,1013795)
(1013753,1013796)
(1013753,1013798)
(1013753,1013802)
(1013753,1013807)
(1013753,1013810)
(1013753,1013812)
(1013753,1013818)
(1013753,1013820)
(1013753,1013822)
(1013753,1013830)
(1013753,1013833)
(1013753,1013836)
(1013753,1013843)
(1013753,1013846)
(1013753,1013853)
(1013753,1013856)
(1013753,1013858)
(1013753,1013860)
(1013753,1013865)
(1013753,1013872)
(1013753,1013874)
(1013753,1013879)
(1013753,1013883)
(1013755,1013760)
(1013755,1013762)
(1013755,1013764)
(1013755,1013766)
(1013755,1013768)
(1013755,1013771)
(1013755,1013773)
(1013755,1013777)
(1013755,1013778)
(1013755,1013785)
(1013755,1013786)
(1013755,1013789)
(1013755,1013791)
(1013755,1013795)
(1013755,1013796)
(1013755,1013798)
(1013755,1013802)
(1013755,1013807)
(1013755,1013810)
(1013755,1013812)
(1013755,1013818)
(1013755,1013820)
(1013755,1013822)
(1013755,1013830)
(1013755,1013833)
(1013755,1013836)
(1013755,1013843)
(1013755,1013846)
(1013755,1013853)
(1013755,1013856)
(1013755,1013858)
(1013755,1013860)
(1013755,1013865)
(1013755,1013872)
(1013755,1013874)
(1013755,1013879)
(1013755,1013883)
(1013760,1013762)
(1013760,1013764)
(1013760,1013766)
(1013760,1013768)
(1013760,1013771)
(1013760,1013773)
(1013760,1013777)
(1013760,1013778)
(1013760,1013785)
(1013760,1013786)
(1013760,1013789)
(1013760,1013791)
(1013760,1013795)
(1013760,1013796)
(1013760,1013798)
(1013760,1013802)
(1013760,1013807)
(1013760,1013810)
(1013760,1013812)
(1013760,1013818)
(1013760,1013820)
(1013760,1013822)
(1013760,1013830)
(1013760,1013833)
(1013760,1013836)
(1013760,1013843)
(1013760,1013846)
(1013760,1013853)
(1013760,1013856)
(1013760,1013858)
(1013760,1013860)
(1013760,1013865)
(1013760,1013872)
(1013760,1013874)
(1013760,1013879)
(1013760,1013883)
(1013762,1013764)
(1013762,1013766)
(1013762,1013768)
(1013762,1013771)
(1013762,1013773)
(1013762,1013777)
(1013762,1013778)
(1013762,1013785)
(1013762,1013786)
(1013762,1013789)
(1013762,1013791)
(1013762,1013795)
(1013762,1013796)
(1013762,1013798)
(1013762,1013802)
(1013762,1013807)
(1013762,1013810)
(1013762,1013812)
(1013762,1013818)
(1013762,1013820)
(1013762,1013822)
(1013762,1013830)
(1013762,1013833)
(1013762,1013836)
(1013762,1013843)
(1013762,1013846)
(1013762,1013853)
(1013762,1013856)
(1013762,1013858)
(1013762,1013860)
(1013762,1013865)
(1013762,1013872)
(1013762,1013874)
(1013762,1013879)
(1013762,1013883)
(1013764,1013766)
(1013764,1013768)
(1013764,1013771)
(1013764,1013773)
(1013764,1013777)
(1013764,1013778)
(1013764,1013785)
(1013764,1013786)
(1013764,1013789)
(1013764,1013791)
(1013764,1013795)
(1013764,1013796)
(1013764,1013798)
(1013764,1013802)
(1013764,1013807)
(1013764,1013810)
(1013764,1013812)
(1013764,1013818)
(1013764,1013820)
(1013764,1013822)
(1013764,1013830)
(1013764,1013833)
(1013764,1013836)
(1013764,1013843)
(1013764,1013846)
(1013764,1013853)
(1013764,1013856)
(1013764,1013858)
(1013764,1013860)
(1013764,1013865)
(1013764,1013872)
(1013764,1013874)
(1013764,1013879)
(1013764,1013883)
(1013766,1013768)
(1013766,1013771)
(1013766,1013773)
(1013766,1013777)
(1013766,1013778)
(1013766,1013785)
(1013766,1013786)
(1013766,1013789)
(1013766,1013791)
(1013766,1013795)
(1013766,1013796)
(1013766,1013798)
(1013766,1013802)
(1013766,1013807)
(1013766,1013810)
(1013766,1013812)
(1013766,1013818)
(1013766,1013820)
(1013766,1013822)
(1013766,1013830)
(1013766,1013833)
(1013766,1013836)
(1013766,1013843)
(1013766,1013846)
(1013766,1013853)
(1013766,1013856)
(1013766,1013858)
(1013766,1013860)
(1013766,1013865)
(1013766,1013872)
(1013766,1013874)
(1013766,1013879)
(1013766,1013883)
(1013768,1013771)
(1013768,1013773)
(1013768,1013777)
(1013768,1013778)
(1013768,1013785)
(1013768,1013786)
(1013768,1013789)
(1013768,1013791)
(1013768,1013795)
(1013768,1013796)
(1013768,1013798)
(1013768,1013802)
(1013768,1013807)
(1013768,1013810)
(1013768,1013812)
(1013768,1013818)
(1013768,1013820)
(1013768,1013822)
(1013768,1013830)
(1013768,1013833)
(1013768,1013836)
(1013768,1013843)
(1013768,1013846)
(1013768,1013853)
(1013768,1013856)
(1013768,1013858)
(1013768,1013860)
(1013768,1013865)
(1013768,1013872)
(1013768,1013874)
(1013768,1013879)
(1013768,1013883)
(1013771,1013773)
(1013771,1013777)
(1013771,1013778)
(1013771,1013785)
(1013771,1013786)
(1013771,1013789)
(1013771,1013791)
(1013771,1013795)
(1013771,1013796)
(1013771,1013798)
(1013771,1013802)
(1013771,1013807)
(1013771,1013810)
(1013771,1013812)
(1013771,1013818)
(1013771,1013820)
(1013771,1013822)
(1013771,1013830)
(1013771,1013833)
(1013771,1013836)
(1013771,1013843)
(1013771,1013846)
(1013771,1013853)
(1013771,1013856)
(1013771,1013858)
(1013771,1013860)
(1013771,1013865)
(1013771,1013872)
(1013771,1013874)
(1013771,1013879)
(1013771,1013883)
(1013773,1013777)
(1013773,1013778)
(1013773,1013785)
(1013773,1013786)
(1013773,1013789)
(1013773,1013791)
(1013773,1013795)
(1013773,1013796)
(1013773,1013798)
(1013773,1013802)
(1013773,1013807)
(1013773,1013810)
(1013773,1013812)
(1013773,1013818)
(1013773,1013820)
(1013773,1013822)
(1013773,1013830)
(1013773,1013833)
(1013773,1013836)
(1013773,1013843)
(1013773,1013846)
(1013773,1013853)
(1013773,1013856)
(1013773,1013858)
(1013773,1013860)
(1013773,1013865)
(1013773,1013872)
(1013773,1013874)
(1013773,1013879)
(1013773,1013883)
(1013777,1013778)
(1013777,1013785)
(1013777,1013786)
(1013777,1013789)
(1013777,1013791)
(1013777,1013795)
(1013777,1013796)
(1013777,1013798)
(1013777,1013802)
(1013777,1013807)
(1013777,1013810)
(1013777,1013812)
(1013777,1013818)
(1013777,1013820)
(1013777,1013822)
(1013777,1013830)
(1013777,1013833)
(1013777,1013836)
(1013777,1013843)
(1013777,1013846)
(1013777,1013853)
(1013777,1013856)
(1013777,1013858)
(1013777,1013860)
(1013777,1013865)
(1013777,1013872)
(1013777,1013874)
(1013777,1013879)
(1013777,1013883)
(1013778,1013785)
(1013778,1013786)
(1013778,1013789)
(1013778,1013791)
(1013778,1013795)
(1013778,1013796)
(1013778,1013798)
(1013778,1013802)
(1013778,1013807)
(1013778,1013810)
(1013778,1013812)
(1013778,1013818)
(1013778,1013820)
(1013778,1013822)
(1013778,1013830)
(1013778,1013833)
(1013778,1013836)
(1013778,1013843)
(1013778,1013846)
(1013778,1013853)
(1013778,1013856)
(1013778,1013858)
(1013778,1013860)
(1013778,1013865)
(1013778,1013872)
(1013778,1013874)
(1013778,1013879)
(1013778,1013883)
(1013785,1013786)
(1013785,1013789)
(1013785,1013791)
(1013785,1013795)
(1013785,1013796)
(1013785,1013798)
(1013785,1013802)
(1013785,1013807)
(1013785,1013810)
(1013785,1013812)
(1013785,1013818)
(1013785,1013820)
(1013785,1013822)
(1013785,1013830)
(1013785,1013833)
(1013785,1013836)
(1013785,1013843)
(1013785,1013846)
(1013785,1013853)
(1013785,1013856)
(1013785,1013858)
(1013785,1013860)
(1013785,1013865)
(1013785,1013872)
(1013785,1013874)
(1013785,1013879)
(1013785,1013883)
(1013786,1013789)
(1013786,1013791)
(1013786,1013795)
(1013786,1013796)
(1013786,1013798)
(1013786,1013802)
(1013786,1013807)
(1013786,1013810)
(1013786,1013812)
(1013786,1013818)
(1013786,1013820)
(1013786,1013822)
(1013786,1013830)
(1013786,1013833)
(1013786,1013836)
(1013786,1013843)
(1013786,1013846)
(1013786,1013853)
(1013786,1013856)
(1013786,1013858)
(1013786,1013860)
(1013786,1013865)
(1013786,1013872)
(1013786,1013874)
(1013786,1013879)
(1013786,1013883)
(1013789,1013791)
(1013789,1013795)
(1013789,1013796)
(1013789,1013798)
(1013789,1013802)
(1013789,1013807)
(1013789,1013810)
(1013789,1013812)
(1013789,1013818)
(1013789,1013820)
(1013789,1013822)
(1013789,1013830)
(1013789,1013833)
(1013789,1013836)
(1013789,1013843)
(1013789,1013846)
(1013789,1013853)
(1013789,1013856)
(1013789,1013858)
(1013789,1013860)
(1013789,1013865)
(1013789,1013872)
(1013789,1013874)
(1013789,1013879)
(1013789,1013883)
(1013791,1013795)
(1013791,1013796)
(1013791,1013798)
(1013791,1013802)
(1013791,1013807)
(1013791,1013810)
(1013791,1013812)
(1013791,1013818)
(1013791,1013820)
(1013791,1013822)
(1013791,1013830)
(1013791,1013833)
(1013791,1013836)
(1013791,1013843)
(1013791,1013846)
(1013791,1013853)
(1013791,1013856)
(1013791,1013858)
(1013791,1013860)
(1013791,1013865)
(1013791,1013872)
(1013791,1013874)
(1013791,1013879)
(1013791,1013883)
(1013795,1013796)
(1013795,1013798)
(1013795,1013802)
(1013795,1013807)
(1013795,1013810)
(1013795,1013812)
(1013795,1013818)
(1013795,1013820)
(1013795,1013822)
(1013795,1013830)
(1013795,1013833)
(1013795,1013836)
(1013795,1013843)
(1013795,1013846)
(1013795,1013853)
(1013795,1013856)
(1013795,1013858)
(1013795,1013860)
(1013795,1013865)
(1013795,1013872)
(1013795,1013874)
(1013795,1013879)
(1013795,1013883)
(1013796,1013798)
(1013796,1013802)
(1013796,1013807)
(1013796,1013810)
(1013796,1013812)
(1013796,1013818)
(1013796,1013820)
(1013796,1013822)
(1013796,1013830)
(1013796,1013833)
(1013796,1013836)
(1013796,1013843)
(1013796,1013846)
(1013796,1013853)
(1013796,1013856)
(1013796,1013858)
(1013796,1013860)
(1013796,1013865)
(1013796,1013872)
(1013796,1013874)
(1013796,1013879)
(1013796,1013883)
(1013798,1013802)
(1013798,1013807)
(1013798,1013810)
(1013798,1013812)
(1013798,1013818)
(1013798,1013820)
(1013798,1013822)
(1013798,1013830)
(1013798,1013833)
(1013798,1013836)
(1013798,1013843)
(1013798,1013846)
(1013798,1013853)
(1013798,1013856)
(1013798,1013858)
(1013798,1013860)
(1013798,1013865)
(1013798,1013872)
(1013798,1013874)
(1013798,1013879)
(1013798,1013883)
(1013802,1013807)
(1013802,1013810)
(1013802,1013812)
(1013802,1013818)
(1013802,1013820)
(1013802,1013822)
(1013802,1013830)
(1013802,1013833)
(1013802,1013836)
(1013802,1013843)
(1013802,1013846)
(1013802,1013853)
(1013802,1013856)
(1013802,1013858)
(1013802,1013860)
(1013802,1013865)
(1013802,1013872)
(1013802,1013874)
(1013802,1013879)
(1013802,1013883)
(1013807,1013810)
(1013807,1013812)
(1013807,1013818)
(1013807,1013820)
(1013807,1013822)
(1013807,1013830)
(1013807,1013833)
(1013807,1013836)
(1013807,1013843)
(1013807,1013846)
(1013807,1013853)
(1013807,1013856)
(1013807,1013858)
(1013807,1013860)
(1013807,1013865)
(1013807,1013872)
(1013807,1013874)
(1013807,1013879)
(1013807,1013883)
(1013810,1013812)
(1013810,1013818)
(1013810,1013820)
(1013810,1013822)
(1013810,1013830)
(1013810,1013833)
(1013810,1013836)
(1013810,1013843)
(1013810,1013846)
(1013810,1013853)
(1013810,1013856)
(1013810,1013858)
(1013810,1013860)
(1013810,1013865)
(1013810,1013872)
(1013810,1013874)
(1013810,1013879)
(1013810,1013883)
(1013812,1013818)
(1013812,1013820)
(1013812,1013822)
(1013812,1013830)
(1013812,1013833)
(1013812,1013836)
(1013812,1013843)
(1013812,1013846)
(1013812,1013853)
(1013812,1013856)
(1013812,1013858)
(1013812,1013860)
(1013812,1013865)
(1013812,1013872)
(1013812,1013874)
(1013812,1013879)
(1013812,1013883)
(1013818,1013820)
(1013818,1013822)
(1013818,1013830)
(1013818,1013833)
(1013818,1013836)
(1013818,1013843)
(1013818,1013846)
(1013818,1013853)
(1013818,1013856)
(1013818,1013858)
(1013818,1013860)
(1013818,1013865)
(1013818,1013872)
(1013818,1013874)
(1013818,1013879)
(1013818,1013883)
(1013820,1013822)
(1013820,1013830)
(1013820,1013833)
(1013820,1013836)
(1013820,1013843)
(1013820,1013846)
(1013820,1013853)
(1013820,1013856)
(1013820,1013858)
(1013820,1013860)
(1013820,1013865)
(1013820,1013872)
(1013820,1013874)
(1013820,1013879)
(1013820,1013883)
(1013822,1013830)
(1013822,1013833)
(1013822,1013836)
(1013822,1013843)
(1013822,1013846)
(1013822,1013853)
(1013822,1013856)
(1013822,1013858)
(1013822,1013860)
(1013822,1013865)
(1013822,1013872)
(1013822,1013874)
(1013822,1013879)
(1013822,1013883)
(1013830,1013833)
(1013830,1013836)
(1013830,1013843)
(1013830,1013846)
(1013830,1013853)
(1013830,1013856)
(1013830,1013858)
(1013830,1013860)
(1013830,1013865)
(1013830,1013872)
(1013830,1013874)
(1013830,1013879)
(1013830,1013883)
(1013833,1013836)
(1013833,1013843)
(1013833,1013846)
(1013833,1013853)
(1013833,1013856)
(1013833,1013858)
(1013833,1013860)
(1013833,1013865)
(1013833,1013872)
(1013833,1013874)
(1013833,1013879)
(1013833,1013883)
(1013836,1013843)
(1013836,1013846)
(1013836,1013853)
(1013836,1013856)
(1013836,1013858)
(1013836,1013860)
(1013836,1013865)
(1013836,1013872)
(1013836,1013874)
(1013836,1013879)
(1013836,1013883)
(1013843,1013846)
(1013843,1013853)
(1013843,1013856)
(1013843,1013858)
(1013843,1013860)
(1013843,1013865)
(1013843,1013872)
(1013843,1013874)
(1013843,1013879)
(1013843,1013883)
(1013846,1013853)
(1013846,1013856)
(1013846,1013858)
(1013846,1013860)
(1013846,1013865)
(1013846,1013872)
(1013846,1013874)
(1013846,1013879)
(1013846,1013883)
(1013853,1013856)
(1013853,1013858)
(1013853,1013860)
(1013853,1013865)
(1013853,1013872)
(1013853,1013874)
(1013853,1013879)
(1013853,1013883)
(1013856,1013858)
(1013856,1013860)
(1013856,1013865)
(1013856,1013872)
(1013856,1013874)
(1013856,1013879)
(1013856,1013883)
(1013858,1013860)
(1013858,1013865)
(1013858,1013872)
(1013858,1013874)
(1013858,1013879)
(1013858,1013883)
(1013860,1013865)
(1013860,1013872)
(1013860,1013874)
(1013860,1013879)
(1013860,1013883)
(1013865,1013872)
(1013865,1013874)
(1013865,1013879)
(1013865,1013883)
(1013872,1013874)
(1013872,1013879)
(1013872,1013883)
(1013874,1013879)
(1013874,1013883)
(1013879,1013883)
(1014005,1014007)
(1014005,1014009)
(1014005,1014011)
(1014005,1014013)
(1014005,1014016)
(1014005,1014018)
(1014005,1014023)
(1014007,1014009)
(1014007,1014011)
(1014007,1014013)
(1014007,1014016)
(1014007,1014018)
(1014007,1014023)
(1014009,1014011)
(1014009,1014013)
(1014009,1014016)
(1014009,1014018)
(1014009,1014023)
(1014011,1014013)
(1014011,1014016)
(1014011,1014018)
(1014011,1014023)
(1014013,1014016)
(1014013,1014018)
(1014013,1014023)
(1014016,1014018)
(1014016,1014023)
(1014018,1014023)
(1014041,1014043)
(1014041,1014047)
(1014043,1014047)
(1014053,1014054)
(1014061,1014065)
(1014074,1014079)
(1014088,1014094)
(1014088,1014099)
(1014088,1014101)
(1014088,1014103)
(1014088,1014105)
(1014088,1014107)
(1014088,1014109)
(1014094,1014099)
(1014094,1014101)
(1014094,1014103)
(1014094,1014105)
(1014094,1014107)
(1014094,1014109)
(1014099,1014101)
(1014099,1014103)
(1014099,1014105)
(1014099,1014107)
(1014099,1014109)
(1014101,1014103)
(1014101,1014105)
(1014101,1014107)
(1014101,1014109)
(1014103,1014105)
(1014103,1014107)
(1014103,1014109)
(1014105,1014107)
(1014105,1014109)
(1014107,1014109)
(1014113,1014115)
(1014113,1014121)
(1014113,1014125)
(1014113,1014126)
(1014113,1014133)
(1014113,1014137)
(1014115,1014121)
(1014115,1014125)
(1014115,1014126)
(1014115,1014133)
(1014115,1014137)
(1014121,1014125)
(1014121,1014126)
(1014121,1014133)
(1014121,1014137)
(1014125,1014126)
(1014125,1014133)
(1014125,1014137)
(1014126,1014133)
(1014126,1014137)
(1014133,1014137)
(1014142,1014147)
(1014201,1014212)
(1014201,1014221)
(1014212,1014221)
(1014229,1014235)
(1014229,1014238)
(1014235,1014238)
(1014245,1014248)
(1014245,1014251)
(1014245,1014253)
(1014248,1014251)
(1014248,1014253)
(1014251,1014253)
(1014265,1014273)
(1014293,1014300)
(1014293,1014302)
(1014300,1014302)
(1014307,1014313)
(1014307,1014314)
(1014313,1014314)
