(111996,998140)
(111996,998148)
(111996,998153)
(111996,998159)
(111996,998162)
(111996,998169)
(111996,998180)
(111996,998187)
(111996,998195)
(111996,998203)
(111996,998210)
(111996,998216)
(111996,998222)
(111996,998229)
(111996,998236)
(111996,998239)
(111996,998249)
(111996,998256)
(111996,998263)
(111996,998268)
(111996,998273)
(111996,998279)
(111996,998284)
(111996,998290)
(111996,998296)
(111996,998301)
(111996,998309)
(111996,998317)
(111996,998324)
(111996,998330)
(111996,998338)
(111996,998344)
(111996,998350)
(111996,998354)
(111996,998360)
(111996,998367)
(111996,998373)
(111996,998377)
(111996,998393)
(111996,998400)
(111996,998405)
(111996,998411)
(111996,998416)
(111996,998430)
(111996,998437)
(111996,998443)
(111996,998450)
(111996,998460)
(111996,998468)
(111996,998476)
(111996,998485)
(111996,998494)
(111996,998501)
(111996,998509)
(111996,998516)
(111996,998523)
(111996,998528)
(111996,998541)
(111996,998550)
(111996,998556)
(111996,998559)
(111996,998566)
(111996,998570)
(111996,998580)
(111996,998592)
(111996,998596)
(111996,998602)
(111996,998604)
(111996,998612)
(111996,998622)
(111996,998630)
(111996,998635)
(111996,998641)
(111996,998647)
(111996,998652)
(111996,998658)
(111996,998665)
(111996,998669)
(111996,998675)
(111996,998684)
(111996,998690)
(998140,998148)
(998140,998153)
(998140,998159)
(998140,998162)
(998140,998169)
(998140,998180)
(998140,998187)
(998140,998195)
(998140,998203)
(998140,998210)
(998140,998216)
(998140,998222)
(998140,998229)
(998140,998236)
(998140,998239)
(998140,998249)
(998140,998256)
(998140,998263)
(998140,998268)
(998140,998273)
(998140,998279)
(998140,998284)
(998140,998290)
(998140,998296)
(998140,998301)
(998140,998309)
(998140,998317)
(998140,998324)
(998140,998330)
(998140,998338)
(998140,998344)
(998140,998350)
(998140,998354)
(998140,998360)
(998140,998367)
(998140,998373)
(998140,998377)
(998140,998393)
(998140,998400)
(998140,998405)
(998140,998411)
(998140,998416)
(998140,998430)
(998140,998437)
(998140,998443)
(998140,998450)
(998140,998460)
(998140,998468)
(998140,998476)
(998140,998485)
(998140,998494)
(998140,998501)
(998140,998509)
(998140,998516)
(998140,998523)
(998140,998528)
(998140,998541)
(998140,998550)
(998140,998556)
(998140,998559)
(998140,998566)
(998140,998570)
(998140,998580)
(998140,998592)
(998140,998596)
(998140,998602)
(998140,998604)
(998140,998612)
(998140,998622)
(998140,998630)
(998140,998635)
(998140,998641)
(998140,998647)
(998140,998652)
(998140,998658)
(998140,998665)
(998140,998669)
(998140,998675)
(998140,998684)
(998140,998690)
(998148,998153)
(998148,998159)
(998148,998162)
(998148,998169)
(998148,998180)
(998148,998187)
(998148,998195)
(998148,998203)
(998148,998210)
(998148,998216)
(998148,998222)
(998148,998229)
(998148,998236)
(998148,998239)
(998148,998249)
(998148,998256)
(998148,998263)
(998148,998268)
(998148,998273)
(998148,998279)
(998148,998284)
(998148,998290)
(998148,998296)
(998148,998301)
(998148,998309)
(998148,998317)
(998148,998324)
(998148,998330)
(998148,998338)
(998148,998344)
(998148,998350)
(998148,998354)
(998148,998360)
(998148,998367)
(998148,998373)
(998148,998377)
(998148,998393)
(998148,998400)
(998148,998405)
(998148,998411)
(998148,998416)
(998148,998430)
(998148,998437)
(998148,998443)
(998148,998450)
(998148,998460)
(998148,998468)
(998148,998476)
(998148,998485)
(998148,998494)
(998148,998501)
(998148,998509)
(998148,998516)
(998148,998523)
(998148,998528)
(998148,998541)
(998148,998550)
(998148,998556)
(998148,998559)
(998148,998566)
(998148,998570)
(998148,998580)
(998148,998592)
(998148,998596)
(998148,998602)
(998148,998604)
(998148,998612)
(998148,998622)
(998148,998630)
(998148,998635)
(998148,998641)
(998148,998647)
(998148,998652)
(998148,998658)
(998148,998665)
(998148,998669)
(998148,998675)
(998148,998684)
(998148,998690)
(998153,998159)
(998153,998162)
(998153,998169)
(998153,998180)
(998153,998187)
(998153,998195)
(998153,998203)
(998153,998210)
(998153,998216)
(998153,998222)
(998153,998229)
(998153,998236)
(998153,998239)
(998153,998249)
(998153,998256)
(998153,998263)
(998153,998268)
(998153,998273)
(998153,998279)
(998153,998284)
(998153,998290)
(998153,998296)
(998153,998301)
(998153,998309)
(998153,998317)
(998153,998324)
(998153,998330)
(998153,998338)
(998153,998344)
(998153,998350)
(998153,998354)
(998153,998360)
(998153,998367)
(998153,998373)
(998153,998377)
(998153,998393)
(998153,998400)
(998153,998405)
(998153,998411)
(998153,998416)
(998153,998430)
(998153,998437)
(998153,998443)
(998153,998450)
(998153,998460)
(998153,998468)
(998153,998476)
(998153,998485)
(998153,998494)
(998153,998501)
(998153,998509)
(998153,998516)
(998153,998523)
(998153,998528)
(998153,998541)
(998153,998550)
(998153,998556)
(998153,998559)
(998153,998566)
(998153,998570)
(998153,998580)
(998153,998592)
(998153,998596)
(998153,998602)
(998153,998604)
(998153,998612)
(998153,998622)
(998153,998630)
(998153,998635)
(998153,998641)
(998153,998647)
(998153,998652)
(998153,998658)
(998153,998665)
(998153,998669)
(998153,998675)
(998153,998684)
(998153,998690)
(998159,998162)
(998159,998169)
(998159,998180)
(998159,998187)
(998159,998195)
(998159,998203)
(998159,998210)
(998159,998216)
(998159,998222)
(998159,998229)
(998159,998236)
(998159,998239)
(998159,998249)
(998159,998256)
(998159,998263)
(998159,998268)
(998159,998273)
(998159,998279)
(998159,998284)
(998159,998290)
(998159,998296)
(998159,998301)
(998159,998309)
(998159,998317)
(998159,998324)
(998159,998330)
(998159,998338)
(998159,998344)
(998159,998350)
(998159,998354)
(998159,998360)
(998159,998367)
(998159,998373)
(998159,998377)
(998159,998393)
(998159,998400)
(998159,998405)
(998159,998411)
(998159,998416)
(998159,998430)
(998159,998437)
(998159,998443)
(998159,998450)
(998159,998460)
(998159,998468)
(998159,998476)
(998159,998485)
(998159,998494)
(998159,998501)
(998159,998509)
(998159,998516)
(998159,998523)
(998159,998528)
(998159,998541)
(998159,998550)
(998159,998556)
(998159,998559)
(998159,998566)
(998159,998570)
(998159,998580)
(998159,998592)
(998159,998596)
(998159,998602)
(998159,998604)
(998159,998612)
(998159,998622)
(998159,998630)
(998159,998635)
(998159,998641)
(998159,998647)
(998159,998652)
(998159,998658)
(998159,998665)
(998159,998669)
(998159,998675)
(998159,998684)
(998159,998690)
(998162,998169)
(998162,998180)
(998162,998187)
(998162,998195)
(998162,998203)
(998162,998210)
(998162,998216)
(998162,998222)
(998162,998229)
(998162,998236)
(998162,998239)
(998162,998249)
(998162,998256)
(998162,998263)
(998162,998268)
(998162,998273)
(998162,998279)
(998162,998284)
(998162,998290)
(998162,998296)
(998162,998301)
(998162,998309)
(998162,998317)
(998162,998324)
(998162,998330)
(998162,998338)
(998162,998344)
(998162,998350)
(998162,998354)
(998162,998360)
(998162,998367)
(998162,998373)
(998162,998377)
(998162,998393)
(998162,998400)
(998162,998405)
(998162,998411)
(998162,998416)
(998162,998430)
(998162,998437)
(998162,998443)
(998162,998450)
(998162,998460)
(998162,998468)
(998162,998476)
(998162,998485)
(998162,998494)
(998162,998501)
(998162,998509)
(998162,998516)
(998162,998523)
(998162,998528)
(998162,998541)
(998162,998550)
(998162,998556)
(998162,998559)
(998162,998566)
(998162,998570)
(998162,998580)
(998162,998592)
(998162,998596)
(998162,998602)
(998162,998604)
(998162,998612)
(998162,998622)
(998162,998630)
(998162,998635)
(998162,998641)
(998162,998647)
(998162,998652)
(998162,998658)
(998162,998665)
(998162,998669)
(998162,998675)
(998162,998684)
(998162,998690)
(998169,998180)
(998169,998187)
(998169,998195)
(998169,998203)
(998169,998210)
(998169,998216)
(998169,998222)
(998169,998229)
(998169,998236)
(998169,998239)
(998169,998249)
(998169,998256)
(998169,998263)
(998169,998268)
(998169,998273)
(998169,998279)
(998169,998284)
(998169,998290)
(998169,998296)
(998169,998301)
(998169,998309)
(998169,998317)
(998169,998324)
(998169,998330)
(998169,998338)
(998169,998344)
(998169,998350)
(998169,998354)
(998169,998360)
(998169,998367)
(998169,998373)
(998169,998377)
(998169,998393)
(998169,998400)
(998169,998405)
(998169,998411)
(998169,998416)
(998169,998430)
(998169,998437)
(998169,998443)
(998169,998450)
(998169,998460)
(998169,998468)
(998169,998476)
(998169,998485)
(998169,998494)
(998169,998501)
(998169,998509)
(998169,998516)
(998169,998523)
(998169,998528)
(998169,998541)
(998169,998550)
(998169,998556)
(998169,998559)
(998169,998566)
(998169,998570)
(998169,998580)
(998169,998592)
(998169,998596)
(998169,998602)
(998169,998604)
(998169,998612)
(998169,998622)
(998169,998630)
(998169,998635)
(998169,998641)
(998169,998647)
(998169,998652)
(998169,998658)
(998169,998665)
(998169,998669)
(998169,998675)
(998169,998684)
(998169,998690)
(998180,998187)
(998180,998195)
(998180,998203)
(998180,998210)
(998180,998216)
(998180,998222)
(998180,998229)
(998180,998236)
(998180,998239)
(998180,998249)
(998180,998256)
(998180,998263)
(998180,998268)
(998180,998273)
(998180,998279)
(998180,998284)
(998180,998290)
(998180,998296)
(998180,998301)
(998180,998309)
(998180,998317)
(998180,998324)
(998180,998330)
(998180,998338)
(998180,998344)
(998180,998350)
(998180,998354)
(998180,998360)
(998180,998367)
(998180,998373)
(998180,998377)
(998180,998393)
(998180,998400)
(998180,998405)
(998180,998411)
(998180,998416)
(998180,998430)
(998180,998437)
(998180,998443)
(998180,998450)
(998180,998460)
(998180,998468)
(998180,998476)
(998180,998485)
(998180,998494)
(998180,998501)
(998180,998509)
(998180,998516)
(998180,998523)
(998180,998528)
(998180,998541)
(998180,998550)
(998180,998556)
(998180,998559)
(998180,998566)
(998180,998570)
(998180,998580)
(998180,998592)
(998180,998596)
(998180,998602)
(998180,998604)
(998180,998612)
(998180,998622)
(998180,998630)
(998180,998635)
(998180,998641)
(998180,998647)
(998180,998652)
(998180,998658)
(998180,998665)
(998180,998669)
(998180,998675)
(998180,998684)
(998180,998690)
(998187,998195)
(998187,998203)
(998187,998210)
(998187,998216)
(998187,998222)
(998187,998229)
(998187,998236)
(998187,998239)
(998187,998249)
(998187,998256)
(998187,998263)
(998187,998268)
(998187,998273)
(998187,998279)
(998187,998284)
(998187,998290)
(998187,998296)
(998187,998301)
(998187,998309)
(998187,998317)
(998187,998324)
(998187,998330)
(998187,998338)
(998187,998344)
(998187,998350)
(998187,998354)
(998187,998360)
(998187,998367)
(998187,998373)
(998187,998377)
(998187,998393)
(998187,998400)
(998187,998405)
(998187,998411)
(998187,998416)
(998187,998430)
(998187,998437)
(998187,998443)
(998187,998450)
(998187,998460)
(998187,998468)
(998187,998476)
(998187,998485)
(998187,998494)
(998187,998501)
(998187,998509)
(998187,998516)
(998187,998523)
(998187,998528)
(998187,998541)
(998187,998550)
(998187,998556)
(998187,998559)
(998187,998566)
(998187,998570)
(998187,998580)
(998187,998592)
(998187,998596)
(998187,998602)
(998187,998604)
(998187,998612)
(998187,998622)
(998187,998630)
(998187,998635)
(998187,998641)
(998187,998647)
(998187,998652)
(998187,998658)
(998187,998665)
(998187,998669)
(998187,998675)
(998187,998684)
(998187,998690)
(998195,998203)
(998195,998210)
(998195,998216)
(998195,998222)
(998195,998229)
(998195,998236)
(998195,998239)
(998195,998249)
(998195,998256)
(998195,998263)
(998195,998268)
(998195,998273)
(998195,998279)
(998195,998284)
(998195,998290)
(998195,998296)
(998195,998301)
(998195,998309)
(998195,998317)
(998195,998324)
(998195,998330)
(998195,998338)
(998195,998344)
(998195,998350)
(998195,998354)
(998195,998360)
(998195,998367)
(998195,998373)
(998195,998377)
(998195,998393)
(998195,998400)
(998195,998405)
(998195,998411)
(998195,998416)
(998195,998430)
(998195,998437)
(998195,998443)
(998195,998450)
(998195,998460)
(998195,998468)
(998195,998476)
(998195,998485)
(998195,998494)
(998195,998501)
(998195,998509)
(998195,998516)
(998195,998523)
(998195,998528)
(998195,998541)
(998195,998550)
(998195,998556)
(998195,998559)
(998195,998566)
(998195,998570)
(998195,998580)
(998195,998592)
(998195,998596)
(998195,998602)
(998195,998604)
(998195,998612)
(998195,998622)
(998195,998630)
(998195,998635)
(998195,998641)
(998195,998647)
(998195,998652)
(998195,998658)
(998195,998665)
(998195,998669)
(998195,998675)
(998195,998684)
(998195,998690)
(998203,998210)
(998203,998216)
(998203,998222)
(998203,998229)
(998203,998236)
(998203,998239)
(998203,998249)
(998203,998256)
(998203,998263)
(998203,998268)
(998203,998273)
(998203,998279)
(998203,998284)
(998203,998290)
(998203,998296)
(998203,998301)
(998203,998309)
(998203,998317)
(998203,998324)
(998203,998330)
(998203,998338)
(998203,998344)
(998203,998350)
(998203,998354)
(998203,998360)
(998203,998367)
(998203,998373)
(998203,998377)
(998203,998393)
(998203,998400)
(998203,998405)
(998203,998411)
(998203,998416)
(998203,998430)
(998203,998437)
(998203,998443)
(998203,998450)
(998203,998460)
(998203,998468)
(998203,998476)
(998203,998485)
(998203,998494)
(998203,998501)
(998203,998509)
(998203,998516)
(998203,998523)
(998203,998528)
(998203,998541)
(998203,998550)
(998203,998556)
(998203,998559)
(998203,998566)
(998203,998570)
(998203,998580)
(998203,998592)
(998203,998596)
(998203,998602)
(998203,998604)
(998203,998612)
(998203,998622)
(998203,998630)
(998203,998635)
(998203,998641)
(998203,998647)
(998203,998652)
(998203,998658)
(998203,998665)
(998203,998669)
(998203,998675)
(998203,998684)
(998203,998690)
(998210,998216)
(998210,998222)
(998210,998229)
(998210,998236)
(998210,998239)
(998210,998249)
(998210,998256)
(998210,998263)
(998210,998268)
(998210,998273)
(998210,998279)
(998210,998284)
(998210,998290)
(998210,998296)
(998210,998301)
(998210,998309)
(998210,998317)
(998210,998324)
(998210,998330)
(998210,998338)
(998210,998344)
(998210,998350)
(998210,998354)
(998210,998360)
(998210,998367)
(998210,998373)
(998210,998377)
(998210,998393)
(998210,998400)
(998210,998405)
(998210,998411)
(998210,998416)
(998210,998430)
(998210,998437)
(998210,998443)
(998210,998450)
(998210,998460)
(998210,998468)
(998210,998476)
(998210,998485)
(998210,998494)
(998210,998501)
(998210,998509)
(998210,998516)
(998210,998523)
(998210,998528)
(998210,998541)
(998210,998550)
(998210,998556)
(998210,998559)
(998210,998566)
(998210,998570)
(998210,998580)
(998210,998592)
(998210,998596)
(998210,998602)
(998210,998604)
(998210,998612)
(998210,998622)
(998210,998630)
(998210,998635)
(998210,998641)
(998210,998647)
(998210,998652)
(998210,998658)
(998210,998665)
(998210,998669)
(998210,998675)
(998210,998684)
(998210,998690)
(998216,998222)
(998216,998229)
(998216,998236)
(998216,998239)
(998216,998249)
(998216,998256)
(998216,998263)
(998216,998268)
(998216,998273)
(998216,998279)
(998216,998284)
(998216,998290)
(998216,998296)
(998216,998301)
(998216,998309)
(998216,998317)
(998216,998324)
(998216,998330)
(998216,998338)
(998216,998344)
(998216,998350)
(998216,998354)
(998216,998360)
(998216,998367)
(998216,998373)
(998216,998377)
(998216,998393)
(998216,998400)
(998216,998405)
(998216,998411)
(998216,998416)
(998216,998430)
(998216,998437)
(998216,998443)
(998216,998450)
(998216,998460)
(998216,998468)
(998216,998476)
(998216,998485)
(998216,998494)
(998216,998501)
(998216,998509)
(998216,998516)
(998216,998523)
(998216,998528)
(998216,998541)
(998216,998550)
(998216,998556)
(998216,998559)
(998216,998566)
(998216,998570)
(998216,998580)
(998216,998592)
(998216,998596)
(998216,998602)
(998216,998604)
(998216,998612)
(998216,998622)
(998216,998630)
(998216,998635)
(998216,998641)
(998216,998647)
(998216,998652)
(998216,998658)
(998216,998665)
(998216,998669)
(998216,998675)
(998216,998684)
(998216,998690)
(998222,998229)
(998222,998236)
(998222,998239)
(998222,998249)
(998222,998256)
(998222,998263)
(998222,998268)
(998222,998273)
(998222,998279)
(998222,998284)
(998222,998290)
(998222,998296)
(998222,998301)
(998222,998309)
(998222,998317)
(998222,998324)
(998222,998330)
(998222,998338)
(998222,998344)
(998222,998350)
(998222,998354)
(998222,998360)
(998222,998367)
(998222,998373)
(998222,998377)
(998222,998393)
(998222,998400)
(998222,998405)
(998222,998411)
(998222,998416)
(998222,998430)
(998222,998437)
(998222,998443)
(998222,998450)
(998222,998460)
(998222,998468)
(998222,998476)
(998222,998485)
(998222,998494)
(998222,998501)
(998222,998509)
(998222,998516)
(998222,998523)
(998222,998528)
(998222,998541)
(998222,998550)
(998222,998556)
(998222,998559)
(998222,998566)
(998222,998570)
(998222,998580)
(998222,998592)
(998222,998596)
(998222,998602)
(998222,998604)
(998222,998612)
(998222,998622)
(998222,998630)
(998222,998635)
(998222,998641)
(998222,998647)
(998222,998652)
(998222,998658)
(998222,998665)
(998222,998669)
(998222,998675)
(998222,998684)
(998222,998690)
(998229,998236)
(998229,998239)
(998229,998249)
(998229,998256)
(998229,998263)
(998229,998268)
(998229,998273)
(998229,998279)
(998229,998284)
(998229,998290)
(998229,998296)
(998229,998301)
(998229,998309)
(998229,998317)
(998229,998324)
(998229,998330)
(998229,998338)
(998229,998344)
(998229,998350)
(998229,998354)
(998229,998360)
(998229,998367)
(998229,998373)
(998229,998377)
(998229,998393)
(998229,998400)
(998229,998405)
(998229,998411)
(998229,998416)
(998229,998430)
(998229,998437)
(998229,998443)
(998229,998450)
(998229,998460)
(998229,998468)
(998229,998476)
(998229,998485)
(998229,998494)
(998229,998501)
(998229,998509)
(998229,998516)
(998229,998523)
(998229,998528)
(998229,998541)
(998229,998550)
(998229,998556)
(998229,998559)
(998229,998566)
(998229,998570)
(998229,998580)
(998229,998592)
(998229,998596)
(998229,998602)
(998229,998604)
(998229,998612)
(998229,998622)
(998229,998630)
(998229,998635)
(998229,998641)
(998229,998647)
(998229,998652)
(998229,998658)
(998229,998665)
(998229,998669)
(998229,998675)
(998229,998684)
(998229,998690)
(998236,998239)
(998236,998249)
(998236,998256)
(998236,998263)
(998236,998268)
(998236,998273)
(998236,998279)
(998236,998284)
(998236,998290)
(998236,998296)
(998236,998301)
(998236,998309)
(998236,998317)
(998236,998324)
(998236,998330)
(998236,998338)
(998236,998344)
(998236,998350)
(998236,998354)
(998236,998360)
(998236,998367)
(998236,998373)
(998236,998377)
(998236,998393)
(998236,998400)
(998236,998405)
(998236,998411)
(998236,998416)
(998236,998430)
(998236,998437)
(998236,998443)
(998236,998450)
(998236,998460)
(998236,998468)
(998236,998476)
(998236,998485)
(998236,998494)
(998236,998501)
(998236,998509)
(998236,998516)
(998236,998523)
(998236,998528)
(998236,998541)
(998236,998550)
(998236,998556)
(998236,998559)
(998236,998566)
(998236,998570)
(998236,998580)
(998236,998592)
(998236,998596)
(998236,998602)
(998236,998604)
(998236,998612)
(998236,998622)
(998236,998630)
(998236,998635)
(998236,998641)
(998236,998647)
(998236,998652)
(998236,998658)
(998236,998665)
(998236,998669)
(998236,998675)
(998236,998684)
(998236,998690)
(998239,998249)
(998239,998256)
(998239,998263)
(998239,998268)
(998239,998273)
(998239,998279)
(998239,998284)
(998239,998290)
(998239,998296)
(998239,998301)
(998239,998309)
(998239,998317)
(998239,998324)
(998239,998330)
(998239,998338)
(998239,998344)
(998239,998350)
(998239,998354)
(998239,998360)
(998239,998367)
(998239,998373)
(998239,998377)
(998239,998393)
(998239,998400)
(998239,998405)
(998239,998411)
(998239,998416)
(998239,998430)
(998239,998437)
(998239,998443)
(998239,998450)
(998239,998460)
(998239,998468)
(998239,998476)
(998239,998485)
(998239,998494)
(998239,998501)
(998239,998509)
(998239,998516)
(998239,998523)
(998239,998528)
(998239,998541)
(998239,998550)
(998239,998556)
(998239,998559)
(998239,998566)
(998239,998570)
(998239,998580)
(998239,998592)
(998239,998596)
(998239,998602)
(998239,998604)
(998239,998612)
(998239,998622)
(998239,998630)
(998239,998635)
(998239,998641)
(998239,998647)
(998239,998652)
(998239,998658)
(998239,998665)
(998239,998669)
(998239,998675)
(998239,998684)
(998239,998690)
(998249,998256)
(998249,998263)
(998249,998268)
(998249,998273)
(998249,998279)
(998249,998284)
(998249,998290)
(998249,998296)
(998249,998301)
(998249,998309)
(998249,998317)
(998249,998324)
(998249,998330)
(998249,998338)
(998249,998344)
(998249,998350)
(998249,998354)
(998249,998360)
(998249,998367)
(998249,998373)
(998249,998377)
(998249,998393)
(998249,998400)
(998249,998405)
(998249,998411)
(998249,998416)
(998249,998430)
(998249,998437)
(998249,998443)
(998249,998450)
(998249,998460)
(998249,998468)
(998249,998476)
(998249,998485)
(998249,998494)
(998249,998501)
(998249,998509)
(998249,998516)
(998249,998523)
(998249,998528)
(998249,998541)
(998249,998550)
(998249,998556)
(998249,998559)
(998249,998566)
(998249,998570)
(998249,998580)
(998249,998592)
(998249,998596)
(998249,998602)
(998249,998604)
(998249,998612)
(998249,998622)
(998249,998630)
(998249,998635)
(998249,998641)
(998249,998647)
(998249,998652)
(998249,998658)
(998249,998665)
(998249,998669)
(998249,998675)
(998249,998684)
(998249,998690)
(998256,998263)
(998256,998268)
(998256,998273)
(998256,998279)
(998256,998284)
(998256,998290)
(998256,998296)
(998256,998301)
(998256,998309)
(998256,998317)
(998256,998324)
(998256,998330)
(998256,998338)
(998256,998344)
(998256,998350)
(998256,998354)
(998256,998360)
(998256,998367)
(998256,998373)
(998256,998377)
(998256,998393)
(998256,998400)
(998256,998405)
(998256,998411)
(998256,998416)
(998256,998430)
(998256,998437)
(998256,998443)
(998256,998450)
(998256,998460)
(998256,998468)
(998256,998476)
(998256,998485)
(998256,998494)
(998256,998501)
(998256,998509)
(998256,998516)
(998256,998523)
(998256,998528)
(998256,998541)
(998256,998550)
(998256,998556)
(998256,998559)
(998256,998566)
(998256,998570)
(998256,998580)
(998256,998592)
(998256,998596)
(998256,998602)
(998256,998604)
(998256,998612)
(998256,998622)
(998256,998630)
(998256,998635)
(998256,998641)
(998256,998647)
(998256,998652)
(998256,998658)
(998256,998665)
(998256,998669)
(998256,998675)
(998256,998684)
(998256,998690)
(998263,998268)
(998263,998273)
(998263,998279)
(998263,998284)
(998263,998290)
(998263,998296)
(998263,998301)
(998263,998309)
(998263,998317)
(998263,998324)
(998263,998330)
(998263,998338)
(998263,998344)
(998263,998350)
(998263,998354)
(998263,998360)
(998263,998367)
(998263,998373)
(998263,998377)
(998263,998393)
(998263,998400)
(998263,998405)
(998263,998411)
(998263,998416)
(998263,998430)
(998263,998437)
(998263,998443)
(998263,998450)
(998263,998460)
(998263,998468)
(998263,998476)
(998263,998485)
(998263,998494)
(998263,998501)
(998263,998509)
(998263,998516)
(998263,998523)
(998263,998528)
(998263,998541)
(998263,998550)
(998263,998556)
(998263,998559)
(998263,998566)
(998263,998570)
(998263,998580)
(998263,998592)
(998263,998596)
(998263,998602)
(998263,998604)
(998263,998612)
(998263,998622)
(998263,998630)
(998263,998635)
(998263,998641)
(998263,998647)
(998263,998652)
(998263,998658)
(998263,998665)
(998263,998669)
(998263,998675)
(998263,998684)
(998263,998690)
(998268,998273)
(998268,998279)
(998268,998284)
(998268,998290)
(998268,998296)
(998268,998301)
(998268,998309)
(998268,998317)
(998268,998324)
(998268,998330)
(998268,998338)
(998268,998344)
(998268,998350)
(998268,998354)
(998268,998360)
(998268,998367)
(998268,998373)
(998268,998377)
(998268,998393)
(998268,998400)
(998268,998405)
(998268,998411)
(998268,998416)
(998268,998430)
(998268,998437)
(998268,998443)
(998268,998450)
(998268,998460)
(998268,998468)
(998268,998476)
(998268,998485)
(998268,998494)
(998268,998501)
(998268,998509)
(998268,998516)
(998268,998523)
(998268,998528)
(998268,998541)
(998268,998550)
(998268,998556)
(998268,998559)
(998268,998566)
(998268,998570)
(998268,998580)
(998268,998592)
(998268,998596)
(998268,998602)
(998268,998604)
(998268,998612)
(998268,998622)
(998268,998630)
(998268,998635)
(998268,998641)
(998268,998647)
(998268,998652)
(998268,998658)
(998268,998665)
(998268,998669)
(998268,998675)
(998268,998684)
(998268,998690)
(998273,998279)
(998273,998284)
(998273,998290)
(998273,998296)
(998273,998301)
(998273,998309)
(998273,998317)
(998273,998324)
(998273,998330)
(998273,998338)
(998273,998344)
(998273,998350)
(998273,998354)
(998273,998360)
(998273,998367)
(998273,998373)
(998273,998377)
(998273,998393)
(998273,998400)
(998273,998405)
(998273,998411)
(998273,998416)
(998273,998430)
(998273,998437)
(998273,998443)
(998273,998450)
(998273,998460)
(998273,998468)
(998273,998476)
(998273,998485)
(998273,998494)
(998273,998501)
(998273,998509)
(998273,998516)
(998273,998523)
(998273,998528)
(998273,998541)
(998273,998550)
(998273,998556)
(998273,998559)
(998273,998566)
(998273,998570)
(998273,998580)
(998273,998592)
(998273,998596)
(998273,998602)
(998273,998604)
(998273,998612)
(998273,998622)
(998273,998630)
(998273,998635)
(998273,998641)
(998273,998647)
(998273,998652)
(998273,998658)
(998273,998665)
(998273,998669)
(998273,998675)
(998273,998684)
(998273,998690)
(998279,998284)
(998279,998290)
(998279,998296)
(998279,998301)
(998279,998309)
(998279,998317)
(998279,998324)
(998279,998330)
(998279,998338)
(998279,998344)
(998279,998350)
(998279,998354)
(998279,998360)
(998279,998367)
(998279,998373)
(998279,998377)
(998279,998393)
(998279,998400)
(998279,998405)
(998279,998411)
(998279,998416)
(998279,998430)
(998279,998437)
(998279,998443)
(998279,998450)
(998279,998460)
(998279,998468)
(998279,998476)
(998279,998485)
(998279,998494)
(998279,998501)
(998279,998509)
(998279,998516)
(998279,998523)
(998279,998528)
(998279,998541)
(998279,998550)
(998279,998556)
(998279,998559)
(998279,998566)
(998279,998570)
(998279,998580)
(998279,998592)
(998279,998596)
(998279,998602)
(998279,998604)
(998279,998612)
(998279,998622)
(998279,998630)
(998279,998635)
(998279,998641)
(998279,998647)
(998279,998652)
(998279,998658)
(998279,998665)
(998279,998669)
(998279,998675)
(998279,998684)
(998279,998690)
(998284,998290)
(998284,998296)
(998284,998301)
(998284,998309)
(998284,998317)
(998284,998324)
(998284,998330)
(998284,998338)
(998284,998344)
(998284,998350)
(998284,998354)
(998284,998360)
(998284,998367)
(998284,998373)
(998284,998377)
(998284,998393)
(998284,998400)
(998284,998405)
(998284,998411)
(998284,998416)
(998284,998430)
(998284,998437)
(998284,998443)
(998284,998450)
(998284,998460)
(998284,998468)
(998284,998476)
(998284,998485)
(998284,998494)
(998284,998501)
(998284,998509)
(998284,998516)
(998284,998523)
(998284,998528)
(998284,998541)
(998284,998550)
(998284,998556)
(998284,998559)
(998284,998566)
(998284,998570)
(998284,998580)
(998284,998592)
(998284,998596)
(998284,998602)
(998284,998604)
(998284,998612)
(998284,998622)
(998284,998630)
(998284,998635)
(998284,998641)
(998284,998647)
(998284,998652)
(998284,998658)
(998284,998665)
(998284,998669)
(998284,998675)
(998284,998684)
(998284,998690)
(998290,998296)
(998290,998301)
(998290,998309)
(998290,998317)
(998290,998324)
(998290,998330)
(998290,998338)
(998290,998344)
(998290,998350)
(998290,998354)
(998290,998360)
(998290,998367)
(998290,998373)
(998290,998377)
(998290,998393)
(998290,998400)
(998290,998405)
(998290,998411)
(998290,998416)
(998290,998430)
(998290,998437)
(998290,998443)
(998290,998450)
(998290,998460)
(998290,998468)
(998290,998476)
(998290,998485)
(998290,998494)
(998290,998501)
(998290,998509)
(998290,998516)
(998290,998523)
(998290,998528)
(998290,998541)
(998290,998550)
(998290,998556)
(998290,998559)
(998290,998566)
(998290,998570)
(998290,998580)
(998290,998592)
(998290,998596)
(998290,998602)
(998290,998604)
(998290,998612)
(998290,998622)
(998290,998630)
(998290,998635)
(998290,998641)
(998290,998647)
(998290,998652)
(998290,998658)
(998290,998665)
(998290,998669)
(998290,998675)
(998290,998684)
(998290,998690)
(998296,998301)
(998296,998309)
(998296,998317)
(998296,998324)
(998296,998330)
(998296,998338)
(998296,998344)
(998296,998350)
(998296,998354)
(998296,998360)
(998296,998367)
(998296,998373)
(998296,998377)
(998296,998393)
(998296,998400)
(998296,998405)
(998296,998411)
(998296,998416)
(998296,998430)
(998296,998437)
(998296,998443)
(998296,998450)
(998296,998460)
(998296,998468)
(998296,998476)
(998296,998485)
(998296,998494)
(998296,998501)
(998296,998509)
(998296,998516)
(998296,998523)
(998296,998528)
(998296,998541)
(998296,998550)
(998296,998556)
(998296,998559)
(998296,998566)
(998296,998570)
(998296,998580)
(998296,998592)
(998296,998596)
(998296,998602)
(998296,998604)
(998296,998612)
(998296,998622)
(998296,998630)
(998296,998635)
(998296,998641)
(998296,998647)
(998296,998652)
(998296,998658)
(998296,998665)
(998296,998669)
(998296,998675)
(998296,998684)
(998296,998690)
(998301,998309)
(998301,998317)
(998301,998324)
(998301,998330)
(998301,998338)
(998301,998344)
(998301,998350)
(998301,998354)
(998301,998360)
(998301,998367)
(998301,998373)
(998301,998377)
(998301,998393)
(998301,998400)
(998301,998405)
(998301,998411)
(998301,998416)
(998301,998430)
(998301,998437)
(998301,998443)
(998301,998450)
(998301,998460)
(998301,998468)
(998301,998476)
(998301,998485)
(998301,998494)
(998301,998501)
(998301,998509)
(998301,998516)
(998301,998523)
(998301,998528)
(998301,998541)
(998301,998550)
(998301,998556)
(998301,998559)
(998301,998566)
(998301,998570)
(998301,998580)
(998301,998592)
(998301,998596)
(998301,998602)
(998301,998604)
(998301,998612)
(998301,998622)
(998301,998630)
(998301,998635)
(998301,998641)
(998301,998647)
(998301,998652)
(998301,998658)
(998301,998665)
(998301,998669)
(998301,998675)
(998301,998684)
(998301,998690)
(998309,998317)
(998309,998324)
(998309,998330)
(998309,998338)
(998309,998344)
(998309,998350)
(998309,998354)
(998309,998360)
(998309,998367)
(998309,998373)
(998309,998377)
(998309,998393)
(998309,998400)
(998309,998405)
(998309,998411)
(998309,998416)
(998309,998430)
(998309,998437)
(998309,998443)
(998309,998450)
(998309,998460)
(998309,998468)
(998309,998476)
(998309,998485)
(998309,998494)
(998309,998501)
(998309,998509)
(998309,998516)
(998309,998523)
(998309,998528)
(998309,998541)
(998309,998550)
(998309,998556)
(998309,998559)
(998309,998566)
(998309,998570)
(998309,998580)
(998309,998592)
(998309,998596)
(998309,998602)
(998309,998604)
(998309,998612)
(998309,998622)
(998309,998630)
(998309,998635)
(998309,998641)
(998309,998647)
(998309,998652)
(998309,998658)
(998309,998665)
(998309,998669)
(998309,998675)
(998309,998684)
(998309,998690)
(998317,998324)
(998317,998330)
(998317,998338)
(998317,998344)
(998317,998350)
(998317,998354)
(998317,998360)
(998317,998367)
(998317,998373)
(998317,998377)
(998317,998393)
(998317,998400)
(998317,998405)
(998317,998411)
(998317,998416)
(998317,998430)
(998317,998437)
(998317,998443)
(998317,998450)
(998317,998460)
(998317,998468)
(998317,998476)
(998317,998485)
(998317,998494)
(998317,998501)
(998317,998509)
(998317,998516)
(998317,998523)
(998317,998528)
(998317,998541)
(998317,998550)
(998317,998556)
(998317,998559)
(998317,998566)
(998317,998570)
(998317,998580)
(998317,998592)
(998317,998596)
(998317,998602)
(998317,998604)
(998317,998612)
(998317,998622)
(998317,998630)
(998317,998635)
(998317,998641)
(998317,998647)
(998317,998652)
(998317,998658)
(998317,998665)
(998317,998669)
(998317,998675)
(998317,998684)
(998317,998690)
(998324,998330)
(998324,998338)
(998324,998344)
(998324,998350)
(998324,998354)
(998324,998360)
(998324,998367)
(998324,998373)
(998324,998377)
(998324,998393)
(998324,998400)
(998324,998405)
(998324,998411)
(998324,998416)
(998324,998430)
(998324,998437)
(998324,998443)
(998324,998450)
(998324,998460)
(998324,998468)
(998324,998476)
(998324,998485)
(998324,998494)
(998324,998501)
(998324,998509)
(998324,998516)
(998324,998523)
(998324,998528)
(998324,998541)
(998324,998550)
(998324,998556)
(998324,998559)
(998324,998566)
(998324,998570)
(998324,998580)
(998324,998592)
(998324,998596)
(998324,998602)
(998324,998604)
(998324,998612)
(998324,998622)
(998324,998630)
(998324,998635)
(998324,998641)
(998324,998647)
(998324,998652)
(998324,998658)
(998324,998665)
(998324,998669)
(998324,998675)
(998324,998684)
(998324,998690)
(998330,998338)
(998330,998344)
(998330,998350)
(998330,998354)
(998330,998360)
(998330,998367)
(998330,998373)
(998330,998377)
(998330,998393)
(998330,998400)
(998330,998405)
(998330,998411)
(998330,998416)
(998330,998430)
(998330,998437)
(998330,998443)
(998330,998450)
(998330,998460)
(998330,998468)
(998330,998476)
(998330,998485)
(998330,998494)
(998330,998501)
(998330,998509)
(998330,998516)
(998330,998523)
(998330,998528)
(998330,998541)
(998330,998550)
(998330,998556)
(998330,998559)
(998330,998566)
(998330,998570)
(998330,998580)
(998330,998592)
(998330,998596)
(998330,998602)
(998330,998604)
(998330,998612)
(998330,998622)
(998330,998630)
(998330,998635)
(998330,998641)
(998330,998647)
(998330,998652)
(998330,998658)
(998330,998665)
(998330,998669)
(998330,998675)
(998330,998684)
(998330,998690)
(998338,998344)
(998338,998350)
(998338,998354)
(998338,998360)
(998338,998367)
(998338,998373)
(998338,998377)
(998338,998393)
(998338,998400)
(998338,998405)
(998338,998411)
(998338,998416)
(998338,998430)
(998338,998437)
(998338,998443)
(998338,998450)
(998338,998460)
(998338,998468)
(998338,998476)
(998338,998485)
(998338,998494)
(998338,998501)
(998338,998509)
(998338,998516)
(998338,998523)
(998338,998528)
(998338,998541)
(998338,998550)
(998338,998556)
(998338,998559)
(998338,998566)
(998338,998570)
(998338,998580)
(998338,998592)
(998338,998596)
(998338,998602)
(998338,998604)
(998338,998612)
(998338,998622)
(998338,998630)
(998338,998635)
(998338,998641)
(998338,998647)
(998338,998652)
(998338,998658)
(998338,998665)
(998338,998669)
(998338,998675)
(998338,998684)
(998338,998690)
(998344,998350)
(998344,998354)
(998344,998360)
(998344,998367)
(998344,998373)
(998344,998377)
(998344,998393)
(998344,998400)
(998344,998405)
(998344,998411)
(998344,998416)
(998344,998430)
(998344,998437)
(998344,998443)
(998344,998450)
(998344,998460)
(998344,998468)
(998344,998476)
(998344,998485)
(998344,998494)
(998344,998501)
(998344,998509)
(998344,998516)
(998344,998523)
(998344,998528)
(998344,998541)
(998344,998550)
(998344,998556)
(998344,998559)
(998344,998566)
(998344,998570)
(998344,998580)
(998344,998592)
(998344,998596)
(998344,998602)
(998344,998604)
(998344,998612)
(998344,998622)
(998344,998630)
(998344,998635)
(998344,998641)
(998344,998647)
(998344,998652)
(998344,998658)
(998344,998665)
(998344,998669)
(998344,998675)
(998344,998684)
(998344,998690)
(998350,998354)
(998350,998360)
(998350,998367)
(998350,998373)
(998350,998377)
(998350,998393)
(998350,998400)
(998350,998405)
(998350,998411)
(998350,998416)
(998350,998430)
(998350,998437)
(998350,998443)
(998350,998450)
(998350,998460)
(998350,998468)
(998350,998476)
(998350,998485)
(998350,998494)
(998350,998501)
(998350,998509)
(998350,998516)
(998350,998523)
(998350,998528)
(998350,998541)
(998350,998550)
(998350,998556)
(998350,998559)
(998350,998566)
(998350,998570)
(998350,998580)
(998350,998592)
(998350,998596)
(998350,998602)
(998350,998604)
(998350,998612)
(998350,998622)
(998350,998630)
(998350,998635)
(998350,998641)
(998350,998647)
(998350,998652)
(998350,998658)
(998350,998665)
(998350,998669)
(998350,998675)
(998350,998684)
(998350,998690)
(998354,998360)
(998354,998367)
(998354,998373)
(998354,998377)
(998354,998393)
(998354,998400)
(998354,998405)
(998354,998411)
(998354,998416)
(998354,998430)
(998354,998437)
(998354,998443)
(998354,998450)
(998354,998460)
(998354,998468)
(998354,998476)
(998354,998485)
(998354,998494)
(998354,998501)
(998354,998509)
(998354,998516)
(998354,998523)
(998354,998528)
(998354,998541)
(998354,998550)
(998354,998556)
(998354,998559)
(998354,998566)
(998354,998570)
(998354,998580)
(998354,998592)
(998354,998596)
(998354,998602)
(998354,998604)
(998354,998612)
(998354,998622)
(998354,998630)
(998354,998635)
(998354,998641)
(998354,998647)
(998354,998652)
(998354,998658)
(998354,998665)
(998354,998669)
(998354,998675)
(998354,998684)
(998354,998690)
(998360,998367)
(998360,998373)
(998360,998377)
(998360,998393)
(998360,998400)
(998360,998405)
(998360,998411)
(998360,998416)
(998360,998430)
(998360,998437)
(998360,998443)
(998360,998450)
(998360,998460)
(998360,998468)
(998360,998476)
(998360,998485)
(998360,998494)
(998360,998501)
(998360,998509)
(998360,998516)
(998360,998523)
(998360,998528)
(998360,998541)
(998360,998550)
(998360,998556)
(998360,998559)
(998360,998566)
(998360,998570)
(998360,998580)
(998360,998592)
(998360,998596)
(998360,998602)
(998360,998604)
(998360,998612)
(998360,998622)
(998360,998630)
(998360,998635)
(998360,998641)
(998360,998647)
(998360,998652)
(998360,998658)
(998360,998665)
(998360,998669)
(998360,998675)
(998360,998684)
(998360,998690)
(998367,998373)
(998367,998377)
(998367,998393)
(998367,998400)
(998367,998405)
(998367,998411)
(998367,998416)
(998367,998430)
(998367,998437)
(998367,998443)
(998367,998450)
(998367,998460)
(998367,998468)
(998367,998476)
(998367,998485)
(998367,998494)
(998367,998501)
(998367,998509)
(998367,998516)
(998367,998523)
(998367,998528)
(998367,998541)
(998367,998550)
(998367,998556)
(998367,998559)
(998367,998566)
(998367,998570)
(998367,998580)
(998367,998592)
(998367,998596)
(998367,998602)
(998367,998604)
(998367,998612)
(998367,998622)
(998367,998630)
(998367,998635)
(998367,998641)
(998367,998647)
(998367,998652)
(998367,998658)
(998367,998665)
(998367,998669)
(998367,998675)
(998367,998684)
(998367,998690)
(998373,998377)
(998373,998393)
(998373,998400)
(998373,998405)
(998373,998411)
(998373,998416)
(998373,998430)
(998373,998437)
(998373,998443)
(998373,998450)
(998373,998460)
(998373,998468)
(998373,998476)
(998373,998485)
(998373,998494)
(998373,998501)
(998373,998509)
(998373,998516)
(998373,998523)
(998373,998528)
(998373,998541)
(998373,998550)
(998373,998556)
(998373,998559)
(998373,998566)
(998373,998570)
(998373,998580)
(998373,998592)
(998373,998596)
(998373,998602)
(998373,998604)
(998373,998612)
(998373,998622)
(998373,998630)
(998373,998635)
(998373,998641)
(998373,998647)
(998373,998652)
(998373,998658)
(998373,998665)
(998373,998669)
(998373,998675)
(998373,998684)
(998373,998690)
(998377,998393)
(998377,998400)
(998377,998405)
(998377,998411)
(998377,998416)
(998377,998430)
(998377,998437)
(998377,998443)
(998377,998450)
(998377,998460)
(998377,998468)
(998377,998476)
(998377,998485)
(998377,998494)
(998377,998501)
(998377,998509)
(998377,998516)
(998377,998523)
(998377,998528)
(998377,998541)
(998377,998550)
(998377,998556)
(998377,998559)
(998377,998566)
(998377,998570)
(998377,998580)
(998377,998592)
(998377,998596)
(998377,998602)
(998377,998604)
(998377,998612)
(998377,998622)
(998377,998630)
(998377,998635)
(998377,998641)
(998377,998647)
(998377,998652)
(998377,998658)
(998377,998665)
(998377,998669)
(998377,998675)
(998377,998684)
(998377,998690)
(998393,998400)
(998393,998405)
(998393,998411)
(998393,998416)
(998393,998430)
(998393,998437)
(998393,998443)
(998393,998450)
(998393,998460)
(998393,998468)
(998393,998476)
(998393,998485)
(998393,998494)
(998393,998501)
(998393,998509)
(998393,998516)
(998393,998523)
(998393,998528)
(998393,998541)
(998393,998550)
(998393,998556)
(998393,998559)
(998393,998566)
(998393,998570)
(998393,998580)
(998393,998592)
(998393,998596)
(998393,998602)
(998393,998604)
(998393,998612)
(998393,998622)
(998393,998630)
(998393,998635)
(998393,998641)
(998393,998647)
(998393,998652)
(998393,998658)
(998393,998665)
(998393,998669)
(998393,998675)
(998393,998684)
(998393,998690)
(998400,998405)
(998400,998411)
(998400,998416)
(998400,998430)
(998400,998437)
(998400,998443)
(998400,998450)
(998400,998460)
(998400,998468)
(998400,998476)
(998400,998485)
(998400,998494)
(998400,998501)
(998400,998509)
(998400,998516)
(998400,998523)
(998400,998528)
(998400,998541)
(998400,998550)
(998400,998556)
(998400,998559)
(998400,998566)
(998400,998570)
(998400,998580)
(998400,998592)
(998400,998596)
(998400,998602)
(998400,998604)
(998400,998612)
(998400,998622)
(998400,998630)
(998400,998635)
(998400,998641)
(998400,998647)
(998400,998652)
(998400,998658)
(998400,998665)
(998400,998669)
(998400,998675)
(998400,998684)
(998400,998690)
(998405,998411)
(998405,998416)
(998405,998430)
(998405,998437)
(998405,998443)
(998405,998450)
(998405,998460)
(998405,998468)
(998405,998476)
(998405,998485)
(998405,998494)
(998405,998501)
(998405,998509)
(998405,998516)
(998405,998523)
(998405,998528)
(998405,998541)
(998405,998550)
(998405,998556)
(998405,998559)
(998405,998566)
(998405,998570)
(998405,998580)
(998405,998592)
(998405,998596)
(998405,998602)
(998405,998604)
(998405,998612)
(998405,998622)
(998405,998630)
(998405,998635)
(998405,998641)
(998405,998647)
(998405,998652)
(998405,998658)
(998405,998665)
(998405,998669)
(998405,998675)
(998405,998684)
(998405,998690)
(998411,998416)
(998411,998430)
(998411,998437)
(998411,998443)
(998411,998450)
(998411,998460)
(998411,998468)
(998411,998476)
(998411,998485)
(998411,998494)
(998411,998501)
(998411,998509)
(998411,998516)
(998411,998523)
(998411,998528)
(998411,998541)
(998411,998550)
(998411,998556)
(998411,998559)
(998411,998566)
(998411,998570)
(998411,998580)
(998411,998592)
(998411,998596)
(998411,998602)
(998411,998604)
(998411,998612)
(998411,998622)
(998411,998630)
(998411,998635)
(998411,998641)
(998411,998647)
(998411,998652)
(998411,998658)
(998411,998665)
(998411,998669)
(998411,998675)
(998411,998684)
(998411,998690)
(998416,998430)
(998416,998437)
(998416,998443)
(998416,998450)
(998416,998460)
(998416,998468)
(998416,998476)
(998416,998485)
(998416,998494)
(998416,998501)
(998416,998509)
(998416,998516)
(998416,998523)
(998416,998528)
(998416,998541)
(998416,998550)
(998416,998556)
(998416,998559)
(998416,998566)
(998416,998570)
(998416,998580)
(998416,998592)
(998416,998596)
(998416,998602)
(998416,998604)
(998416,998612)
(998416,998622)
(998416,998630)
(998416,998635)
(998416,998641)
(998416,998647)
(998416,998652)
(998416,998658)
(998416,998665)
(998416,998669)
(998416,998675)
(998416,998684)
(998416,998690)
(998430,998437)
(998430,998443)
(998430,998450)
(998430,998460)
(998430,998468)
(998430,998476)
(998430,998485)
(998430,998494)
(998430,998501)
(998430,998509)
(998430,998516)
(998430,998523)
(998430,998528)
(998430,998541)
(998430,998550)
(998430,998556)
(998430,998559)
(998430,998566)
(998430,998570)
(998430,998580)
(998430,998592)
(998430,998596)
(998430,998602)
(998430,998604)
(998430,998612)
(998430,998622)
(998430,998630)
(998430,998635)
(998430,998641)
(998430,998647)
(998430,998652)
(998430,998658)
(998430,998665)
(998430,998669)
(998430,998675)
(998430,998684)
(998430,998690)
(998437,998443)
(998437,998450)
(998437,998460)
(998437,998468)
(998437,998476)
(998437,998485)
(998437,998494)
(998437,998501)
(998437,998509)
(998437,998516)
(998437,998523)
(998437,998528)
(998437,998541)
(998437,998550)
(998437,998556)
(998437,998559)
(998437,998566)
(998437,998570)
(998437,998580)
(998437,998592)
(998437,998596)
(998437,998602)
(998437,998604)
(998437,998612)
(998437,998622)
(998437,998630)
(998437,998635)
(998437,998641)
(998437,998647)
(998437,998652)
(998437,998658)
(998437,998665)
(998437,998669)
(998437,998675)
(998437,998684)
(998437,998690)
(998443,998450)
(998443,998460)
(998443,998468)
(998443,998476)
(998443,998485)
(998443,998494)
(998443,998501)
(998443,998509)
(998443,998516)
(998443,998523)
(998443,998528)
(998443,998541)
(998443,998550)
(998443,998556)
(998443,998559)
(998443,998566)
(998443,998570)
(998443,998580)
(998443,998592)
(998443,998596)
(998443,998602)
(998443,998604)
(998443,998612)
(998443,998622)
(998443,998630)
(998443,998635)
(998443,998641)
(998443,998647)
(998443,998652)
(998443,998658)
(998443,998665)
(998443,998669)
(998443,998675)
(998443,998684)
(998443,998690)
(998450,998460)
(998450,998468)
(998450,998476)
(998450,998485)
(998450,998494)
(998450,998501)
(998450,998509)
(998450,998516)
(998450,998523)
(998450,998528)
(998450,998541)
(998450,998550)
(998450,998556)
(998450,998559)
(998450,998566)
(998450,998570)
(998450,998580)
(998450,998592)
(998450,998596)
(998450,998602)
(998450,998604)
(998450,998612)
(998450,998622)
(998450,998630)
(998450,998635)
(998450,998641)
(998450,998647)
(998450,998652)
(998450,998658)
(998450,998665)
(998450,998669)
(998450,998675)
(998450,998684)
(998450,998690)
(998460,998468)
(998460,998476)
(998460,998485)
(998460,998494)
(998460,998501)
(998460,998509)
(998460,998516)
(998460,998523)
(998460,998528)
(998460,998541)
(998460,998550)
(998460,998556)
(998460,998559)
(998460,998566)
(998460,998570)
(998460,998580)
(998460,998592)
(998460,998596)
(998460,998602)
(998460,998604)
(998460,998612)
(998460,998622)
(998460,998630)
(998460,998635)
(998460,998641)
(998460,998647)
(998460,998652)
(998460,998658)
(998460,998665)
(998460,998669)
(998460,998675)
(998460,998684)
(998460,998690)
(998468,998476)
(998468,998485)
(998468,998494)
(998468,998501)
(998468,998509)
(998468,998516)
(998468,998523)
(998468,998528)
(998468,998541)
(998468,998550)
(998468,998556)
(998468,998559)
(998468,998566)
(998468,998570)
(998468,998580)
(998468,998592)
(998468,998596)
(998468,998602)
(998468,998604)
(998468,998612)
(998468,998622)
(998468,998630)
(998468,998635)
(998468,998641)
(998468,998647)
(998468,998652)
(998468,998658)
(998468,998665)
(998468,998669)
(998468,998675)
(998468,998684)
(998468,998690)
(998476,998485)
(998476,998494)
(998476,998501)
(998476,998509)
(998476,998516)
(998476,998523)
(998476,998528)
(998476,998541)
(998476,998550)
(998476,998556)
(998476,998559)
(998476,998566)
(998476,998570)
(998476,998580)
(998476,998592)
(998476,998596)
(998476,998602)
(998476,998604)
(998476,998612)
(998476,998622)
(998476,998630)
(998476,998635)
(998476,998641)
(998476,998647)
(998476,998652)
(998476,998658)
(998476,998665)
(998476,998669)
(998476,998675)
(998476,998684)
(998476,998690)
(998485,998494)
(998485,998501)
(998485,998509)
(998485,998516)
(998485,998523)
(998485,998528)
(998485,998541)
(998485,998550)
(998485,998556)
(998485,998559)
(998485,998566)
(998485,998570)
(998485,998580)
(998485,998592)
(998485,998596)
(998485,998602)
(998485,998604)
(998485,998612)
(998485,998622)
(998485,998630)
(998485,998635)
(998485,998641)
(998485,998647)
(998485,998652)
(998485,998658)
(998485,998665)
(998485,998669)
(998485,998675)
(998485,998684)
(998485,998690)
(998494,998501)
(998494,998509)
(998494,998516)
(998494,998523)
(998494,998528)
(998494,998541)
(998494,998550)
(998494,998556)
(998494,998559)
(998494,998566)
(998494,998570)
(998494,998580)
(998494,998592)
(998494,998596)
(998494,998602)
(998494,998604)
(998494,998612)
(998494,998622)
(998494,998630)
(998494,998635)
(998494,998641)
(998494,998647)
(998494,998652)
(998494,998658)
(998494,998665)
(998494,998669)
(998494,998675)
(998494,998684)
(998494,998690)
(998501,998509)
(998501,998516)
(998501,998523)
(998501,998528)
(998501,998541)
(998501,998550)
(998501,998556)
(998501,998559)
(998501,998566)
(998501,998570)
(998501,998580)
(998501,998592)
(998501,998596)
(998501,998602)
(998501,998604)
(998501,998612)
(998501,998622)
(998501,998630)
(998501,998635)
(998501,998641)
(998501,998647)
(998501,998652)
(998501,998658)
(998501,998665)
(998501,998669)
(998501,998675)
(998501,998684)
(998501,998690)
(998509,998516)
(998509,998523)
(998509,998528)
(998509,998541)
(998509,998550)
(998509,998556)
(998509,998559)
(998509,998566)
(998509,998570)
(998509,998580)
(998509,998592)
(998509,998596)
(998509,998602)
(998509,998604)
(998509,998612)
(998509,998622)
(998509,998630)
(998509,998635)
(998509,998641)
(998509,998647)
(998509,998652)
(998509,998658)
(998509,998665)
(998509,998669)
(998509,998675)
(998509,998684)
(998509,998690)
(998516,998523)
(998516,998528)
(998516,998541)
(998516,998550)
(998516,998556)
(998516,998559)
(998516,998566)
(998516,998570)
(998516,998580)
(998516,998592)
(998516,998596)
(998516,998602)
(998516,998604)
(998516,998612)
(998516,998622)
(998516,998630)
(998516,998635)
(998516,998641)
(998516,998647)
(998516,998652)
(998516,998658)
(998516,998665)
(998516,998669)
(998516,998675)
(998516,998684)
(998516,998690)
(998523,998528)
(998523,998541)
(998523,998550)
(998523,998556)
(998523,998559)
(998523,998566)
(998523,998570)
(998523,998580)
(998523,998592)
(998523,998596)
(998523,998602)
(998523,998604)
(998523,998612)
(998523,998622)
(998523,998630)
(998523,998635)
(998523,998641)
(998523,998647)
(998523,998652)
(998523,998658)
(998523,998665)
(998523,998669)
(998523,998675)
(998523,998684)
(998523,998690)
(998528,998541)
(998528,998550)
(998528,998556)
(998528,998559)
(998528,998566)
(998528,998570)
(998528,998580)
(998528,998592)
(998528,998596)
(998528,998602)
(998528,998604)
(998528,998612)
(998528,998622)
(998528,998630)
(998528,998635)
(998528,998641)
(998528,998647)
(998528,998652)
(998528,998658)
(998528,998665)
(998528,998669)
(998528,998675)
(998528,998684)
(998528,998690)
(998541,998550)
(998541,998556)
(998541,998559)
(998541,998566)
(998541,998570)
(998541,998580)
(998541,998592)
(998541,998596)
(998541,998602)
(998541,998604)
(998541,998612)
(998541,998622)
(998541,998630)
(998541,998635)
(998541,998641)
(998541,998647)
(998541,998652)
(998541,998658)
(998541,998665)
(998541,998669)
(998541,998675)
(998541,998684)
(998541,998690)
(998550,998556)
(998550,998559)
(998550,998566)
(998550,998570)
(998550,998580)
(998550,998592)
(998550,998596)
(998550,998602)
(998550,998604)
(998550,998612)
(998550,998622)
(998550,998630)
(998550,998635)
(998550,998641)
(998550,998647)
(998550,998652)
(998550,998658)
(998550,998665)
(998550,998669)
(998550,998675)
(998550,998684)
(998550,998690)
(998556,998559)
(998556,998566)
(998556,998570)
(998556,998580)
(998556,998592)
(998556,998596)
(998556,998602)
(998556,998604)
(998556,998612)
(998556,998622)
(998556,998630)
(998556,998635)
(998556,998641)
(998556,998647)
(998556,998652)
(998556,998658)
(998556,998665)
(998556,998669)
(998556,998675)
(998556,998684)
(998556,998690)
(998559,998566)
(998559,998570)
(998559,998580)
(998559,998592)
(998559,998596)
(998559,998602)
(998559,998604)
(998559,998612)
(998559,998622)
(998559,998630)
(998559,998635)
(998559,998641)
(998559,998647)
(998559,998652)
(998559,998658)
(998559,998665)
(998559,998669)
(998559,998675)
(998559,998684)
(998559,998690)
(998566,998570)
(998566,998580)
(998566,998592)
(998566,998596)
(998566,998602)
(998566,998604)
(998566,998612)
(998566,998622)
(998566,998630)
(998566,998635)
(998566,998641)
(998566,998647)
(998566,998652)
(998566,998658)
(998566,998665)
(998566,998669)
(998566,998675)
(998566,998684)
(998566,998690)
(998570,998580)
(998570,998592)
(998570,998596)
(998570,998602)
(998570,998604)
(998570,998612)
(998570,998622)
(998570,998630)
(998570,998635)
(998570,998641)
(998570,998647)
(998570,998652)
(998570,998658)
(998570,998665)
(998570,998669)
(998570,998675)
(998570,998684)
(998570,998690)
(998580,998592)
(998580,998596)
(998580,998602)
(998580,998604)
(998580,998612)
(998580,998622)
(998580,998630)
(998580,998635)
(998580,998641)
(998580,998647)
(998580,998652)
(998580,998658)
(998580,998665)
(998580,998669)
(998580,998675)
(998580,998684)
(998580,998690)
(998592,998596)
(998592,998602)
(998592,998604)
(998592,998612)
(998592,998622)
(998592,998630)
(998592,998635)
(998592,998641)
(998592,998647)
(998592,998652)
(998592,998658)
(998592,998665)
(998592,998669)
(998592,998675)
(998592,998684)
(998592,998690)
(998596,998602)
(998596,998604)
(998596,998612)
(998596,998622)
(998596,998630)
(998596,998635)
(998596,998641)
(998596,998647)
(998596,998652)
(998596,998658)
(998596,998665)
(998596,998669)
(998596,998675)
(998596,998684)
(998596,998690)
(998602,998604)
(998602,998612)
(998602,998622)
(998602,998630)
(998602,998635)
(998602,998641)
(998602,998647)
(998602,998652)
(998602,998658)
(998602,998665)
(998602,998669)
(998602,998675)
(998602,998684)
(998602,998690)
(998604,998612)
(998604,998622)
(998604,998630)
(998604,998635)
(998604,998641)
(998604,998647)
(998604,998652)
(998604,998658)
(998604,998665)
(998604,998669)
(998604,998675)
(998604,998684)
(998604,998690)
(998612,998622)
(998612,998630)
(998612,998635)
(998612,998641)
(998612,998647)
(998612,998652)
(998612,998658)
(998612,998665)
(998612,998669)
(998612,998675)
(998612,998684)
(998612,998690)
(998622,998630)
(998622,998635)
(998622,998641)
(998622,998647)
(998622,998652)
(998622,998658)
(998622,998665)
(998622,998669)
(998622,998675)
(998622,998684)
(998622,998690)
(998630,998635)
(998630,998641)
(998630,998647)
(998630,998652)
(998630,998658)
(998630,998665)
(998630,998669)
(998630,998675)
(998630,998684)
(998630,998690)
(998635,998641)
(998635,998647)
(998635,998652)
(998635,998658)
(998635,998665)
(998635,998669)
(998635,998675)
(998635,998684)
(998635,998690)
(998641,998647)
(998641,998652)
(998641,998658)
(998641,998665)
(998641,998669)
(998641,998675)
(998641,998684)
(998641,998690)
(998647,998652)
(998647,998658)
(998647,998665)
(998647,998669)
(998647,998675)
(998647,998684)
(998647,998690)
(998652,998658)
(998652,998665)
(998652,998669)
(998652,998675)
(998652,998684)
(998652,998690)
(998658,998665)
(998658,998669)
(998658,998675)
(998658,998684)
(998658,998690)
(998665,998669)
(998665,998675)
(998665,998684)
(998665,998690)
(998669,998675)
(998669,998684)
(998669,998690)
(998675,998684)
(998675,998690)
(998684,998690)
(535947,998887)
(535962,535975)
(846941,998747)
(846941,998756)
(846941,998761)
(846941,998766)
(998747,998756)
(998747,998761)
(998747,998766)
(998756,998761)
(998756,998766)
(998761,998766)
(997649,997654)
(997649,997661)
(997649,997665)
(997654,997661)
(997654,997665)
(997661,997665)
(997667,997675)
(997667,997678)
(997667,997684)
(997667,997689)
(997667,997693)
(997667,997700)
(997667,997705)
(997667,997711)
(997667,997721)
(997667,997727)
(997667,997735)
(997667,997737)
(997667,997748)
(997667,997755)
(997667,997759)
(997667,997770)
(997667,997776)
(997667,997786)
(997667,997792)
(997667,997796)
(997667,997809)
(997667,997813)
(997667,997816)
(997667,997822)
(997667,997828)
(997667,997832)
(997667,997842)
(997667,997848)
(997667,997854)
(997667,997864)
(997667,997873)
(997667,997878)
(997667,997886)
(997667,997891)
(997667,997898)
(997667,997904)
(997667,997906)
(997667,997920)
(997667,997925)
(997667,997929)
(997667,997939)
(997667,997946)
(997667,997957)
(997667,997965)
(997667,997973)
(997667,997986)
(997667,997991)
(997667,998001)
(997667,998008)
(997667,998021)
(997667,998027)
(997667,998047)
(997667,998052)
(997667,998061)
(997667,998067)
(997667,998075)
(997667,998086)
(997667,998092)
(997667,998107)
(997667,998117)
(997667,998119)
(997675,997678)
(997675,997684)
(997675,997689)
(997675,997693)
(997675,997700)
(997675,997705)
(997675,997711)
(997675,997721)
(997675,997727)
(997675,997735)
(997675,997737)
(997675,997748)
(997675,997755)
(997675,997759)
(997675,997770)
(997675,997776)
(997675,997786)
(997675,997792)
(997675,997796)
(997675,997809)
(997675,997813)
(997675,997816)
(997675,997822)
(997675,997828)
(997675,997832)
(997675,997842)
(997675,997848)
(997675,997854)
(997675,997864)
(997675,997873)
(997675,997878)
(997675,997886)
(997675,997891)
(997675,997898)
(997675,997904)
(997675,997906)
(997675,997920)
(997675,997925)
(997675,997929)
(997675,997939)
(997675,997946)
(997675,997957)
(997675,997965)
(997675,997973)
(997675,997986)
(997675,997991)
(997675,998001)
(997675,998008)
(997675,998021)
(997675,998027)
(997675,998047)
(997675,998052)
(997675,998061)
(997675,998067)
(997675,998075)
(997675,998086)
(997675,998092)
(997675,998107)
(997675,998117)
(997675,998119)
(997678,997684)
(997678,997689)
(997678,997693)
(997678,997700)
(997678,997705)
(997678,997711)
(997678,997721)
(997678,997727)
(997678,997735)
(997678,997737)
(997678,997748)
(997678,997755)
(997678,997759)
(997678,997770)
(997678,997776)
(997678,997786)
(997678,997792)
(997678,997796)
(997678,997809)
(997678,997813)
(997678,997816)
(997678,997822)
(997678,997828)
(997678,997832)
(997678,997842)
(997678,997848)
(997678,997854)
(997678,997864)
(997678,997873)
(997678,997878)
(997678,997886)
(997678,997891)
(997678,997898)
(997678,997904)
(997678,997906)
(997678,997920)
(997678,997925)
(997678,997929)
(997678,997939)
(997678,997946)
(997678,997957)
(997678,997965)
(997678,997973)
(997678,997986)
(997678,997991)
(997678,998001)
(997678,998008)
(997678,998021)
(997678,998027)
(997678,998047)
(997678,998052)
(997678,998061)
(997678,998067)
(997678,998075)
(997678,998086)
(997678,998092)
(997678,998107)
(997678,998117)
(997678,998119)
(997684,997689)
(997684,997693)
(997684,997700)
(997684,997705)
(997684,997711)
(997684,997721)
(997684,997727)
(997684,997735)
(997684,997737)
(997684,997748)
(997684,997755)
(997684,997759)
(997684,997770)
(997684,997776)
(997684,997786)
(997684,997792)
(997684,997796)
(997684,997809)
(997684,997813)
(997684,997816)
(997684,997822)
(997684,997828)
(997684,997832)
(997684,997842)
(997684,997848)
(997684,997854)
(997684,997864)
(997684,997873)
(997684,997878)
(997684,997886)
(997684,997891)
(997684,997898)
(997684,997904)
(997684,997906)
(997684,997920)
(997684,997925)
(997684,997929)
(997684,997939)
(997684,997946)
(997684,997957)
(997684,997965)
(997684,997973)
(997684,997986)
(997684,997991)
(997684,998001)
(997684,998008)
(997684,998021)
(997684,998027)
(997684,998047)
(997684,998052)
(997684,998061)
(997684,998067)
(997684,998075)
(997684,998086)
(997684,998092)
(997684,998107)
(997684,998117)
(997684,998119)
(997689,997693)
(997689,997700)
(997689,997705)
(997689,997711)
(997689,997721)
(997689,997727)
(997689,997735)
(997689,997737)
(997689,997748)
(997689,997755)
(997689,997759)
(997689,997770)
(997689,997776)
(997689,997786)
(997689,997792)
(997689,997796)
(997689,997809)
(997689,997813)
(997689,997816)
(997689,997822)
(997689,997828)
(997689,997832)
(997689,997842)
(997689,997848)
(997689,997854)
(997689,997864)
(997689,997873)
(997689,997878)
(997689,997886)
(997689,997891)
(997689,997898)
(997689,997904)
(997689,997906)
(997689,997920)
(997689,997925)
(997689,997929)
(997689,997939)
(997689,997946)
(997689,997957)
(997689,997965)
(997689,997973)
(997689,997986)
(997689,997991)
(997689,998001)
(997689,998008)
(997689,998021)
(997689,998027)
(997689,998047)
(997689,998052)
(997689,998061)
(997689,998067)
(997689,998075)
(997689,998086)
(997689,998092)
(997689,998107)
(997689,998117)
(997689,998119)
(997693,997700)
(997693,997705)
(997693,997711)
(997693,997721)
(997693,997727)
(997693,997735)
(997693,997737)
(997693,997748)
(997693,997755)
(997693,997759)
(997693,997770)
(997693,997776)
(997693,997786)
(997693,997792)
(997693,997796)
(997693,997809)
(997693,997813)
(997693,997816)
(997693,997822)
(997693,997828)
(997693,997832)
(997693,997842)
(997693,997848)
(997693,997854)
(997693,997864)
(997693,997873)
(997693,997878)
(997693,997886)
(997693,997891)
(997693,997898)
(997693,997904)
(997693,997906)
(997693,997920)
(997693,997925)
(997693,997929)
(997693,997939)
(997693,997946)
(997693,997957)
(997693,997965)
(997693,997973)
(997693,997986)
(997693,997991)
(997693,998001)
(997693,998008)
(997693,998021)
(997693,998027)
(997693,998047)
(997693,998052)
(997693,998061)
(997693,998067)
(997693,998075)
(997693,998086)
(997693,998092)
(997693,998107)
(997693,998117)
(997693,998119)
(997700,997705)
(997700,997711)
(997700,997721)
(997700,997727)
(997700,997735)
(997700,997737)
(997700,997748)
(997700,997755)
(997700,997759)
(997700,997770)
(997700,997776)
(997700,997786)
(997700,997792)
(997700,997796)
(997700,997809)
(997700,997813)
(997700,997816)
(997700,997822)
(997700,997828)
(997700,997832)
(997700,997842)
(997700,997848)
(997700,997854)
(997700,997864)
(997700,997873)
(997700,997878)
(997700,997886)
(997700,997891)
(997700,997898)
(997700,997904)
(997700,997906)
(997700,997920)
(997700,997925)
(997700,997929)
(997700,997939)
(997700,997946)
(997700,997957)
(997700,997965)
(997700,997973)
(997700,997986)
(997700,997991)
(997700,998001)
(997700,998008)
(997700,998021)
(997700,998027)
(997700,998047)
(997700,998052)
(997700,998061)
(997700,998067)
(997700,998075)
(997700,998086)
(997700,998092)
(997700,998107)
(997700,998117)
(997700,998119)
(997705,997711)
(997705,997721)
(997705,997727)
(997705,997735)
(997705,997737)
(997705,997748)
(997705,997755)
(997705,997759)
(997705,997770)
(997705,997776)
(997705,997786)
(997705,997792)
(997705,997796)
(997705,997809)
(997705,997813)
(997705,997816)
(997705,997822)
(997705,997828)
(997705,997832)
(997705,997842)
(997705,997848)
(997705,997854)
(997705,997864)
(997705,997873)
(997705,997878)
(997705,997886)
(997705,997891)
(997705,997898)
(997705,997904)
(997705,997906)
(997705,997920)
(997705,997925)
(997705,997929)
(997705,997939)
(997705,997946)
(997705,997957)
(997705,997965)
(997705,997973)
(997705,997986)
(997705,997991)
(997705,998001)
(997705,998008)
(997705,998021)
(997705,998027)
(997705,998047)
(997705,998052)
(997705,998061)
(997705,998067)
(997705,998075)
(997705,998086)
(997705,998092)
(997705,998107)
(997705,998117)
(997705,998119)
(997711,997721)
(997711,997727)
(997711,997735)
(997711,997737)
(997711,997748)
(997711,997755)
(997711,997759)
(997711,997770)
(997711,997776)
(997711,997786)
(997711,997792)
(997711,997796)
(997711,997809)
(997711,997813)
(997711,997816)
(997711,997822)
(997711,997828)
(997711,997832)
(997711,997842)
(997711,997848)
(997711,997854)
(997711,997864)
(997711,997873)
(997711,997878)
(997711,997886)
(997711,997891)
(997711,997898)
(997711,997904)
(997711,997906)
(997711,997920)
(997711,997925)
(997711,997929)
(997711,997939)
(997711,997946)
(997711,997957)
(997711,997965)
(997711,997973)
(997711,997986)
(997711,997991)
(997711,998001)
(997711,998008)
(997711,998021)
(997711,998027)
(997711,998047)
(997711,998052)
(997711,998061)
(997711,998067)
(997711,998075)
(997711,998086)
(997711,998092)
(997711,998107)
(997711,998117)
(997711,998119)
(997721,997727)
(997721,997735)
(997721,997737)
(997721,997748)
(997721,997755)
(997721,997759)
(997721,997770)
(997721,997776)
(997721,997786)
(997721,997792)
(997721,997796)
(997721,997809)
(997721,997813)
(997721,997816)
(997721,997822)
(997721,997828)
(997721,997832)
(997721,997842)
(997721,997848)
(997721,997854)
(997721,997864)
(997721,997873)
(997721,997878)
(997721,997886)
(997721,997891)
(997721,997898)
(997721,997904)
(997721,997906)
(997721,997920)
(997721,997925)
(997721,997929)
(997721,997939)
(997721,997946)
(997721,997957)
(997721,997965)
(997721,997973)
(997721,997986)
(997721,997991)
(997721,998001)
(997721,998008)
(997721,998021)
(997721,998027)
(997721,998047)
(997721,998052)
(997721,998061)
(997721,998067)
(997721,998075)
(997721,998086)
(997721,998092)
(997721,998107)
(997721,998117)
(997721,998119)
(997727,997735)
(997727,997737)
(997727,997748)
(997727,997755)
(997727,997759)
(997727,997770)
(997727,997776)
(997727,997786)
(997727,997792)
(997727,997796)
(997727,997809)
(997727,997813)
(997727,997816)
(997727,997822)
(997727,997828)
(997727,997832)
(997727,997842)
(997727,997848)
(997727,997854)
(997727,997864)
(997727,997873)
(997727,997878)
(997727,997886)
(997727,997891)
(997727,997898)
(997727,997904)
(997727,997906)
(997727,997920)
(997727,997925)
(997727,997929)
(997727,997939)
(997727,997946)
(997727,997957)
(997727,997965)
(997727,997973)
(997727,997986)
(997727,997991)
(997727,998001)
(997727,998008)
(997727,998021)
(997727,998027)
(997727,998047)
(997727,998052)
(997727,998061)
(997727,998067)
(997727,998075)
(997727,998086)
(997727,998092)
(997727,998107)
(997727,998117)
(997727,998119)
(997735,997737)
(997735,997748)
(997735,997755)
(997735,997759)
(997735,997770)
(997735,997776)
(997735,997786)
(997735,997792)
(997735,997796)
(997735,997809)
(997735,997813)
(997735,997816)
(997735,997822)
(997735,997828)
(997735,997832)
(997735,997842)
(997735,997848)
(997735,997854)
(997735,997864)
(997735,997873)
(997735,997878)
(997735,997886)
(997735,997891)
(997735,997898)
(997735,997904)
(997735,997906)
(997735,997920)
(997735,997925)
(997735,997929)
(997735,997939)
(997735,997946)
(997735,997957)
(997735,997965)
(997735,997973)
(997735,997986)
(997735,997991)
(997735,998001)
(997735,998008)
(997735,998021)
(997735,998027)
(997735,998047)
(997735,998052)
(997735,998061)
(997735,998067)
(997735,998075)
(997735,998086)
(997735,998092)
(997735,998107)
(997735,998117)
(997735,998119)
(997737,997748)
(997737,997755)
(997737,997759)
(997737,997770)
(997737,997776)
(997737,997786)
(997737,997792)
(997737,997796)
(997737,997809)
(997737,997813)
(997737,997816)
(997737,997822)
(997737,997828)
(997737,997832)
(997737,997842)
(997737,997848)
(997737,997854)
(997737,997864)
(997737,997873)
(997737,997878)
(997737,997886)
(997737,997891)
(997737,997898)
(997737,997904)
(997737,997906)
(997737,997920)
(997737,997925)
(997737,997929)
(997737,997939)
(997737,997946)
(997737,997957)
(997737,997965)
(997737,997973)
(997737,997986)
(997737,997991)
(997737,998001)
(997737,998008)
(997737,998021)
(997737,998027)
(997737,998047)
(997737,998052)
(997737,998061)
(997737,998067)
(997737,998075)
(997737,998086)
(997737,998092)
(997737,998107)
(997737,998117)
(997737,998119)
(997748,997755)
(997748,997759)
(997748,997770)
(997748,997776)
(997748,997786)
(997748,997792)
(997748,997796)
(997748,997809)
(997748,997813)
(997748,997816)
(997748,997822)
(997748,997828)
(997748,997832)
(997748,997842)
(997748,997848)
(997748,997854)
(997748,997864)
(997748,997873)
(997748,997878)
(997748,997886)
(997748,997891)
(997748,997898)
(997748,997904)
(997748,997906)
(997748,997920)
(997748,997925)
(997748,997929)
(997748,997939)
(997748,997946)
(997748,997957)
(997748,997965)
(997748,997973)
(997748,997986)
(997748,997991)
(997748,998001)
(997748,998008)
(997748,998021)
(997748,998027)
(997748,998047)
(997748,998052)
(997748,998061)
(997748,998067)
(997748,998075)
(997748,998086)
(997748,998092)
(997748,998107)
(997748,998117)
(997748,998119)
(997755,997759)
(997755,997770)
(997755,997776)
(997755,997786)
(997755,997792)
(997755,997796)
(997755,997809)
(997755,997813)
(997755,997816)
(997755,997822)
(997755,997828)
(997755,997832)
(997755,997842)
(997755,997848)
(997755,997854)
(997755,997864)
(997755,997873)
(997755,997878)
(997755,997886)
(997755,997891)
(997755,997898)
(997755,997904)
(997755,997906)
(997755,997920)
(997755,997925)
(997755,997929)
(997755,997939)
(997755,997946)
(997755,997957)
(997755,997965)
(997755,997973)
(997755,997986)
(997755,997991)
(997755,998001)
(997755,998008)
(997755,998021)
(997755,998027)
(997755,998047)
(997755,998052)
(997755,998061)
(997755,998067)
(997755,998075)
(997755,998086)
(997755,998092)
(997755,998107)
(997755,998117)
(997755,998119)
(997759,997770)
(997759,997776)
(997759,997786)
(997759,997792)
(997759,997796)
(997759,997809)
(997759,997813)
(997759,997816)
(997759,997822)
(997759,997828)
(997759,997832)
(997759,997842)
(997759,997848)
(997759,997854)
(997759,997864)
(997759,997873)
(997759,997878)
(997759,997886)
(997759,997891)
(997759,997898)
(997759,997904)
(997759,997906)
(997759,997920)
(997759,997925)
(997759,997929)
(997759,997939)
(997759,997946)
(997759,997957)
(997759,997965)
(997759,997973)
(997759,997986)
(997759,997991)
(997759,998001)
(997759,998008)
(997759,998021)
(997759,998027)
(997759,998047)
(997759,998052)
(997759,998061)
(997759,998067)
(997759,998075)
(997759,998086)
(997759,998092)
(997759,998107)
(997759,998117)
(997759,998119)
(997770,997776)
(997770,997786)
(997770,997792)
(997770,997796)
(997770,997809)
(997770,997813)
(997770,997816)
(997770,997822)
(997770,997828)
(997770,997832)
(997770,997842)
(997770,997848)
(997770,997854)
(997770,997864)
(997770,997873)
(997770,997878)
(997770,997886)
(997770,997891)
(997770,997898)
(997770,997904)
(997770,997906)
(997770,997920)
(997770,997925)
(997770,997929)
(997770,997939)
(997770,997946)
(997770,997957)
(997770,997965)
(997770,997973)
(997770,997986)
(997770,997991)
(997770,998001)
(997770,998008)
(997770,998021)
(997770,998027)
(997770,998047)
(997770,998052)
(997770,998061)
(997770,998067)
(997770,998075)
(997770,998086)
(997770,998092)
(997770,998107)
(997770,998117)
(997770,998119)
(997776,997786)
(997776,997792)
(997776,997796)
(997776,997809)
(997776,997813)
(997776,997816)
(997776,997822)
(997776,997828)
(997776,997832)
(997776,997842)
(997776,997848)
(997776,997854)
(997776,997864)
(997776,997873)
(997776,997878)
(997776,997886)
(997776,997891)
(997776,997898)
(997776,997904)
(997776,997906)
(997776,997920)
(997776,997925)
(997776,997929)
(997776,997939)
(997776,997946)
(997776,997957)
(997776,997965)
(997776,997973)
(997776,997986)
(997776,997991)
(997776,998001)
(997776,998008)
(997776,998021)
(997776,998027)
(997776,998047)
(997776,998052)
(997776,998061)
(997776,998067)
(997776,998075)
(997776,998086)
(997776,998092)
(997776,998107)
(997776,998117)
(997776,998119)
(997786,997792)
(997786,997796)
(997786,997809)
(997786,997813)
(997786,997816)
(997786,997822)
(997786,997828)
(997786,997832)
(997786,997842)
(997786,997848)
(997786,997854)
(997786,997864)
(997786,997873)
(997786,997878)
(997786,997886)
(997786,997891)
(997786,997898)
(997786,997904)
(997786,997906)
(997786,997920)
(997786,997925)
(997786,997929)
(997786,997939)
(997786,997946)
(997786,997957)
(997786,997965)
(997786,997973)
(997786,997986)
(997786,997991)
(997786,998001)
(997786,998008)
(997786,998021)
(997786,998027)
(997786,998047)
(997786,998052)
(997786,998061)
(997786,998067)
(997786,998075)
(997786,998086)
(997786,998092)
(997786,998107)
(997786,998117)
(997786,998119)
(997792,997796)
(997792,997809)
(997792,997813)
(997792,997816)
(997792,997822)
(997792,997828)
(997792,997832)
(997792,997842)
(997792,997848)
(997792,997854)
(997792,997864)
(997792,997873)
(997792,997878)
(997792,997886)
(997792,997891)
(997792,997898)
(997792,997904)
(997792,997906)
(997792,997920)
(997792,997925)
(997792,997929)
(997792,997939)
(997792,997946)
(997792,997957)
(997792,997965)
(997792,997973)
(997792,997986)
(997792,997991)
(997792,998001)
(997792,998008)
(997792,998021)
(997792,998027)
(997792,998047)
(997792,998052)
(997792,998061)
(997792,998067)
(997792,998075)
(997792,998086)
(997792,998092)
(997792,998107)
(997792,998117)
(997792,998119)
(997796,997809)
(997796,997813)
(997796,997816)
(997796,997822)
(997796,997828)
(997796,997832)
(997796,997842)
(997796,997848)
(997796,997854)
(997796,997864)
(997796,997873)
(997796,997878)
(997796,997886)
(997796,997891)
(997796,997898)
(997796,997904)
(997796,997906)
(997796,997920)
(997796,997925)
(997796,997929)
(997796,997939)
(997796,997946)
(997796,997957)
(997796,997965)
(997796,997973)
(997796,997986)
(997796,997991)
(997796,998001)
(997796,998008)
(997796,998021)
(997796,998027)
(997796,998047)
(997796,998052)
(997796,998061)
(997796,998067)
(997796,998075)
(997796,998086)
(997796,998092)
(997796,998107)
(997796,998117)
(997796,998119)
(997809,997813)
(997809,997816)
(997809,997822)
(997809,997828)
(997809,997832)
(997809,997842)
(997809,997848)
(997809,997854)
(997809,997864)
(997809,997873)
(997809,997878)
(997809,997886)
(997809,997891)
(997809,997898)
(997809,997904)
(997809,997906)
(997809,997920)
(997809,997925)
(997809,997929)
(997809,997939)
(997809,997946)
(997809,997957)
(997809,997965)
(997809,997973)
(997809,997986)
(997809,997991)
(997809,998001)
(997809,998008)
(997809,998021)
(997809,998027)
(997809,998047)
(997809,998052)
(997809,998061)
(997809,998067)
(997809,998075)
(997809,998086)
(997809,998092)
(997809,998107)
(997809,998117)
(997809,998119)
(997813,997816)
(997813,997822)
(997813,997828)
(997813,997832)
(997813,997842)
(997813,997848)
(997813,997854)
(997813,997864)
(997813,997873)
(997813,997878)
(997813,997886)
(997813,997891)
(997813,997898)
(997813,997904)
(997813,997906)
(997813,997920)
(997813,997925)
(997813,997929)
(997813,997939)
(997813,997946)
(997813,997957)
(997813,997965)
(997813,997973)
(997813,997986)
(997813,997991)
(997813,998001)
(997813,998008)
(997813,998021)
(997813,998027)
(997813,998047)
(997813,998052)
(997813,998061)
(997813,998067)
(997813,998075)
(997813,998086)
(997813,998092)
(997813,998107)
(997813,998117)
(997813,998119)
(997816,997822)
(997816,997828)
(997816,997832)
(997816,997842)
(997816,997848)
(997816,997854)
(997816,997864)
(997816,997873)
(997816,997878)
(997816,997886)
(997816,997891)
(997816,997898)
(997816,997904)
(997816,997906)
(997816,997920)
(997816,997925)
(997816,997929)
(997816,997939)
(997816,997946)
(997816,997957)
(997816,997965)
(997816,997973)
(997816,997986)
(997816,997991)
(997816,998001)
(997816,998008)
(997816,998021)
(997816,998027)
(997816,998047)
(997816,998052)
(997816,998061)
(997816,998067)
(997816,998075)
(997816,998086)
(997816,998092)
(997816,998107)
(997816,998117)
(997816,998119)
(997822,997828)
(997822,997832)
(997822,997842)
(997822,997848)
(997822,997854)
(997822,997864)
(997822,997873)
(997822,997878)
(997822,997886)
(997822,997891)
(997822,997898)
(997822,997904)
(997822,997906)
(997822,997920)
(997822,997925)
(997822,997929)
(997822,997939)
(997822,997946)
(997822,997957)
(997822,997965)
(997822,997973)
(997822,997986)
(997822,997991)
(997822,998001)
(997822,998008)
(997822,998021)
(997822,998027)
(997822,998047)
(997822,998052)
(997822,998061)
(997822,998067)
(997822,998075)
(997822,998086)
(997822,998092)
(997822,998107)
(997822,998117)
(997822,998119)
(997828,997832)
(997828,997842)
(997828,997848)
(997828,997854)
(997828,997864)
(997828,997873)
(997828,997878)
(997828,997886)
(997828,997891)
(997828,997898)
(997828,997904)
(997828,997906)
(997828,997920)
(997828,997925)
(997828,997929)
(997828,997939)
(997828,997946)
(997828,997957)
(997828,997965)
(997828,997973)
(997828,997986)
(997828,997991)
(997828,998001)
(997828,998008)
(997828,998021)
(997828,998027)
(997828,998047)
(997828,998052)
(997828,998061)
(997828,998067)
(997828,998075)
(997828,998086)
(997828,998092)
(997828,998107)
(997828,998117)
(997828,998119)
(997832,997842)
(997832,997848)
(997832,997854)
(997832,997864)
(997832,997873)
(997832,997878)
(997832,997886)
(997832,997891)
(997832,997898)
(997832,997904)
(997832,997906)
(997832,997920)
(997832,997925)
(997832,997929)
(997832,997939)
(997832,997946)
(997832,997957)
(997832,997965)
(997832,997973)
(997832,997986)
(997832,997991)
(997832,998001)
(997832,998008)
(997832,998021)
(997832,998027)
(997832,998047)
(997832,998052)
(997832,998061)
(997832,998067)
(997832,998075)
(997832,998086)
(997832,998092)
(997832,998107)
(997832,998117)
(997832,998119)
(997842,997848)
(997842,997854)
(997842,997864)
(997842,997873)
(997842,997878)
(997842,997886)
(997842,997891)
(997842,997898)
(997842,997904)
(997842,997906)
(997842,997920)
(997842,997925)
(997842,997929)
(997842,997939)
(997842,997946)
(997842,997957)
(997842,997965)
(997842,997973)
(997842,997986)
(997842,997991)
(997842,998001)
(997842,998008)
(997842,998021)
(997842,998027)
(997842,998047)
(997842,998052)
(997842,998061)
(997842,998067)
(997842,998075)
(997842,998086)
(997842,998092)
(997842,998107)
(997842,998117)
(997842,998119)
(997848,997854)
(997848,997864)
(997848,997873)
(997848,997878)
(997848,997886)
(997848,997891)
(997848,997898)
(997848,997904)
(997848,997906)
(997848,997920)
(997848,997925)
(997848,997929)
(997848,997939)
(997848,997946)
(997848,997957)
(997848,997965)
(997848,997973)
(997848,997986)
(997848,997991)
(997848,998001)
(997848,998008)
(997848,998021)
(997848,998027)
(997848,998047)
(997848,998052)
(997848,998061)
(997848,998067)
(997848,998075)
(997848,998086)
(997848,998092)
(997848,998107)
(997848,998117)
(997848,998119)
(997854,997864)
(997854,997873)
(997854,997878)
(997854,997886)
(997854,997891)
(997854,997898)
(997854,997904)
(997854,997906)
(997854,997920)
(997854,997925)
(997854,997929)
(997854,997939)
(997854,997946)
(997854,997957)
(997854,997965)
(997854,997973)
(997854,997986)
(997854,997991)
(997854,998001)
(997854,998008)
(997854,998021)
(997854,998027)
(997854,998047)
(997854,998052)
(997854,998061)
(997854,998067)
(997854,998075)
(997854,998086)
(997854,998092)
(997854,998107)
(997854,998117)
(997854,998119)
(997864,997873)
(997864,997878)
(997864,997886)
(997864,997891)
(997864,997898)
(997864,997904)
(997864,997906)
(997864,997920)
(997864,997925)
(997864,997929)
(997864,997939)
(997864,997946)
(997864,997957)
(997864,997965)
(997864,997973)
(997864,997986)
(997864,997991)
(997864,998001)
(997864,998008)
(997864,998021)
(997864,998027)
(997864,998047)
(997864,998052)
(997864,998061)
(997864,998067)
(997864,998075)
(997864,998086)
(997864,998092)
(997864,998107)
(997864,998117)
(997864,998119)
(997873,997878)
(997873,997886)
(997873,997891)
(997873,997898)
(997873,997904)
(997873,997906)
(997873,997920)
(997873,997925)
(997873,997929)
(997873,997939)
(997873,997946)
(997873,997957)
(997873,997965)
(997873,997973)
(997873,997986)
(997873,997991)
(997873,998001)
(997873,998008)
(997873,998021)
(997873,998027)
(997873,998047)
(997873,998052)
(997873,998061)
(997873,998067)
(997873,998075)
(997873,998086)
(997873,998092)
(997873,998107)
(997873,998117)
(997873,998119)
(997878,997886)
(997878,997891)
(997878,997898)
(997878,997904)
(997878,997906)
(997878,997920)
(997878,997925)
(997878,997929)
(997878,997939)
(997878,997946)
(997878,997957)
(997878,997965)
(997878,997973)
(997878,997986)
(997878,997991)
(997878,998001)
(997878,998008)
(997878,998021)
(997878,998027)
(997878,998047)
(997878,998052)
(997878,998061)
(997878,998067)
(997878,998075)
(997878,998086)
(997878,998092)
(997878,998107)
(997878,998117)
(997878,998119)
(997886,997891)
(997886,997898)
(997886,997904)
(997886,997906)
(997886,997920)
(997886,997925)
(997886,997929)
(997886,997939)
(997886,997946)
(997886,997957)
(997886,997965)
(997886,997973)
(997886,997986)
(997886,997991)
(997886,998001)
(997886,998008)
(997886,998021)
(997886,998027)
(997886,998047)
(997886,998052)
(997886,998061)
(997886,998067)
(997886,998075)
(997886,998086)
(997886,998092)
(997886,998107)
(997886,998117)
(997886,998119)
(997891,997898)
(997891,997904)
(997891,997906)
(997891,997920)
(997891,997925)
(997891,997929)
(997891,997939)
(997891,997946)
(997891,997957)
(997891,997965)
(997891,997973)
(997891,997986)
(997891,997991)
(997891,998001)
(997891,998008)
(997891,998021)
(997891,998027)
(997891,998047)
(997891,998052)
(997891,998061)
(997891,998067)
(997891,998075)
(997891,998086)
(997891,998092)
(997891,998107)
(997891,998117)
(997891,998119)
(997898,997904)
(997898,997906)
(997898,997920)
(997898,997925)
(997898,997929)
(997898,997939)
(997898,997946)
(997898,997957)
(997898,997965)
(997898,997973)
(997898,997986)
(997898,997991)
(997898,998001)
(997898,998008)
(997898,998021)
(997898,998027)
(997898,998047)
(997898,998052)
(997898,998061)
(997898,998067)
(997898,998075)
(997898,998086)
(997898,998092)
(997898,998107)
(997898,998117)
(997898,998119)
(997904,997906)
(997904,997920)
(997904,997925)
(997904,997929)
(997904,997939)
(997904,997946)
(997904,997957)
(997904,997965)
(997904,997973)
(997904,997986)
(997904,997991)
(997904,998001)
(997904,998008)
(997904,998021)
(997904,998027)
(997904,998047)
(997904,998052)
(997904,998061)
(997904,998067)
(997904,998075)
(997904,998086)
(997904,998092)
(997904,998107)
(997904,998117)
(997904,998119)
(997906,997920)
(997906,997925)
(997906,997929)
(997906,997939)
(997906,997946)
(997906,997957)
(997906,997965)
(997906,997973)
(997906,997986)
(997906,997991)
(997906,998001)
(997906,998008)
(997906,998021)
(997906,998027)
(997906,998047)
(997906,998052)
(997906,998061)
(997906,998067)
(997906,998075)
(997906,998086)
(997906,998092)
(997906,998107)
(997906,998117)
(997906,998119)
(997920,997925)
(997920,997929)
(997920,997939)
(997920,997946)
(997920,997957)
(997920,997965)
(997920,997973)
(997920,997986)
(997920,997991)
(997920,998001)
(997920,998008)
(997920,998021)
(997920,998027)
(997920,998047)
(997920,998052)
(997920,998061)
(997920,998067)
(997920,998075)
(997920,998086)
(997920,998092)
(997920,998107)
(997920,998117)
(997920,998119)
(997925,997929)
(997925,997939)
(997925,997946)
(997925,997957)
(997925,997965)
(997925,997973)
(997925,997986)
(997925,997991)
(997925,998001)
(997925,998008)
(997925,998021)
(997925,998027)
(997925,998047)
(997925,998052)
(997925,998061)
(997925,998067)
(997925,998075)
(997925,998086)
(997925,998092)
(997925,998107)
(997925,998117)
(997925,998119)
(997929,997939)
(997929,997946)
(997929,997957)
(997929,997965)
(997929,997973)
(997929,997986)
(997929,997991)
(997929,998001)
(997929,998008)
(997929,998021)
(997929,998027)
(997929,998047)
(997929,998052)
(997929,998061)
(997929,998067)
(997929,998075)
(997929,998086)
(997929,998092)
(997929,998107)
(997929,998117)
(997929,998119)
(997939,997946)
(997939,997957)
(997939,997965)
(997939,997973)
(997939,997986)
(997939,997991)
(997939,998001)
(997939,998008)
(997939,998021)
(997939,998027)
(997939,998047)
(997939,998052)
(997939,998061)
(997939,998067)
(997939,998075)
(997939,998086)
(997939,998092)
(997939,998107)
(997939,998117)
(997939,998119)
(997946,997957)
(997946,997965)
(997946,997973)
(997946,997986)
(997946,997991)
(997946,998001)
(997946,998008)
(997946,998021)
(997946,998027)
(997946,998047)
(997946,998052)
(997946,998061)
(997946,998067)
(997946,998075)
(997946,998086)
(997946,998092)
(997946,998107)
(997946,998117)
(997946,998119)
(997957,997965)
(997957,997973)
(997957,997986)
(997957,997991)
(997957,998001)
(997957,998008)
(997957,998021)
(997957,998027)
(997957,998047)
(997957,998052)
(997957,998061)
(997957,998067)
(997957,998075)
(997957,998086)
(997957,998092)
(997957,998107)
(997957,998117)
(997957,998119)
(997965,997973)
(997965,997986)
(997965,997991)
(997965,998001)
(997965,998008)
(997965,998021)
(997965,998027)
(997965,998047)
(997965,998052)
(997965,998061)
(997965,998067)
(997965,998075)
(997965,998086)
(997965,998092)
(997965,998107)
(997965,998117)
(997965,998119)
(997973,997986)
(997973,997991)
(997973,998001)
(997973,998008)
(997973,998021)
(997973,998027)
(997973,998047)
(997973,998052)
(997973,998061)
(997973,998067)
(997973,998075)
(997973,998086)
(997973,998092)
(997973,998107)
(997973,998117)
(997973,998119)
(997986,997991)
(997986,998001)
(997986,998008)
(997986,998021)
(997986,998027)
(997986,998047)
(997986,998052)
(997986,998061)
(997986,998067)
(997986,998075)
(997986,998086)
(997986,998092)
(997986,998107)
(997986,998117)
(997986,998119)
(997991,998001)
(997991,998008)
(997991,998021)
(997991,998027)
(997991,998047)
(997991,998052)
(997991,998061)
(997991,998067)
(997991,998075)
(997991,998086)
(997991,998092)
(997991,998107)
(997991,998117)
(997991,998119)
(998001,998008)
(998001,998021)
(998001,998027)
(998001,998047)
(998001,998052)
(998001,998061)
(998001,998067)
(998001,998075)
(998001,998086)
(998001,998092)
(998001,998107)
(998001,998117)
(998001,998119)
(998008,998021)
(998008,998027)
(998008,998047)
(998008,998052)
(998008,998061)
(998008,998067)
(998008,998075)
(998008,998086)
(998008,998092)
(998008,998107)
(998008,998117)
(998008,998119)
(998021,998027)
(998021,998047)
(998021,998052)
(998021,998061)
(998021,998067)
(998021,998075)
(998021,998086)
(998021,998092)
(998021,998107)
(998021,998117)
(998021,998119)
(998027,998047)
(998027,998052)
(998027,998061)
(998027,998067)
(998027,998075)
(998027,998086)
(998027,998092)
(998027,998107)
(998027,998117)
(998027,998119)
(998047,998052)
(998047,998061)
(998047,998067)
(998047,998075)
(998047,998086)
(998047,998092)
(998047,998107)
(998047,998117)
(998047,998119)
(998052,998061)
(998052,998067)
(998052,998075)
(998052,998086)
(998052,998092)
(998052,998107)
(998052,998117)
(998052,998119)
(998061,998067)
(998061,998075)
(998061,998086)
(998061,998092)
(998061,998107)
(998061,998117)
(998061,998119)
(998067,998075)
(998067,998086)
(998067,998092)
(998067,998107)
(998067,998117)
(998067,998119)
(998075,998086)
(998075,998092)
(998075,998107)
(998075,998117)
(998075,998119)
(998086,998092)
(998086,998107)
(998086,998117)
(998086,998119)
(998092,998107)
(998092,998117)
(998092,998119)
(998107,998117)
(998107,998119)
(998117,998119)
(998699,998705)
(998699,998710)
(998699,998716)
(998699,998721)
(998699,998727)
(998705,998710)
(998705,998716)
(998705,998721)
(998705,998727)
(998710,998716)
(998710,998721)
(998710,998727)
(998716,998721)
(998716,998727)
(998721,998727)
(998742,998744)
(998742,998745)
(998744,998745)
(998778,998786)
(998778,998790)
(998778,998795)
(998786,998790)
(998786,998795)
(998790,998795)
(998803,998810)
(998803,998823)
(998803,998828)
(998803,998836)
(998810,998823)
(998810,998828)
(998810,998836)
(998823,998828)
(998823,998836)
(998828,998836)
(998843,998850)
(998843,998855)
(998843,998863)
(998850,998855)
(998850,998863)
(998855,998863)
