(121005,1058119)
(121005,1058126)
(121005,1058133)
(121005,1058138)
(1058119,1058126)
(1058119,1058133)
(1058119,1058138)
(1058126,1058133)
(1058126,1058138)
(1058133,1058138)
(461653,461664)
(461653,461672)
(461664,461672)
(855767,1058186)
(855767,1058195)
(855767,1058200)
(855767,1058201)
(855767,1058209)
(855767,1058212)
(855767,1058217)
(855767,1058222)
(855767,1058226)
(855767,1058230)
(855767,1058233)
(855767,1058238)
(855767,1058241)
(855767,1058247)
(855767,1058253)
(855767,1058262)
(855767,1058266)
(855767,1058269)
(855767,1058272)
(855767,1058275)
(855767,1058279)
(855767,1058284)
(855767,1058288)
(855767,1058293)
(855767,1058298)
(855767,1058301)
(855767,1058304)
(855767,1058307)
(855767,1058314)
(855767,1058321)
(855767,1058323)
(855767,1058326)
(855767,1058331)
(855767,1058336)
(855767,1058342)
(855767,1058347)
(855767,1058350)
(1058186,1058195)
(1058186,1058200)
(1058186,1058201)
(1058186,1058209)
(1058186,1058212)
(1058186,1058217)
(1058186,1058222)
(1058186,1058226)
(1058186,1058230)
(1058186,1058233)
(1058186,1058238)
(1058186,1058241)
(1058186,1058247)
(1058186,1058253)
(1058186,1058262)
(1058186,1058266)
(1058186,1058269)
(1058186,1058272)
(1058186,1058275)
(1058186,1058279)
(1058186,1058284)
(1058186,1058288)
(1058186,1058293)
(1058186,1058298)
(1058186,1058301)
(1058186,1058304)
(1058186,1058307)
(1058186,1058314)
(1058186,1058321)
(1058186,1058323)
(1058186,1058326)
(1058186,1058331)
(1058186,1058336)
(1058186,1058342)
(1058186,1058347)
(1058186,1058350)
(1058195,1058200)
(1058195,1058201)
(1058195,1058209)
(1058195,1058212)
(1058195,1058217)
(1058195,1058222)
(1058195,1058226)
(1058195,1058230)
(1058195,1058233)
(1058195,1058238)
(1058195,1058241)
(1058195,1058247)
(1058195,1058253)
(1058195,1058262)
(1058195,1058266)
(1058195,1058269)
(1058195,1058272)
(1058195,1058275)
(1058195,1058279)
(1058195,1058284)
(1058195,1058288)
(1058195,1058293)
(1058195,1058298)
(1058195,1058301)
(1058195,1058304)
(1058195,1058307)
(1058195,1058314)
(1058195,1058321)
(1058195,1058323)
(1058195,1058326)
(1058195,1058331)
(1058195,1058336)
(1058195,1058342)
(1058195,1058347)
(1058195,1058350)
(1058200,1058201)
(1058200,1058209)
(1058200,1058212)
(1058200,1058217)
(1058200,1058222)
(1058200,1058226)
(1058200,1058230)
(1058200,1058233)
(1058200,1058238)
(1058200,1058241)
(1058200,1058247)
(1058200,1058253)
(1058200,1058262)
(1058200,1058266)
(1058200,1058269)
(1058200,1058272)
(1058200,1058275)
(1058200,1058279)
(1058200,1058284)
(1058200,1058288)
(1058200,1058293)
(1058200,1058298)
(1058200,1058301)
(1058200,1058304)
(1058200,1058307)
(1058200,1058314)
(1058200,1058321)
(1058200,1058323)
(1058200,1058326)
(1058200,1058331)
(1058200,1058336)
(1058200,1058342)
(1058200,1058347)
(1058200,1058350)
(1058201,1058209)
(1058201,1058212)
(1058201,1058217)
(1058201,1058222)
(1058201,1058226)
(1058201,1058230)
(1058201,1058233)
(1058201,1058238)
(1058201,1058241)
(1058201,1058247)
(1058201,1058253)
(1058201,1058262)
(1058201,1058266)
(1058201,1058269)
(1058201,1058272)
(1058201,1058275)
(1058201,1058279)
(1058201,1058284)
(1058201,1058288)
(1058201,1058293)
(1058201,1058298)
(1058201,1058301)
(1058201,1058304)
(1058201,1058307)
(1058201,1058314)
(1058201,1058321)
(1058201,1058323)
(1058201,1058326)
(1058201,1058331)
(1058201,1058336)
(1058201,1058342)
(1058201,1058347)
(1058201,1058350)
(1058209,1058212)
(1058209,1058217)
(1058209,1058222)
(1058209,1058226)
(1058209,1058230)
(1058209,1058233)
(1058209,1058238)
(1058209,1058241)
(1058209,1058247)
(1058209,1058253)
(1058209,1058262)
(1058209,1058266)
(1058209,1058269)
(1058209,1058272)
(1058209,1058275)
(1058209,1058279)
(1058209,1058284)
(1058209,1058288)
(1058209,1058293)
(1058209,1058298)
(1058209,1058301)
(1058209,1058304)
(1058209,1058307)
(1058209,1058314)
(1058209,1058321)
(1058209,1058323)
(1058209,1058326)
(1058209,1058331)
(1058209,1058336)
(1058209,1058342)
(1058209,1058347)
(1058209,1058350)
(1058212,1058217)
(1058212,1058222)
(1058212,1058226)
(1058212,1058230)
(1058212,1058233)
(1058212,1058238)
(1058212,1058241)
(1058212,1058247)
(1058212,1058253)
(1058212,1058262)
(1058212,1058266)
(1058212,1058269)
(1058212,1058272)
(1058212,1058275)
(1058212,1058279)
(1058212,1058284)
(1058212,1058288)
(1058212,1058293)
(1058212,1058298)
(1058212,1058301)
(1058212,1058304)
(1058212,1058307)
(1058212,1058314)
(1058212,1058321)
(1058212,1058323)
(1058212,1058326)
(1058212,1058331)
(1058212,1058336)
(1058212,1058342)
(1058212,1058347)
(1058212,1058350)
(1058217,1058222)
(1058217,1058226)
(1058217,1058230)
(1058217,1058233)
(1058217,1058238)
(1058217,1058241)
(1058217,1058247)
(1058217,1058253)
(1058217,1058262)
(1058217,1058266)
(1058217,1058269)
(1058217,1058272)
(1058217,1058275)
(1058217,1058279)
(1058217,1058284)
(1058217,1058288)
(1058217,1058293)
(1058217,1058298)
(1058217,1058301)
(1058217,1058304)
(1058217,1058307)
(1058217,1058314)
(1058217,1058321)
(1058217,1058323)
(1058217,1058326)
(1058217,1058331)
(1058217,1058336)
(1058217,1058342)
(1058217,1058347)
(1058217,1058350)
(1058222,1058226)
(1058222,1058230)
(1058222,1058233)
(1058222,1058238)
(1058222,1058241)
(1058222,1058247)
(1058222,1058253)
(1058222,1058262)
(1058222,1058266)
(1058222,1058269)
(1058222,1058272)
(1058222,1058275)
(1058222,1058279)
(1058222,1058284)
(1058222,1058288)
(1058222,1058293)
(1058222,1058298)
(1058222,1058301)
(1058222,1058304)
(1058222,1058307)
(1058222,1058314)
(1058222,1058321)
(1058222,1058323)
(1058222,1058326)
(1058222,1058331)
(1058222,1058336)
(1058222,1058342)
(1058222,1058347)
(1058222,1058350)
(1058226,1058230)
(1058226,1058233)
(1058226,1058238)
(1058226,1058241)
(1058226,1058247)
(1058226,1058253)
(1058226,1058262)
(1058226,1058266)
(1058226,1058269)
(1058226,1058272)
(1058226,1058275)
(1058226,1058279)
(1058226,1058284)
(1058226,1058288)
(1058226,1058293)
(1058226,1058298)
(1058226,1058301)
(1058226,1058304)
(1058226,1058307)
(1058226,1058314)
(1058226,1058321)
(1058226,1058323)
(1058226,1058326)
(1058226,1058331)
(1058226,1058336)
(1058226,1058342)
(1058226,1058347)
(1058226,1058350)
(1058230,1058233)
(1058230,1058238)
(1058230,1058241)
(1058230,1058247)
(1058230,1058253)
(1058230,1058262)
(1058230,1058266)
(1058230,1058269)
(1058230,1058272)
(1058230,1058275)
(1058230,1058279)
(1058230,1058284)
(1058230,1058288)
(1058230,1058293)
(1058230,1058298)
(1058230,1058301)
(1058230,1058304)
(1058230,1058307)
(1058230,1058314)
(1058230,1058321)
(1058230,1058323)
(1058230,1058326)
(1058230,1058331)
(1058230,1058336)
(1058230,1058342)
(1058230,1058347)
(1058230,1058350)
(1058233,1058238)
(1058233,1058241)
(1058233,1058247)
(1058233,1058253)
(1058233,1058262)
(1058233,1058266)
(1058233,1058269)
(1058233,1058272)
(1058233,1058275)
(1058233,1058279)
(1058233,1058284)
(1058233,1058288)
(1058233,1058293)
(1058233,1058298)
(1058233,1058301)
(1058233,1058304)
(1058233,1058307)
(1058233,1058314)
(1058233,1058321)
(1058233,1058323)
(1058233,1058326)
(1058233,1058331)
(1058233,1058336)
(1058233,1058342)
(1058233,1058347)
(1058233,1058350)
(1058238,1058241)
(1058238,1058247)
(1058238,1058253)
(1058238,1058262)
(1058238,1058266)
(1058238,1058269)
(1058238,1058272)
(1058238,1058275)
(1058238,1058279)
(1058238,1058284)
(1058238,1058288)
(1058238,1058293)
(1058238,1058298)
(1058238,1058301)
(1058238,1058304)
(1058238,1058307)
(1058238,1058314)
(1058238,1058321)
(1058238,1058323)
(1058238,1058326)
(1058238,1058331)
(1058238,1058336)
(1058238,1058342)
(1058238,1058347)
(1058238,1058350)
(1058241,1058247)
(1058241,1058253)
(1058241,1058262)
(1058241,1058266)
(1058241,1058269)
(1058241,1058272)
(1058241,1058275)
(1058241,1058279)
(1058241,1058284)
(1058241,1058288)
(1058241,1058293)
(1058241,1058298)
(1058241,1058301)
(1058241,1058304)
(1058241,1058307)
(1058241,1058314)
(1058241,1058321)
(1058241,1058323)
(1058241,1058326)
(1058241,1058331)
(1058241,1058336)
(1058241,1058342)
(1058241,1058347)
(1058241,1058350)
(1058247,1058253)
(1058247,1058262)
(1058247,1058266)
(1058247,1058269)
(1058247,1058272)
(1058247,1058275)
(1058247,1058279)
(1058247,1058284)
(1058247,1058288)
(1058247,1058293)
(1058247,1058298)
(1058247,1058301)
(1058247,1058304)
(1058247,1058307)
(1058247,1058314)
(1058247,1058321)
(1058247,1058323)
(1058247,1058326)
(1058247,1058331)
(1058247,1058336)
(1058247,1058342)
(1058247,1058347)
(1058247,1058350)
(1058253,1058262)
(1058253,1058266)
(1058253,1058269)
(1058253,1058272)
(1058253,1058275)
(1058253,1058279)
(1058253,1058284)
(1058253,1058288)
(1058253,1058293)
(1058253,1058298)
(1058253,1058301)
(1058253,1058304)
(1058253,1058307)
(1058253,1058314)
(1058253,1058321)
(1058253,1058323)
(1058253,1058326)
(1058253,1058331)
(1058253,1058336)
(1058253,1058342)
(1058253,1058347)
(1058253,1058350)
(1058262,1058266)
(1058262,1058269)
(1058262,1058272)
(1058262,1058275)
(1058262,1058279)
(1058262,1058284)
(1058262,1058288)
(1058262,1058293)
(1058262,1058298)
(1058262,1058301)
(1058262,1058304)
(1058262,1058307)
(1058262,1058314)
(1058262,1058321)
(1058262,1058323)
(1058262,1058326)
(1058262,1058331)
(1058262,1058336)
(1058262,1058342)
(1058262,1058347)
(1058262,1058350)
(1058266,1058269)
(1058266,1058272)
(1058266,1058275)
(1058266,1058279)
(1058266,1058284)
(1058266,1058288)
(1058266,1058293)
(1058266,1058298)
(1058266,1058301)
(1058266,1058304)
(1058266,1058307)
(1058266,1058314)
(1058266,1058321)
(1058266,1058323)
(1058266,1058326)
(1058266,1058331)
(1058266,1058336)
(1058266,1058342)
(1058266,1058347)
(1058266,1058350)
(1058269,1058272)
(1058269,1058275)
(1058269,1058279)
(1058269,1058284)
(1058269,1058288)
(1058269,1058293)
(1058269,1058298)
(1058269,1058301)
(1058269,1058304)
(1058269,1058307)
(1058269,1058314)
(1058269,1058321)
(1058269,1058323)
(1058269,1058326)
(1058269,1058331)
(1058269,1058336)
(1058269,1058342)
(1058269,1058347)
(1058269,1058350)
(1058272,1058275)
(1058272,1058279)
(1058272,1058284)
(1058272,1058288)
(1058272,1058293)
(1058272,1058298)
(1058272,1058301)
(1058272,1058304)
(1058272,1058307)
(1058272,1058314)
(1058272,1058321)
(1058272,1058323)
(1058272,1058326)
(1058272,1058331)
(1058272,1058336)
(1058272,1058342)
(1058272,1058347)
(1058272,1058350)
(1058275,1058279)
(1058275,1058284)
(1058275,1058288)
(1058275,1058293)
(1058275,1058298)
(1058275,1058301)
(1058275,1058304)
(1058275,1058307)
(1058275,1058314)
(1058275,1058321)
(1058275,1058323)
(1058275,1058326)
(1058275,1058331)
(1058275,1058336)
(1058275,1058342)
(1058275,1058347)
(1058275,1058350)
(1058279,1058284)
(1058279,1058288)
(1058279,1058293)
(1058279,1058298)
(1058279,1058301)
(1058279,1058304)
(1058279,1058307)
(1058279,1058314)
(1058279,1058321)
(1058279,1058323)
(1058279,1058326)
(1058279,1058331)
(1058279,1058336)
(1058279,1058342)
(1058279,1058347)
(1058279,1058350)
(1058284,1058288)
(1058284,1058293)
(1058284,1058298)
(1058284,1058301)
(1058284,1058304)
(1058284,1058307)
(1058284,1058314)
(1058284,1058321)
(1058284,1058323)
(1058284,1058326)
(1058284,1058331)
(1058284,1058336)
(1058284,1058342)
(1058284,1058347)
(1058284,1058350)
(1058288,1058293)
(1058288,1058298)
(1058288,1058301)
(1058288,1058304)
(1058288,1058307)
(1058288,1058314)
(1058288,1058321)
(1058288,1058323)
(1058288,1058326)
(1058288,1058331)
(1058288,1058336)
(1058288,1058342)
(1058288,1058347)
(1058288,1058350)
(1058293,1058298)
(1058293,1058301)
(1058293,1058304)
(1058293,1058307)
(1058293,1058314)
(1058293,1058321)
(1058293,1058323)
(1058293,1058326)
(1058293,1058331)
(1058293,1058336)
(1058293,1058342)
(1058293,1058347)
(1058293,1058350)
(1058298,1058301)
(1058298,1058304)
(1058298,1058307)
(1058298,1058314)
(1058298,1058321)
(1058298,1058323)
(1058298,1058326)
(1058298,1058331)
(1058298,1058336)
(1058298,1058342)
(1058298,1058347)
(1058298,1058350)
(1058301,1058304)
(1058301,1058307)
(1058301,1058314)
(1058301,1058321)
(1058301,1058323)
(1058301,1058326)
(1058301,1058331)
(1058301,1058336)
(1058301,1058342)
(1058301,1058347)
(1058301,1058350)
(1058304,1058307)
(1058304,1058314)
(1058304,1058321)
(1058304,1058323)
(1058304,1058326)
(1058304,1058331)
(1058304,1058336)
(1058304,1058342)
(1058304,1058347)
(1058304,1058350)
(1058307,1058314)
(1058307,1058321)
(1058307,1058323)
(1058307,1058326)
(1058307,1058331)
(1058307,1058336)
(1058307,1058342)
(1058307,1058347)
(1058307,1058350)
(1058314,1058321)
(1058314,1058323)
(1058314,1058326)
(1058314,1058331)
(1058314,1058336)
(1058314,1058342)
(1058314,1058347)
(1058314,1058350)
(1058321,1058323)
(1058321,1058326)
(1058321,1058331)
(1058321,1058336)
(1058321,1058342)
(1058321,1058347)
(1058321,1058350)
(1058323,1058326)
(1058323,1058331)
(1058323,1058336)
(1058323,1058342)
(1058323,1058347)
(1058323,1058350)
(1058326,1058331)
(1058326,1058336)
(1058326,1058342)
(1058326,1058347)
(1058326,1058350)
(1058331,1058336)
(1058331,1058342)
(1058331,1058347)
(1058331,1058350)
(1058336,1058342)
(1058336,1058347)
(1058336,1058350)
(1058342,1058347)
(1058342,1058350)
(1058347,1058350)
(1058143,1058150)
(1058143,1058155)
(1058143,1058162)
(1058143,1058169)
(1058143,1058178)
(1058150,1058155)
(1058150,1058162)
(1058150,1058169)
(1058150,1058178)
(1058155,1058162)
(1058155,1058169)
(1058155,1058178)
(1058162,1058169)
(1058162,1058178)
(1058169,1058178)
(1058352,1058355)
(1058352,1058364)
(1058355,1058364)
(1058387,1058393)
(1058387,1058406)
(1058387,1058410)
(1058387,1058414)
(1058387,1058424)
(1058387,1058427)
(1058387,1058433)
(1058387,1058445)
(1058387,1058447)
(1058387,1058457)
(1058387,1058467)
(1058387,1058471)
(1058387,1058476)
(1058387,1058479)
(1058393,1058406)
(1058393,1058410)
(1058393,1058414)
(1058393,1058424)
(1058393,1058427)
(1058393,1058433)
(1058393,1058445)
(1058393,1058447)
(1058393,1058457)
(1058393,1058467)
(1058393,1058471)
(1058393,1058476)
(1058393,1058479)
(1058406,1058410)
(1058406,1058414)
(1058406,1058424)
(1058406,1058427)
(1058406,1058433)
(1058406,1058445)
(1058406,1058447)
(1058406,1058457)
(1058406,1058467)
(1058406,1058471)
(1058406,1058476)
(1058406,1058479)
(1058410,1058414)
(1058410,1058424)
(1058410,1058427)
(1058410,1058433)
(1058410,1058445)
(1058410,1058447)
(1058410,1058457)
(1058410,1058467)
(1058410,1058471)
(1058410,1058476)
(1058410,1058479)
(1058414,1058424)
(1058414,1058427)
(1058414,1058433)
(1058414,1058445)
(1058414,1058447)
(1058414,1058457)
(1058414,1058467)
(1058414,1058471)
(1058414,1058476)
(1058414,1058479)
(1058424,1058427)
(1058424,1058433)
(1058424,1058445)
(1058424,1058447)
(1058424,1058457)
(1058424,1058467)
(1058424,1058471)
(1058424,1058476)
(1058424,1058479)
(1058427,1058433)
(1058427,1058445)
(1058427,1058447)
(1058427,1058457)
(1058427,1058467)
(1058427,1058471)
(1058427,1058476)
(1058427,1058479)
(1058433,1058445)
(1058433,1058447)
(1058433,1058457)
(1058433,1058467)
(1058433,1058471)
(1058433,1058476)
(1058433,1058479)
(1058445,1058447)
(1058445,1058457)
(1058445,1058467)
(1058445,1058471)
(1058445,1058476)
(1058445,1058479)
(1058447,1058457)
(1058447,1058467)
(1058447,1058471)
(1058447,1058476)
(1058447,1058479)
(1058457,1058467)
(1058457,1058471)
(1058457,1058476)
(1058457,1058479)
(1058467,1058471)
(1058467,1058476)
(1058467,1058479)
(1058471,1058476)
(1058471,1058479)
(1058476,1058479)
(1058491,1058497)
(1058491,1058504)
(1058491,1058507)
(1058491,1058513)
(1058497,1058504)
(1058497,1058507)
(1058497,1058513)
(1058504,1058507)
(1058504,1058513)
(1058507,1058513)
(1058523,1058525)
(1058523,1058530)
(1058523,1058536)
(1058523,1058541)
(1058525,1058530)
(1058525,1058536)
(1058525,1058541)
(1058530,1058536)
(1058530,1058541)
(1058536,1058541)
(1058557,1058567)
(1058557,1058581)
(1058557,1058586)
(1058557,1058591)
(1058567,1058581)
(1058567,1058586)
(1058567,1058591)
(1058581,1058586)
(1058581,1058591)
(1058586,1058591)
(1058595,1058598)
(1058595,1058601)
(1058595,1058605)
(1058595,1058610)
(1058595,1058612)
(1058595,1058616)
(1058595,1058623)
(1058598,1058601)
(1058598,1058605)
(1058598,1058610)
(1058598,1058612)
(1058598,1058616)
(1058598,1058623)
(1058601,1058605)
(1058601,1058610)
(1058601,1058612)
(1058601,1058616)
(1058601,1058623)
(1058605,1058610)
(1058605,1058612)
(1058605,1058616)
(1058605,1058623)
(1058610,1058612)
(1058610,1058616)
(1058610,1058623)
(1058612,1058616)
(1058612,1058623)
(1058616,1058623)
(1058624,1058630)
(1058624,1058635)
(1058630,1058635)
(1058642,1058649)
(1058642,1058658)
(1058642,1058664)
(1058642,1058673)
(1058642,1058678)
(1058642,1058685)
(1058642,1058689)
(1058642,1058701)
(1058642,1058708)
(1058642,1058719)
(1058642,1058724)
(1058642,1058736)
(1058649,1058658)
(1058649,1058664)
(1058649,1058673)
(1058649,1058678)
(1058649,1058685)
(1058649,1058689)
(1058649,1058701)
(1058649,1058708)
(1058649,1058719)
(1058649,1058724)
(1058649,1058736)
(1058658,1058664)
(1058658,1058673)
(1058658,1058678)
(1058658,1058685)
(1058658,1058689)
(1058658,1058701)
(1058658,1058708)
(1058658,1058719)
(1058658,1058724)
(1058658,1058736)
(1058664,1058673)
(1058664,1058678)
(1058664,1058685)
(1058664,1058689)
(1058664,1058701)
(1058664,1058708)
(1058664,1058719)
(1058664,1058724)
(1058664,1058736)
(1058673,1058678)
(1058673,1058685)
(1058673,1058689)
(1058673,1058701)
(1058673,1058708)
(1058673,1058719)
(1058673,1058724)
(1058673,1058736)
(1058678,1058685)
(1058678,1058689)
(1058678,1058701)
(1058678,1058708)
(1058678,1058719)
(1058678,1058724)
(1058678,1058736)
(1058685,1058689)
(1058685,1058701)
(1058685,1058708)
(1058685,1058719)
(1058685,1058724)
(1058685,1058736)
(1058689,1058701)
(1058689,1058708)
(1058689,1058719)
(1058689,1058724)
(1058689,1058736)
(1058701,1058708)
(1058701,1058719)
(1058701,1058724)
(1058701,1058736)
(1058708,1058719)
(1058708,1058724)
(1058708,1058736)
(1058719,1058724)
(1058719,1058736)
(1058724,1058736)
(1058741,1058745)
(1058741,1058752)
(1058745,1058752)
(1058757,1058761)
(1058768,1058770)
(1058768,1058772)
(1058770,1058772)
(1058775,1058781)
(1058775,1058789)
(1058781,1058789)
(1058793,1058797)
(1058807,1058816)
(1058824,1058825)
(1058827,1058828)
(1058827,1058841)
(1058828,1058841)
(1058845,1058854)
(1058891,1058897)
(1058914,1058918)
(1058925,1058929)
(1058925,1058933)
(1058925,1058939)
(1058929,1058933)
(1058929,1058939)
(1058933,1058939)
(1058952,1058955)
(1058959,1058964)
(1058959,1058969)
(1058959,1058974)
(1058964,1058969)
(1058964,1058974)
(1058969,1058974)
(1059025,1059034)
(1059102,1059106)
