(211931,1033799)
(587727,587736)
(587727,587739)
(587727,587780)
(587727,1033308)
(587727,1033316)
(587727,1033319)
(587727,1033329)
(587727,1033331)
(587727,1033334)
(587727,1033343)
(587727,1033344)
(587727,1033345)
(587727,1033346)
(587727,1033347)
(587727,1033348)
(587727,1033350)
(587727,1033358)
(587727,1033364)
(587727,1033368)
(587727,1033369)
(587727,1033378)
(587727,1033384)
(587727,1033387)
(587727,1033389)
(587727,1033394)
(587727,1033395)
(587727,1033403)
(587727,1033409)
(587727,1033420)
(587727,1033424)
(587727,1033425)
(587727,1033429)
(587727,1033438)
(587727,1033443)
(587727,1033446)
(587736,587739)
(587736,587780)
(587736,1033308)
(587736,1033316)
(587736,1033319)
(587736,1033329)
(587736,1033331)
(587736,1033334)
(587736,1033343)
(587736,1033344)
(587736,1033345)
(587736,1033346)
(587736,1033347)
(587736,1033348)
(587736,1033350)
(587736,1033358)
(587736,1033364)
(587736,1033368)
(587736,1033369)
(587736,1033378)
(587736,1033384)
(587736,1033387)
(587736,1033389)
(587736,1033394)
(587736,1033395)
(587736,1033403)
(587736,1033409)
(587736,1033420)
(587736,1033424)
(587736,1033425)
(587736,1033429)
(587736,1033438)
(587736,1033443)
(587736,1033446)
(587739,587780)
(587739,1033308)
(587739,1033316)
(587739,1033319)
(587739,1033329)
(587739,1033331)
(587739,1033334)
(587739,1033343)
(587739,1033344)
(587739,1033345)
(587739,1033346)
(587739,1033347)
(587739,1033348)
(587739,1033350)
(587739,1033358)
(587739,1033364)
(587739,1033368)
(587739,1033369)
(587739,1033378)
(587739,1033384)
(587739,1033387)
(587739,1033389)
(587739,1033394)
(587739,1033395)
(587739,1033403)
(587739,1033409)
(587739,1033420)
(587739,1033424)
(587739,1033425)
(587739,1033429)
(587739,1033438)
(587739,1033443)
(587739,1033446)
(587780,1033308)
(587780,1033316)
(587780,1033319)
(587780,1033329)
(587780,1033331)
(587780,1033334)
(587780,1033343)
(587780,1033344)
(587780,1033345)
(587780,1033346)
(587780,1033347)
(587780,1033348)
(587780,1033350)
(587780,1033358)
(587780,1033364)
(587780,1033368)
(587780,1033369)
(587780,1033378)
(587780,1033384)
(587780,1033387)
(587780,1033389)
(587780,1033394)
(587780,1033395)
(587780,1033403)
(587780,1033409)
(587780,1033420)
(587780,1033424)
(587780,1033425)
(587780,1033429)
(587780,1033438)
(587780,1033443)
(587780,1033446)
(1033308,1033316)
(1033308,1033319)
(1033308,1033329)
(1033308,1033331)
(1033308,1033334)
(1033308,1033343)
(1033308,1033344)
(1033308,1033345)
(1033308,1033346)
(1033308,1033347)
(1033308,1033348)
(1033308,1033350)
(1033308,1033358)
(1033308,1033364)
(1033308,1033368)
(1033308,1033369)
(1033308,1033378)
(1033308,1033384)
(1033308,1033387)
(1033308,1033389)
(1033308,1033394)
(1033308,1033395)
(1033308,1033403)
(1033308,1033409)
(1033308,1033420)
(1033308,1033424)
(1033308,1033425)
(1033308,1033429)
(1033308,1033438)
(1033308,1033443)
(1033308,1033446)
(1033316,1033319)
(1033316,1033329)
(1033316,1033331)
(1033316,1033334)
(1033316,1033343)
(1033316,1033344)
(1033316,1033345)
(1033316,1033346)
(1033316,1033347)
(1033316,1033348)
(1033316,1033350)
(1033316,1033358)
(1033316,1033364)
(1033316,1033368)
(1033316,1033369)
(1033316,1033378)
(1033316,1033384)
(1033316,1033387)
(1033316,1033389)
(1033316,1033394)
(1033316,1033395)
(1033316,1033403)
(1033316,1033409)
(1033316,1033420)
(1033316,1033424)
(1033316,1033425)
(1033316,1033429)
(1033316,1033438)
(1033316,1033443)
(1033316,1033446)
(1033319,1033329)
(1033319,1033331)
(1033319,1033334)
(1033319,1033343)
(1033319,1033344)
(1033319,1033345)
(1033319,1033346)
(1033319,1033347)
(1033319,1033348)
(1033319,1033350)
(1033319,1033358)
(1033319,1033364)
(1033319,1033368)
(1033319,1033369)
(1033319,1033378)
(1033319,1033384)
(1033319,1033387)
(1033319,1033389)
(1033319,1033394)
(1033319,1033395)
(1033319,1033403)
(1033319,1033409)
(1033319,1033420)
(1033319,1033424)
(1033319,1033425)
(1033319,1033429)
(1033319,1033438)
(1033319,1033443)
(1033319,1033446)
(1033329,1033331)
(1033329,1033334)
(1033329,1033343)
(1033329,1033344)
(1033329,1033345)
(1033329,1033346)
(1033329,1033347)
(1033329,1033348)
(1033329,1033350)
(1033329,1033358)
(1033329,1033364)
(1033329,1033368)
(1033329,1033369)
(1033329,1033378)
(1033329,1033384)
(1033329,1033387)
(1033329,1033389)
(1033329,1033394)
(1033329,1033395)
(1033329,1033403)
(1033329,1033409)
(1033329,1033420)
(1033329,1033424)
(1033329,1033425)
(1033329,1033429)
(1033329,1033438)
(1033329,1033443)
(1033329,1033446)
(1033331,1033334)
(1033331,1033343)
(1033331,1033344)
(1033331,1033345)
(1033331,1033346)
(1033331,1033347)
(1033331,1033348)
(1033331,1033350)
(1033331,1033358)
(1033331,1033364)
(1033331,1033368)
(1033331,1033369)
(1033331,1033378)
(1033331,1033384)
(1033331,1033387)
(1033331,1033389)
(1033331,1033394)
(1033331,1033395)
(1033331,1033403)
(1033331,1033409)
(1033331,1033420)
(1033331,1033424)
(1033331,1033425)
(1033331,1033429)
(1033331,1033438)
(1033331,1033443)
(1033331,1033446)
(1033334,1033343)
(1033334,1033344)
(1033334,1033345)
(1033334,1033346)
(1033334,1033347)
(1033334,1033348)
(1033334,1033350)
(1033334,1033358)
(1033334,1033364)
(1033334,1033368)
(1033334,1033369)
(1033334,1033378)
(1033334,1033384)
(1033334,1033387)
(1033334,1033389)
(1033334,1033394)
(1033334,1033395)
(1033334,1033403)
(1033334,1033409)
(1033334,1033420)
(1033334,1033424)
(1033334,1033425)
(1033334,1033429)
(1033334,1033438)
(1033334,1033443)
(1033334,1033446)
(1033343,1033344)
(1033343,1033345)
(1033343,1033346)
(1033343,1033347)
(1033343,1033348)
(1033343,1033350)
(1033343,1033358)
(1033343,1033364)
(1033343,1033368)
(1033343,1033369)
(1033343,1033378)
(1033343,1033384)
(1033343,1033387)
(1033343,1033389)
(1033343,1033394)
(1033343,1033395)
(1033343,1033403)
(1033343,1033409)
(1033343,1033420)
(1033343,1033424)
(1033343,1033425)
(1033343,1033429)
(1033343,1033438)
(1033343,1033443)
(1033343,1033446)
(1033344,1033345)
(1033344,1033346)
(1033344,1033347)
(1033344,1033348)
(1033344,1033350)
(1033344,1033358)
(1033344,1033364)
(1033344,1033368)
(1033344,1033369)
(1033344,1033378)
(1033344,1033384)
(1033344,1033387)
(1033344,1033389)
(1033344,1033394)
(1033344,1033395)
(1033344,1033403)
(1033344,1033409)
(1033344,1033420)
(1033344,1033424)
(1033344,1033425)
(1033344,1033429)
(1033344,1033438)
(1033344,1033443)
(1033344,1033446)
(1033345,1033346)
(1033345,1033347)
(1033345,1033348)
(1033345,1033350)
(1033345,1033358)
(1033345,1033364)
(1033345,1033368)
(1033345,1033369)
(1033345,1033378)
(1033345,1033384)
(1033345,1033387)
(1033345,1033389)
(1033345,1033394)
(1033345,1033395)
(1033345,1033403)
(1033345,1033409)
(1033345,1033420)
(1033345,1033424)
(1033345,1033425)
(1033345,1033429)
(1033345,1033438)
(1033345,1033443)
(1033345,1033446)
(1033346,1033347)
(1033346,1033348)
(1033346,1033350)
(1033346,1033358)
(1033346,1033364)
(1033346,1033368)
(1033346,1033369)
(1033346,1033378)
(1033346,1033384)
(1033346,1033387)
(1033346,1033389)
(1033346,1033394)
(1033346,1033395)
(1033346,1033403)
(1033346,1033409)
(1033346,1033420)
(1033346,1033424)
(1033346,1033425)
(1033346,1033429)
(1033346,1033438)
(1033346,1033443)
(1033346,1033446)
(1033347,1033348)
(1033347,1033350)
(1033347,1033358)
(1033347,1033364)
(1033347,1033368)
(1033347,1033369)
(1033347,1033378)
(1033347,1033384)
(1033347,1033387)
(1033347,1033389)
(1033347,1033394)
(1033347,1033395)
(1033347,1033403)
(1033347,1033409)
(1033347,1033420)
(1033347,1033424)
(1033347,1033425)
(1033347,1033429)
(1033347,1033438)
(1033347,1033443)
(1033347,1033446)
(1033348,1033350)
(1033348,1033358)
(1033348,1033364)
(1033348,1033368)
(1033348,1033369)
(1033348,1033378)
(1033348,1033384)
(1033348,1033387)
(1033348,1033389)
(1033348,1033394)
(1033348,1033395)
(1033348,1033403)
(1033348,1033409)
(1033348,1033420)
(1033348,1033424)
(1033348,1033425)
(1033348,1033429)
(1033348,1033438)
(1033348,1033443)
(1033348,1033446)
(1033350,1033358)
(1033350,1033364)
(1033350,1033368)
(1033350,1033369)
(1033350,1033378)
(1033350,1033384)
(1033350,1033387)
(1033350,1033389)
(1033350,1033394)
(1033350,1033395)
(1033350,1033403)
(1033350,1033409)
(1033350,1033420)
(1033350,1033424)
(1033350,1033425)
(1033350,1033429)
(1033350,1033438)
(1033350,1033443)
(1033350,1033446)
(1033358,1033364)
(1033358,1033368)
(1033358,1033369)
(1033358,1033378)
(1033358,1033384)
(1033358,1033387)
(1033358,1033389)
(1033358,1033394)
(1033358,1033395)
(1033358,1033403)
(1033358,1033409)
(1033358,1033420)
(1033358,1033424)
(1033358,1033425)
(1033358,1033429)
(1033358,1033438)
(1033358,1033443)
(1033358,1033446)
(1033364,1033368)
(1033364,1033369)
(1033364,1033378)
(1033364,1033384)
(1033364,1033387)
(1033364,1033389)
(1033364,1033394)
(1033364,1033395)
(1033364,1033403)
(1033364,1033409)
(1033364,1033420)
(1033364,1033424)
(1033364,1033425)
(1033364,1033429)
(1033364,1033438)
(1033364,1033443)
(1033364,1033446)
(1033368,1033369)
(1033368,1033378)
(1033368,1033384)
(1033368,1033387)
(1033368,1033389)
(1033368,1033394)
(1033368,1033395)
(1033368,1033403)
(1033368,1033409)
(1033368,1033420)
(1033368,1033424)
(1033368,1033425)
(1033368,1033429)
(1033368,1033438)
(1033368,1033443)
(1033368,1033446)
(1033369,1033378)
(1033369,1033384)
(1033369,1033387)
(1033369,1033389)
(1033369,1033394)
(1033369,1033395)
(1033369,1033403)
(1033369,1033409)
(1033369,1033420)
(1033369,1033424)
(1033369,1033425)
(1033369,1033429)
(1033369,1033438)
(1033369,1033443)
(1033369,1033446)
(1033378,1033384)
(1033378,1033387)
(1033378,1033389)
(1033378,1033394)
(1033378,1033395)
(1033378,1033403)
(1033378,1033409)
(1033378,1033420)
(1033378,1033424)
(1033378,1033425)
(1033378,1033429)
(1033378,1033438)
(1033378,1033443)
(1033378,1033446)
(1033384,1033387)
(1033384,1033389)
(1033384,1033394)
(1033384,1033395)
(1033384,1033403)
(1033384,1033409)
(1033384,1033420)
(1033384,1033424)
(1033384,1033425)
(1033384,1033429)
(1033384,1033438)
(1033384,1033443)
(1033384,1033446)
(1033387,1033389)
(1033387,1033394)
(1033387,1033395)
(1033387,1033403)
(1033387,1033409)
(1033387,1033420)
(1033387,1033424)
(1033387,1033425)
(1033387,1033429)
(1033387,1033438)
(1033387,1033443)
(1033387,1033446)
(1033389,1033394)
(1033389,1033395)
(1033389,1033403)
(1033389,1033409)
(1033389,1033420)
(1033389,1033424)
(1033389,1033425)
(1033389,1033429)
(1033389,1033438)
(1033389,1033443)
(1033389,1033446)
(1033394,1033395)
(1033394,1033403)
(1033394,1033409)
(1033394,1033420)
(1033394,1033424)
(1033394,1033425)
(1033394,1033429)
(1033394,1033438)
(1033394,1033443)
(1033394,1033446)
(1033395,1033403)
(1033395,1033409)
(1033395,1033420)
(1033395,1033424)
(1033395,1033425)
(1033395,1033429)
(1033395,1033438)
(1033395,1033443)
(1033395,1033446)
(1033403,1033409)
(1033403,1033420)
(1033403,1033424)
(1033403,1033425)
(1033403,1033429)
(1033403,1033438)
(1033403,1033443)
(1033403,1033446)
(1033409,1033420)
(1033409,1033424)
(1033409,1033425)
(1033409,1033429)
(1033409,1033438)
(1033409,1033443)
(1033409,1033446)
(1033420,1033424)
(1033420,1033425)
(1033420,1033429)
(1033420,1033438)
(1033420,1033443)
(1033420,1033446)
(1033424,1033425)
(1033424,1033429)
(1033424,1033438)
(1033424,1033443)
(1033424,1033446)
(1033425,1033429)
(1033425,1033438)
(1033425,1033443)
(1033425,1033446)
(1033429,1033438)
(1033429,1033443)
(1033429,1033446)
(1033438,1033443)
(1033438,1033446)
(1033443,1033446)
(839507,839513)
(859306,1033846)
(1033182,1033187)
(1033182,1033192)
(1033182,1033197)
(1033182,1033202)
(1033182,1033203)
(1033182,1033210)
(1033182,1033218)
(1033182,1033223)
(1033182,1033228)
(1033182,1033237)
(1033182,1033243)
(1033182,1033249)
(1033182,1033258)
(1033182,1033263)
(1033182,1033272)
(1033182,1033280)
(1033182,1033283)
(1033182,1033291)
(1033182,1033301)
(1033182,1033303)
(1033187,1033192)
(1033187,1033197)
(1033187,1033202)
(1033187,1033203)
(1033187,1033210)
(1033187,1033218)
(1033187,1033223)
(1033187,1033228)
(1033187,1033237)
(1033187,1033243)
(1033187,1033249)
(1033187,1033258)
(1033187,1033263)
(1033187,1033272)
(1033187,1033280)
(1033187,1033283)
(1033187,1033291)
(1033187,1033301)
(1033187,1033303)
(1033192,1033197)
(1033192,1033202)
(1033192,1033203)
(1033192,1033210)
(1033192,1033218)
(1033192,1033223)
(1033192,1033228)
(1033192,1033237)
(1033192,1033243)
(1033192,1033249)
(1033192,1033258)
(1033192,1033263)
(1033192,1033272)
(1033192,1033280)
(1033192,1033283)
(1033192,1033291)
(1033192,1033301)
(1033192,1033303)
(1033197,1033202)
(1033197,1033203)
(1033197,1033210)
(1033197,1033218)
(1033197,1033223)
(1033197,1033228)
(1033197,1033237)
(1033197,1033243)
(1033197,1033249)
(1033197,1033258)
(1033197,1033263)
(1033197,1033272)
(1033197,1033280)
(1033197,1033283)
(1033197,1033291)
(1033197,1033301)
(1033197,1033303)
(1033202,1033203)
(1033202,1033210)
(1033202,1033218)
(1033202,1033223)
(1033202,1033228)
(1033202,1033237)
(1033202,1033243)
(1033202,1033249)
(1033202,1033258)
(1033202,1033263)
(1033202,1033272)
(1033202,1033280)
(1033202,1033283)
(1033202,1033291)
(1033202,1033301)
(1033202,1033303)
(1033203,1033210)
(1033203,1033218)
(1033203,1033223)
(1033203,1033228)
(1033203,1033237)
(1033203,1033243)
(1033203,1033249)
(1033203,1033258)
(1033203,1033263)
(1033203,1033272)
(1033203,1033280)
(1033203,1033283)
(1033203,1033291)
(1033203,1033301)
(1033203,1033303)
(1033210,1033218)
(1033210,1033223)
(1033210,1033228)
(1033210,1033237)
(1033210,1033243)
(1033210,1033249)
(1033210,1033258)
(1033210,1033263)
(1033210,1033272)
(1033210,1033280)
(1033210,1033283)
(1033210,1033291)
(1033210,1033301)
(1033210,1033303)
(1033218,1033223)
(1033218,1033228)
(1033218,1033237)
(1033218,1033243)
(1033218,1033249)
(1033218,1033258)
(1033218,1033263)
(1033218,1033272)
(1033218,1033280)
(1033218,1033283)
(1033218,1033291)
(1033218,1033301)
(1033218,1033303)
(1033223,1033228)
(1033223,1033237)
(1033223,1033243)
(1033223,1033249)
(1033223,1033258)
(1033223,1033263)
(1033223,1033272)
(1033223,1033280)
(1033223,1033283)
(1033223,1033291)
(1033223,1033301)
(1033223,1033303)
(1033228,1033237)
(1033228,1033243)
(1033228,1033249)
(1033228,1033258)
(1033228,1033263)
(1033228,1033272)
(1033228,1033280)
(1033228,1033283)
(1033228,1033291)
(1033228,1033301)
(1033228,1033303)
(1033237,1033243)
(1033237,1033249)
(1033237,1033258)
(1033237,1033263)
(1033237,1033272)
(1033237,1033280)
(1033237,1033283)
(1033237,1033291)
(1033237,1033301)
(1033237,1033303)
(1033243,1033249)
(1033243,1033258)
(1033243,1033263)
(1033243,1033272)
(1033243,1033280)
(1033243,1033283)
(1033243,1033291)
(1033243,1033301)
(1033243,1033303)
(1033249,1033258)
(1033249,1033263)
(1033249,1033272)
(1033249,1033280)
(1033249,1033283)
(1033249,1033291)
(1033249,1033301)
(1033249,1033303)
(1033258,1033263)
(1033258,1033272)
(1033258,1033280)
(1033258,1033283)
(1033258,1033291)
(1033258,1033301)
(1033258,1033303)
(1033263,1033272)
(1033263,1033280)
(1033263,1033283)
(1033263,1033291)
(1033263,1033301)
(1033263,1033303)
(1033272,1033280)
(1033272,1033283)
(1033272,1033291)
(1033272,1033301)
(1033272,1033303)
(1033280,1033283)
(1033280,1033291)
(1033280,1033301)
(1033280,1033303)
(1033283,1033291)
(1033283,1033301)
(1033283,1033303)
(1033291,1033301)
(1033291,1033303)
(1033301,1033303)
(1033457,1033459)
(1033457,1033461)
(1033459,1033461)
(1033463,1033468)
(1033463,1033470)
(1033463,1033473)
(1033463,1033478)
(1033463,1033481)
(1033463,1033485)
(1033463,1033486)
(1033463,1033492)
(1033463,1033495)
(1033463,1033499)
(1033463,1033501)
(1033463,1033505)
(1033463,1033508)
(1033468,1033470)
(1033468,1033473)
(1033468,1033478)
(1033468,1033481)
(1033468,1033485)
(1033468,1033486)
(1033468,1033492)
(1033468,1033495)
(1033468,1033499)
(1033468,1033501)
(1033468,1033505)
(1033468,1033508)
(1033470,1033473)
(1033470,1033478)
(1033470,1033481)
(1033470,1033485)
(1033470,1033486)
(1033470,1033492)
(1033470,1033495)
(1033470,1033499)
(1033470,1033501)
(1033470,1033505)
(1033470,1033508)
(1033473,1033478)
(1033473,1033481)
(1033473,1033485)
(1033473,1033486)
(1033473,1033492)
(1033473,1033495)
(1033473,1033499)
(1033473,1033501)
(1033473,1033505)
(1033473,1033508)
(1033478,1033481)
(1033478,1033485)
(1033478,1033486)
(1033478,1033492)
(1033478,1033495)
(1033478,1033499)
(1033478,1033501)
(1033478,1033505)
(1033478,1033508)
(1033481,1033485)
(1033481,1033486)
(1033481,1033492)
(1033481,1033495)
(1033481,1033499)
(1033481,1033501)
(1033481,1033505)
(1033481,1033508)
(1033485,1033486)
(1033485,1033492)
(1033485,1033495)
(1033485,1033499)
(1033485,1033501)
(1033485,1033505)
(1033485,1033508)
(1033486,1033492)
(1033486,1033495)
(1033486,1033499)
(1033486,1033501)
(1033486,1033505)
(1033486,1033508)
(1033492,1033495)
(1033492,1033499)
(1033492,1033501)
(1033492,1033505)
(1033492,1033508)
(1033495,1033499)
(1033495,1033501)
(1033495,1033505)
(1033495,1033508)
(1033499,1033501)
(1033499,1033505)
(1033499,1033508)
(1033501,1033505)
(1033501,1033508)
(1033505,1033508)
(1033510,1033517)
(1033510,1033519)
(1033517,1033519)
(1033526,1033532)
(1033526,1033538)
(1033526,1033542)
(1033532,1033538)
(1033532,1033542)
(1033538,1033542)
(1033550,1033554)
(1033550,1033559)
(1033550,1033562)
(1033550,1033569)
(1033550,1033572)
(1033550,1033581)
(1033554,1033559)
(1033554,1033562)
(1033554,1033569)
(1033554,1033572)
(1033554,1033581)
(1033559,1033562)
(1033559,1033569)
(1033559,1033572)
(1033559,1033581)
(1033562,1033569)
(1033562,1033572)
(1033562,1033581)
(1033569,1033572)
(1033569,1033581)
(1033572,1033581)
(1033590,1033591)
(1033592,1033594)
(1033592,1033595)
(1033594,1033595)
(1033596,1033602)
(1033606,1033607)
(1033606,1033610)
(1033606,1033614)
(1033606,1033623)
(1033607,1033610)
(1033607,1033614)
(1033607,1033623)
(1033610,1033614)
(1033610,1033623)
(1033614,1033623)
(1033638,1033640)
(1033643,1033646)
(1033687,1033697)
(1033687,1033704)
(1033697,1033704)
(1033716,1033718)
(1033716,1033723)
(1033716,1033725)
(1033716,1033730)
(1033716,1033735)
(1033716,1033738)
(1033716,1033741)
(1033716,1033751)
(1033716,1033754)
(1033718,1033723)
(1033718,1033725)
(1033718,1033730)
(1033718,1033735)
(1033718,1033738)
(1033718,1033741)
(1033718,1033751)
(1033718,1033754)
(1033723,1033725)
(1033723,1033730)
(1033723,1033735)
(1033723,1033738)
(1033723,1033741)
(1033723,1033751)
(1033723,1033754)
(1033725,1033730)
(1033725,1033735)
(1033725,1033738)
(1033725,1033741)
(1033725,1033751)
(1033725,1033754)
(1033730,1033735)
(1033730,1033738)
(1033730,1033741)
(1033730,1033751)
(1033730,1033754)
(1033735,1033738)
(1033735,1033741)
(1033735,1033751)
(1033735,1033754)
(1033738,1033741)
(1033738,1033751)
(1033738,1033754)
(1033741,1033751)
(1033741,1033754)
(1033751,1033754)
(1033772,1033773)
(1033782,1033787)
(1033782,1033791)
(1033787,1033791)
(1033804,1033811)
(1033804,1033819)
(1033811,1033819)
(1033862,1033866)
(1033862,1033872)
(1033862,1033875)
(1033862,1033882)
(1033862,1033887)
(1033862,1033893)
(1033862,1033898)
(1033862,1033903)
(1033862,1033910)
(1033866,1033872)
(1033866,1033875)
(1033866,1033882)
(1033866,1033887)
(1033866,1033893)
(1033866,1033898)
(1033866,1033903)
(1033866,1033910)
(1033872,1033875)
(1033872,1033882)
(1033872,1033887)
(1033872,1033893)
(1033872,1033898)
(1033872,1033903)
(1033872,1033910)
(1033875,1033882)
(1033875,1033887)
(1033875,1033893)
(1033875,1033898)
(1033875,1033903)
(1033875,1033910)
(1033882,1033887)
(1033882,1033893)
(1033882,1033898)
(1033882,1033903)
(1033882,1033910)
(1033887,1033893)
(1033887,1033898)
(1033887,1033903)
(1033887,1033910)
(1033893,1033898)
(1033893,1033903)
(1033893,1033910)
(1033898,1033903)
(1033898,1033910)
(1033903,1033910)
(1033940,1033946)
(1033948,1033951)
(1033958,1033966)
(1033958,1033972)
(1033958,1033982)
(1033966,1033972)
(1033966,1033982)
(1033972,1033982)
(1034011,1034017)
(1034043,1034048)
(1034061,1034070)
(1034116,1034122)
(1034116,1034146)
(1034122,1034146)
