(176580,1021468)
(176580,1021478)
(176580,1021484)
(176580,1021491)
(176580,1021498)
(176580,1021506)
(176580,1021511)
(176580,1021517)
(176580,1021519)
(176580,1021524)
(176580,1021531)
(176580,1021536)
(176580,1021539)
(1021468,1021478)
(1021468,1021484)
(1021468,1021491)
(1021468,1021498)
(1021468,1021506)
(1021468,1021511)
(1021468,1021517)
(1021468,1021519)
(1021468,1021524)
(1021468,1021531)
(1021468,1021536)
(1021468,1021539)
(1021478,1021484)
(1021478,1021491)
(1021478,1021498)
(1021478,1021506)
(1021478,1021511)
(1021478,1021517)
(1021478,1021519)
(1021478,1021524)
(1021478,1021531)
(1021478,1021536)
(1021478,1021539)
(1021484,1021491)
(1021484,1021498)
(1021484,1021506)
(1021484,1021511)
(1021484,1021517)
(1021484,1021519)
(1021484,1021524)
(1021484,1021531)
(1021484,1021536)
(1021484,1021539)
(1021491,1021498)
(1021491,1021506)
(1021491,1021511)
(1021491,1021517)
(1021491,1021519)
(1021491,1021524)
(1021491,1021531)
(1021491,1021536)
(1021491,1021539)
(1021498,1021506)
(1021498,1021511)
(1021498,1021517)
(1021498,1021519)
(1021498,1021524)
(1021498,1021531)
(1021498,1021536)
(1021498,1021539)
(1021506,1021511)
(1021506,1021517)
(1021506,1021519)
(1021506,1021524)
(1021506,1021531)
(1021506,1021536)
(1021506,1021539)
(1021511,1021517)
(1021511,1021519)
(1021511,1021524)
(1021511,1021531)
(1021511,1021536)
(1021511,1021539)
(1021517,1021519)
(1021517,1021524)
(1021517,1021531)
(1021517,1021536)
(1021517,1021539)
(1021519,1021524)
(1021519,1021531)
(1021519,1021536)
(1021519,1021539)
(1021524,1021531)
(1021524,1021536)
(1021524,1021539)
(1021531,1021536)
(1021531,1021539)
(1021536,1021539)
(479939,1021550)
(479939,1021555)
(479939,1021561)
(1021550,1021555)
(1021550,1021561)
(1021555,1021561)
(511596,1021974)
(511596,1021988)
(511596,1022002)
(511596,1022009)
(511596,1022013)
(511596,1022016)
(511596,1022018)
(1021974,1021988)
(1021974,1022002)
(1021974,1022009)
(1021974,1022013)
(1021974,1022016)
(1021974,1022018)
(1021988,1022002)
(1021988,1022009)
(1021988,1022013)
(1021988,1022016)
(1021988,1022018)
(1022002,1022009)
(1022002,1022013)
(1022002,1022016)
(1022002,1022018)
(1022009,1022013)
(1022009,1022016)
(1022009,1022018)
(1022013,1022016)
(1022013,1022018)
(1022016,1022018)
(680705,680736)
(1002542,1002561)
(1002542,1022070)
(1002542,1022071)
(1002561,1022070)
(1002561,1022071)
(1022070,1022071)
(1021416,1021418)
(1021416,1021423)
(1021416,1021426)
(1021416,1021429)
(1021418,1021423)
(1021418,1021426)
(1021418,1021429)
(1021423,1021426)
(1021423,1021429)
(1021426,1021429)
(1021431,1021446)
(1021431,1021450)
(1021446,1021450)
(1021568,1021571)
(1021568,1021573)
(1021568,1021577)
(1021568,1021579)
(1021568,1021580)
(1021571,1021573)
(1021571,1021577)
(1021571,1021579)
(1021571,1021580)
(1021573,1021577)
(1021573,1021579)
(1021573,1021580)
(1021577,1021579)
(1021577,1021580)
(1021579,1021580)
(1021586,1021591)
(1021586,1021593)
(1021586,1021596)
(1021586,1021599)
(1021586,1021603)
(1021586,1021606)
(1021586,1021610)
(1021586,1021613)
(1021586,1021615)
(1021586,1021619)
(1021586,1021623)
(1021586,1021627)
(1021591,1021593)
(1021591,1021596)
(1021591,1021599)
(1021591,1021603)
(1021591,1021606)
(1021591,1021610)
(1021591,1021613)
(1021591,1021615)
(1021591,1021619)
(1021591,1021623)
(1021591,1021627)
(1021593,1021596)
(1021593,1021599)
(1021593,1021603)
(1021593,1021606)
(1021593,1021610)
(1021593,1021613)
(1021593,1021615)
(1021593,1021619)
(1021593,1021623)
(1021593,1021627)
(1021596,1021599)
(1021596,1021603)
(1021596,1021606)
(1021596,1021610)
(1021596,1021613)
(1021596,1021615)
(1021596,1021619)
(1021596,1021623)
(1021596,1021627)
(1021599,1021603)
(1021599,1021606)
(1021599,1021610)
(1021599,1021613)
(1021599,1021615)
(1021599,1021619)
(1021599,1021623)
(1021599,1021627)
(1021603,1021606)
(1021603,1021610)
(1021603,1021613)
(1021603,1021615)
(1021603,1021619)
(1021603,1021623)
(1021603,1021627)
(1021606,1021610)
(1021606,1021613)
(1021606,1021615)
(1021606,1021619)
(1021606,1021623)
(1021606,1021627)
(1021610,1021613)
(1021610,1021615)
(1021610,1021619)
(1021610,1021623)
(1021610,1021627)
(1021613,1021615)
(1021613,1021619)
(1021613,1021623)
(1021613,1021627)
(1021615,1021619)
(1021615,1021623)
(1021615,1021627)
(1021619,1021623)
(1021619,1021627)
(1021623,1021627)
(1021629,1021634)
(1021629,1021639)
(1021629,1021645)
(1021629,1021648)
(1021629,1021652)
(1021629,1021654)
(1021629,1021657)
(1021629,1021661)
(1021629,1021664)
(1021629,1021669)
(1021629,1021672)
(1021629,1021675)
(1021629,1021680)
(1021629,1021686)
(1021629,1021688)
(1021629,1021690)
(1021629,1021691)
(1021629,1021696)
(1021629,1021700)
(1021629,1021705)
(1021629,1021711)
(1021629,1021715)
(1021629,1021717)
(1021629,1021718)
(1021629,1021722)
(1021634,1021639)
(1021634,1021645)
(1021634,1021648)
(1021634,1021652)
(1021634,1021654)
(1021634,1021657)
(1021634,1021661)
(1021634,1021664)
(1021634,1021669)
(1021634,1021672)
(1021634,1021675)
(1021634,1021680)
(1021634,1021686)
(1021634,1021688)
(1021634,1021690)
(1021634,1021691)
(1021634,1021696)
(1021634,1021700)
(1021634,1021705)
(1021634,1021711)
(1021634,1021715)
(1021634,1021717)
(1021634,1021718)
(1021634,1021722)
(1021639,1021645)
(1021639,1021648)
(1021639,1021652)
(1021639,1021654)
(1021639,1021657)
(1021639,1021661)
(1021639,1021664)
(1021639,1021669)
(1021639,1021672)
(1021639,1021675)
(1021639,1021680)
(1021639,1021686)
(1021639,1021688)
(1021639,1021690)
(1021639,1021691)
(1021639,1021696)
(1021639,1021700)
(1021639,1021705)
(1021639,1021711)
(1021639,1021715)
(1021639,1021717)
(1021639,1021718)
(1021639,1021722)
(1021645,1021648)
(1021645,1021652)
(1021645,1021654)
(1021645,1021657)
(1021645,1021661)
(1021645,1021664)
(1021645,1021669)
(1021645,1021672)
(1021645,1021675)
(1021645,1021680)
(1021645,1021686)
(1021645,1021688)
(1021645,1021690)
(1021645,1021691)
(1021645,1021696)
(1021645,1021700)
(1021645,1021705)
(1021645,1021711)
(1021645,1021715)
(1021645,1021717)
(1021645,1021718)
(1021645,1021722)
(1021648,1021652)
(1021648,1021654)
(1021648,1021657)
(1021648,1021661)
(1021648,1021664)
(1021648,1021669)
(1021648,1021672)
(1021648,1021675)
(1021648,1021680)
(1021648,1021686)
(1021648,1021688)
(1021648,1021690)
(1021648,1021691)
(1021648,1021696)
(1021648,1021700)
(1021648,1021705)
(1021648,1021711)
(1021648,1021715)
(1021648,1021717)
(1021648,1021718)
(1021648,1021722)
(1021652,1021654)
(1021652,1021657)
(1021652,1021661)
(1021652,1021664)
(1021652,1021669)
(1021652,1021672)
(1021652,1021675)
(1021652,1021680)
(1021652,1021686)
(1021652,1021688)
(1021652,1021690)
(1021652,1021691)
(1021652,1021696)
(1021652,1021700)
(1021652,1021705)
(1021652,1021711)
(1021652,1021715)
(1021652,1021717)
(1021652,1021718)
(1021652,1021722)
(1021654,1021657)
(1021654,1021661)
(1021654,1021664)
(1021654,1021669)
(1021654,1021672)
(1021654,1021675)
(1021654,1021680)
(1021654,1021686)
(1021654,1021688)
(1021654,1021690)
(1021654,1021691)
(1021654,1021696)
(1021654,1021700)
(1021654,1021705)
(1021654,1021711)
(1021654,1021715)
(1021654,1021717)
(1021654,1021718)
(1021654,1021722)
(1021657,1021661)
(1021657,1021664)
(1021657,1021669)
(1021657,1021672)
(1021657,1021675)
(1021657,1021680)
(1021657,1021686)
(1021657,1021688)
(1021657,1021690)
(1021657,1021691)
(1021657,1021696)
(1021657,1021700)
(1021657,1021705)
(1021657,1021711)
(1021657,1021715)
(1021657,1021717)
(1021657,1021718)
(1021657,1021722)
(1021661,1021664)
(1021661,1021669)
(1021661,1021672)
(1021661,1021675)
(1021661,1021680)
(1021661,1021686)
(1021661,1021688)
(1021661,1021690)
(1021661,1021691)
(1021661,1021696)
(1021661,1021700)
(1021661,1021705)
(1021661,1021711)
(1021661,1021715)
(1021661,1021717)
(1021661,1021718)
(1021661,1021722)
(1021664,1021669)
(1021664,1021672)
(1021664,1021675)
(1021664,1021680)
(1021664,1021686)
(1021664,1021688)
(1021664,1021690)
(1021664,1021691)
(1021664,1021696)
(1021664,1021700)
(1021664,1021705)
(1021664,1021711)
(1021664,1021715)
(1021664,1021717)
(1021664,1021718)
(1021664,1021722)
(1021669,1021672)
(1021669,1021675)
(1021669,1021680)
(1021669,1021686)
(1021669,1021688)
(1021669,1021690)
(1021669,1021691)
(1021669,1021696)
(1021669,1021700)
(1021669,1021705)
(1021669,1021711)
(1021669,1021715)
(1021669,1021717)
(1021669,1021718)
(1021669,1021722)
(1021672,1021675)
(1021672,1021680)
(1021672,1021686)
(1021672,1021688)
(1021672,1021690)
(1021672,1021691)
(1021672,1021696)
(1021672,1021700)
(1021672,1021705)
(1021672,1021711)
(1021672,1021715)
(1021672,1021717)
(1021672,1021718)
(1021672,1021722)
(1021675,1021680)
(1021675,1021686)
(1021675,1021688)
(1021675,1021690)
(1021675,1021691)
(1021675,1021696)
(1021675,1021700)
(1021675,1021705)
(1021675,1021711)
(1021675,1021715)
(1021675,1021717)
(1021675,1021718)
(1021675,1021722)
(1021680,1021686)
(1021680,1021688)
(1021680,1021690)
(1021680,1021691)
(1021680,1021696)
(1021680,1021700)
(1021680,1021705)
(1021680,1021711)
(1021680,1021715)
(1021680,1021717)
(1021680,1021718)
(1021680,1021722)
(1021686,1021688)
(1021686,1021690)
(1021686,1021691)
(1021686,1021696)
(1021686,1021700)
(1021686,1021705)
(1021686,1021711)
(1021686,1021715)
(1021686,1021717)
(1021686,1021718)
(1021686,1021722)
(1021688,1021690)
(1021688,1021691)
(1021688,1021696)
(1021688,1021700)
(1021688,1021705)
(1021688,1021711)
(1021688,1021715)
(1021688,1021717)
(1021688,1021718)
(1021688,1021722)
(1021690,1021691)
(1021690,1021696)
(1021690,1021700)
(1021690,1021705)
(1021690,1021711)
(1021690,1021715)
(1021690,1021717)
(1021690,1021718)
(1021690,1021722)
(1021691,1021696)
(1021691,1021700)
(1021691,1021705)
(1021691,1021711)
(1021691,1021715)
(1021691,1021717)
(1021691,1021718)
(1021691,1021722)
(1021696,1021700)
(1021696,1021705)
(1021696,1021711)
(1021696,1021715)
(1021696,1021717)
(1021696,1021718)
(1021696,1021722)
(1021700,1021705)
(1021700,1021711)
(1021700,1021715)
(1021700,1021717)
(1021700,1021718)
(1021700,1021722)
(1021705,1021711)
(1021705,1021715)
(1021705,1021717)
(1021705,1021718)
(1021705,1021722)
(1021711,1021715)
(1021711,1021717)
(1021711,1021718)
(1021711,1021722)
(1021715,1021717)
(1021715,1021718)
(1021715,1021722)
(1021717,1021718)
(1021717,1021722)
(1021718,1021722)
(1021731,1021737)
(1021731,1021740)
(1021737,1021740)
(1021746,1021749)
(1021755,1021760)
(1021755,1021765)
(1021755,1021769)
(1021755,1021774)
(1021755,1021778)
(1021755,1021787)
(1021755,1021790)
(1021755,1021796)
(1021755,1021797)
(1021755,1021803)
(1021755,1021807)
(1021755,1021808)
(1021755,1021812)
(1021755,1021816)
(1021755,1021820)
(1021755,1021825)
(1021755,1021831)
(1021760,1021765)
(1021760,1021769)
(1021760,1021774)
(1021760,1021778)
(1021760,1021787)
(1021760,1021790)
(1021760,1021796)
(1021760,1021797)
(1021760,1021803)
(1021760,1021807)
(1021760,1021808)
(1021760,1021812)
(1021760,1021816)
(1021760,1021820)
(1021760,1021825)
(1021760,1021831)
(1021765,1021769)
(1021765,1021774)
(1021765,1021778)
(1021765,1021787)
(1021765,1021790)
(1021765,1021796)
(1021765,1021797)
(1021765,1021803)
(1021765,1021807)
(1021765,1021808)
(1021765,1021812)
(1021765,1021816)
(1021765,1021820)
(1021765,1021825)
(1021765,1021831)
(1021769,1021774)
(1021769,1021778)
(1021769,1021787)
(1021769,1021790)
(1021769,1021796)
(1021769,1021797)
(1021769,1021803)
(1021769,1021807)
(1021769,1021808)
(1021769,1021812)
(1021769,1021816)
(1021769,1021820)
(1021769,1021825)
(1021769,1021831)
(1021774,1021778)
(1021774,1021787)
(1021774,1021790)
(1021774,1021796)
(1021774,1021797)
(1021774,1021803)
(1021774,1021807)
(1021774,1021808)
(1021774,1021812)
(1021774,1021816)
(1021774,1021820)
(1021774,1021825)
(1021774,1021831)
(1021778,1021787)
(1021778,1021790)
(1021778,1021796)
(1021778,1021797)
(1021778,1021803)
(1021778,1021807)
(1021778,1021808)
(1021778,1021812)
(1021778,1021816)
(1021778,1021820)
(1021778,1021825)
(1021778,1021831)
(1021787,1021790)
(1021787,1021796)
(1021787,1021797)
(1021787,1021803)
(1021787,1021807)
(1021787,1021808)
(1021787,1021812)
(1021787,1021816)
(1021787,1021820)
(1021787,1021825)
(1021787,1021831)
(1021790,1021796)
(1021790,1021797)
(1021790,1021803)
(1021790,1021807)
(1021790,1021808)
(1021790,1021812)
(1021790,1021816)
(1021790,1021820)
(1021790,1021825)
(1021790,1021831)
(1021796,1021797)
(1021796,1021803)
(1021796,1021807)
(1021796,1021808)
(1021796,1021812)
(1021796,1021816)
(1021796,1021820)
(1021796,1021825)
(1021796,1021831)
(1021797,1021803)
(1021797,1021807)
(1021797,1021808)
(1021797,1021812)
(1021797,1021816)
(1021797,1021820)
(1021797,1021825)
(1021797,1021831)
(1021803,1021807)
(1021803,1021808)
(1021803,1021812)
(1021803,1021816)
(1021803,1021820)
(1021803,1021825)
(1021803,1021831)
(1021807,1021808)
(1021807,1021812)
(1021807,1021816)
(1021807,1021820)
(1021807,1021825)
(1021807,1021831)
(1021808,1021812)
(1021808,1021816)
(1021808,1021820)
(1021808,1021825)
(1021808,1021831)
(1021812,1021816)
(1021812,1021820)
(1021812,1021825)
(1021812,1021831)
(1021816,1021820)
(1021816,1021825)
(1021816,1021831)
(1021820,1021825)
(1021820,1021831)
(1021825,1021831)
(1021834,1021839)
(1021834,1021840)
(1021834,1021846)
(1021834,1021847)
(1021834,1021854)
(1021834,1021856)
(1021834,1021864)
(1021834,1021865)
(1021834,1021871)
(1021834,1021875)
(1021839,1021840)
(1021839,1021846)
(1021839,1021847)
(1021839,1021854)
(1021839,1021856)
(1021839,1021864)
(1021839,1021865)
(1021839,1021871)
(1021839,1021875)
(1021840,1021846)
(1021840,1021847)
(1021840,1021854)
(1021840,1021856)
(1021840,1021864)
(1021840,1021865)
(1021840,1021871)
(1021840,1021875)
(1021846,1021847)
(1021846,1021854)
(1021846,1021856)
(1021846,1021864)
(1021846,1021865)
(1021846,1021871)
(1021846,1021875)
(1021847,1021854)
(1021847,1021856)
(1021847,1021864)
(1021847,1021865)
(1021847,1021871)
(1021847,1021875)
(1021854,1021856)
(1021854,1021864)
(1021854,1021865)
(1021854,1021871)
(1021854,1021875)
(1021856,1021864)
(1021856,1021865)
(1021856,1021871)
(1021856,1021875)
(1021864,1021865)
(1021864,1021871)
(1021864,1021875)
(1021865,1021871)
(1021865,1021875)
(1021871,1021875)
(1021884,1021893)
(1021884,1021899)
(1021884,1021909)
(1021893,1021899)
(1021893,1021909)
(1021899,1021909)
(1021917,1021922)
(1021917,1021924)
(1021917,1021927)
(1021917,1021931)
(1021917,1021936)
(1021922,1021924)
(1021922,1021927)
(1021922,1021931)
(1021922,1021936)
(1021924,1021927)
(1021924,1021931)
(1021924,1021936)
(1021927,1021931)
(1021927,1021936)
(1021931,1021936)
(1021956,1021958)
(1022022,1022031)
(1022022,1022041)
(1022022,1022047)
(1022031,1022041)
(1022031,1022047)
(1022041,1022047)
(1022052,1022057)
(1022052,1022058)
(1022057,1022058)
(1022078,1022087)
(1022078,1022096)
(1022087,1022096)
(1022115,1022121)
(1022115,1022126)
(1022121,1022126)
(1022149,1022152)
(1022149,1022153)
(1022149,1022154)
(1022152,1022153)
(1022152,1022154)
(1022153,1022154)
(1022183,1022192)
(1022183,1022197)
(1022192,1022197)
(1022207,1022208)
(1022207,1022211)
(1022208,1022211)
(1022227,1022233)
(1022269,1022271)
