(80166,1076733)
(80166,1099917)
(80166,1099922)
(80166,1099927)
(80166,1099930)
(80166,1099933)
(80166,1099937)
(80166,1099940)
(80166,1099943)
(80166,1099950)
(80166,1099954)
(80166,1099958)
(80166,1099959)
(80166,1099966)
(80166,1099970)
(80166,1099975)
(80166,1099976)
(80166,1099979)
(80166,1099987)
(80166,1099988)
(80166,1099993)
(80166,1099999)
(80166,1100005)
(80166,1100007)
(80166,1100010)
(80166,1100017)
(80166,1100024)
(80166,1100029)
(80166,1100034)
(80166,1100042)
(80166,1100044)
(80166,1100046)
(80166,1100050)
(80166,1100053)
(80166,1100057)
(80166,1100062)
(80166,1100066)
(80166,1100073)
(80166,1100081)
(80166,1100082)
(80166,1100087)
(80166,1100090)
(80166,1100097)
(80166,1100098)
(80166,1100103)
(80166,1100107)
(80166,1100111)
(80166,1100115)
(80166,1100118)
(80166,1100122)
(80166,1100126)
(80166,1100129)
(80166,1100134)
(80166,1100137)
(1076733,1099917)
(1076733,1099922)
(1076733,1099927)
(1076733,1099930)
(1076733,1099933)
(1076733,1099937)
(1076733,1099940)
(1076733,1099943)
(1076733,1099950)
(1076733,1099954)
(1076733,1099958)
(1076733,1099959)
(1076733,1099966)
(1076733,1099970)
(1076733,1099975)
(1076733,1099976)
(1076733,1099979)
(1076733,1099987)
(1076733,1099988)
(1076733,1099993)
(1076733,1099999)
(1076733,1100005)
(1076733,1100007)
(1076733,1100010)
(1076733,1100017)
(1076733,1100024)
(1076733,1100029)
(1076733,1100034)
(1076733,1100042)
(1076733,1100044)
(1076733,1100046)
(1076733,1100050)
(1076733,1100053)
(1076733,1100057)
(1076733,1100062)
(1076733,1100066)
(1076733,1100073)
(1076733,1100081)
(1076733,1100082)
(1076733,1100087)
(1076733,1100090)
(1076733,1100097)
(1076733,1100098)
(1076733,1100103)
(1076733,1100107)
(1076733,1100111)
(1076733,1100115)
(1076733,1100118)
(1076733,1100122)
(1076733,1100126)
(1076733,1100129)
(1076733,1100134)
(1076733,1100137)
(1099917,1099922)
(1099917,1099927)
(1099917,1099930)
(1099917,1099933)
(1099917,1099937)
(1099917,1099940)
(1099917,1099943)
(1099917,1099950)
(1099917,1099954)
(1099917,1099958)
(1099917,1099959)
(1099917,1099966)
(1099917,1099970)
(1099917,1099975)
(1099917,1099976)
(1099917,1099979)
(1099917,1099987)
(1099917,1099988)
(1099917,1099993)
(1099917,1099999)
(1099917,1100005)
(1099917,1100007)
(1099917,1100010)
(1099917,1100017)
(1099917,1100024)
(1099917,1100029)
(1099917,1100034)
(1099917,1100042)
(1099917,1100044)
(1099917,1100046)
(1099917,1100050)
(1099917,1100053)
(1099917,1100057)
(1099917,1100062)
(1099917,1100066)
(1099917,1100073)
(1099917,1100081)
(1099917,1100082)
(1099917,1100087)
(1099917,1100090)
(1099917,1100097)
(1099917,1100098)
(1099917,1100103)
(1099917,1100107)
(1099917,1100111)
(1099917,1100115)
(1099917,1100118)
(1099917,1100122)
(1099917,1100126)
(1099917,1100129)
(1099917,1100134)
(1099917,1100137)
(1099922,1099927)
(1099922,1099930)
(1099922,1099933)
(1099922,1099937)
(1099922,1099940)
(1099922,1099943)
(1099922,1099950)
(1099922,1099954)
(1099922,1099958)
(1099922,1099959)
(1099922,1099966)
(1099922,1099970)
(1099922,1099975)
(1099922,1099976)
(1099922,1099979)
(1099922,1099987)
(1099922,1099988)
(1099922,1099993)
(1099922,1099999)
(1099922,1100005)
(1099922,1100007)
(1099922,1100010)
(1099922,1100017)
(1099922,1100024)
(1099922,1100029)
(1099922,1100034)
(1099922,1100042)
(1099922,1100044)
(1099922,1100046)
(1099922,1100050)
(1099922,1100053)
(1099922,1100057)
(1099922,1100062)
(1099922,1100066)
(1099922,1100073)
(1099922,1100081)
(1099922,1100082)
(1099922,1100087)
(1099922,1100090)
(1099922,1100097)
(1099922,1100098)
(1099922,1100103)
(1099922,1100107)
(1099922,1100111)
(1099922,1100115)
(1099922,1100118)
(1099922,1100122)
(1099922,1100126)
(1099922,1100129)
(1099922,1100134)
(1099922,1100137)
(1099927,1099930)
(1099927,1099933)
(1099927,1099937)
(1099927,1099940)
(1099927,1099943)
(1099927,1099950)
(1099927,1099954)
(1099927,1099958)
(1099927,1099959)
(1099927,1099966)
(1099927,1099970)
(1099927,1099975)
(1099927,1099976)
(1099927,1099979)
(1099927,1099987)
(1099927,1099988)
(1099927,1099993)
(1099927,1099999)
(1099927,1100005)
(1099927,1100007)
(1099927,1100010)
(1099927,1100017)
(1099927,1100024)
(1099927,1100029)
(1099927,1100034)
(1099927,1100042)
(1099927,1100044)
(1099927,1100046)
(1099927,1100050)
(1099927,1100053)
(1099927,1100057)
(1099927,1100062)
(1099927,1100066)
(1099927,1100073)
(1099927,1100081)
(1099927,1100082)
(1099927,1100087)
(1099927,1100090)
(1099927,1100097)
(1099927,1100098)
(1099927,1100103)
(1099927,1100107)
(1099927,1100111)
(1099927,1100115)
(1099927,1100118)
(1099927,1100122)
(1099927,1100126)
(1099927,1100129)
(1099927,1100134)
(1099927,1100137)
(1099930,1099933)
(1099930,1099937)
(1099930,1099940)
(1099930,1099943)
(1099930,1099950)
(1099930,1099954)
(1099930,1099958)
(1099930,1099959)
(1099930,1099966)
(1099930,1099970)
(1099930,1099975)
(1099930,1099976)
(1099930,1099979)
(1099930,1099987)
(1099930,1099988)
(1099930,1099993)
(1099930,1099999)
(1099930,1100005)
(1099930,1100007)
(1099930,1100010)
(1099930,1100017)
(1099930,1100024)
(1099930,1100029)
(1099930,1100034)
(1099930,1100042)
(1099930,1100044)
(1099930,1100046)
(1099930,1100050)
(1099930,1100053)
(1099930,1100057)
(1099930,1100062)
(1099930,1100066)
(1099930,1100073)
(1099930,1100081)
(1099930,1100082)
(1099930,1100087)
(1099930,1100090)
(1099930,1100097)
(1099930,1100098)
(1099930,1100103)
(1099930,1100107)
(1099930,1100111)
(1099930,1100115)
(1099930,1100118)
(1099930,1100122)
(1099930,1100126)
(1099930,1100129)
(1099930,1100134)
(1099930,1100137)
(1099933,1099937)
(1099933,1099940)
(1099933,1099943)
(1099933,1099950)
(1099933,1099954)
(1099933,1099958)
(1099933,1099959)
(1099933,1099966)
(1099933,1099970)
(1099933,1099975)
(1099933,1099976)
(1099933,1099979)
(1099933,1099987)
(1099933,1099988)
(1099933,1099993)
(1099933,1099999)
(1099933,1100005)
(1099933,1100007)
(1099933,1100010)
(1099933,1100017)
(1099933,1100024)
(1099933,1100029)
(1099933,1100034)
(1099933,1100042)
(1099933,1100044)
(1099933,1100046)
(1099933,1100050)
(1099933,1100053)
(1099933,1100057)
(1099933,1100062)
(1099933,1100066)
(1099933,1100073)
(1099933,1100081)
(1099933,1100082)
(1099933,1100087)
(1099933,1100090)
(1099933,1100097)
(1099933,1100098)
(1099933,1100103)
(1099933,1100107)
(1099933,1100111)
(1099933,1100115)
(1099933,1100118)
(1099933,1100122)
(1099933,1100126)
(1099933,1100129)
(1099933,1100134)
(1099933,1100137)
(1099937,1099940)
(1099937,1099943)
(1099937,1099950)
(1099937,1099954)
(1099937,1099958)
(1099937,1099959)
(1099937,1099966)
(1099937,1099970)
(1099937,1099975)
(1099937,1099976)
(1099937,1099979)
(1099937,1099987)
(1099937,1099988)
(1099937,1099993)
(1099937,1099999)
(1099937,1100005)
(1099937,1100007)
(1099937,1100010)
(1099937,1100017)
(1099937,1100024)
(1099937,1100029)
(1099937,1100034)
(1099937,1100042)
(1099937,1100044)
(1099937,1100046)
(1099937,1100050)
(1099937,1100053)
(1099937,1100057)
(1099937,1100062)
(1099937,1100066)
(1099937,1100073)
(1099937,1100081)
(1099937,1100082)
(1099937,1100087)
(1099937,1100090)
(1099937,1100097)
(1099937,1100098)
(1099937,1100103)
(1099937,1100107)
(1099937,1100111)
(1099937,1100115)
(1099937,1100118)
(1099937,1100122)
(1099937,1100126)
(1099937,1100129)
(1099937,1100134)
(1099937,1100137)
(1099940,1099943)
(1099940,1099950)
(1099940,1099954)
(1099940,1099958)
(1099940,1099959)
(1099940,1099966)
(1099940,1099970)
(1099940,1099975)
(1099940,1099976)
(1099940,1099979)
(1099940,1099987)
(1099940,1099988)
(1099940,1099993)
(1099940,1099999)
(1099940,1100005)
(1099940,1100007)
(1099940,1100010)
(1099940,1100017)
(1099940,1100024)
(1099940,1100029)
(1099940,1100034)
(1099940,1100042)
(1099940,1100044)
(1099940,1100046)
(1099940,1100050)
(1099940,1100053)
(1099940,1100057)
(1099940,1100062)
(1099940,1100066)
(1099940,1100073)
(1099940,1100081)
(1099940,1100082)
(1099940,1100087)
(1099940,1100090)
(1099940,1100097)
(1099940,1100098)
(1099940,1100103)
(1099940,1100107)
(1099940,1100111)
(1099940,1100115)
(1099940,1100118)
(1099940,1100122)
(1099940,1100126)
(1099940,1100129)
(1099940,1100134)
(1099940,1100137)
(1099943,1099950)
(1099943,1099954)
(1099943,1099958)
(1099943,1099959)
(1099943,1099966)
(1099943,1099970)
(1099943,1099975)
(1099943,1099976)
(1099943,1099979)
(1099943,1099987)
(1099943,1099988)
(1099943,1099993)
(1099943,1099999)
(1099943,1100005)
(1099943,1100007)
(1099943,1100010)
(1099943,1100017)
(1099943,1100024)
(1099943,1100029)
(1099943,1100034)
(1099943,1100042)
(1099943,1100044)
(1099943,1100046)
(1099943,1100050)
(1099943,1100053)
(1099943,1100057)
(1099943,1100062)
(1099943,1100066)
(1099943,1100073)
(1099943,1100081)
(1099943,1100082)
(1099943,1100087)
(1099943,1100090)
(1099943,1100097)
(1099943,1100098)
(1099943,1100103)
(1099943,1100107)
(1099943,1100111)
(1099943,1100115)
(1099943,1100118)
(1099943,1100122)
(1099943,1100126)
(1099943,1100129)
(1099943,1100134)
(1099943,1100137)
(1099950,1099954)
(1099950,1099958)
(1099950,1099959)
(1099950,1099966)
(1099950,1099970)
(1099950,1099975)
(1099950,1099976)
(1099950,1099979)
(1099950,1099987)
(1099950,1099988)
(1099950,1099993)
(1099950,1099999)
(1099950,1100005)
(1099950,1100007)
(1099950,1100010)
(1099950,1100017)
(1099950,1100024)
(1099950,1100029)
(1099950,1100034)
(1099950,1100042)
(1099950,1100044)
(1099950,1100046)
(1099950,1100050)
(1099950,1100053)
(1099950,1100057)
(1099950,1100062)
(1099950,1100066)
(1099950,1100073)
(1099950,1100081)
(1099950,1100082)
(1099950,1100087)
(1099950,1100090)
(1099950,1100097)
(1099950,1100098)
(1099950,1100103)
(1099950,1100107)
(1099950,1100111)
(1099950,1100115)
(1099950,1100118)
(1099950,1100122)
(1099950,1100126)
(1099950,1100129)
(1099950,1100134)
(1099950,1100137)
(1099954,1099958)
(1099954,1099959)
(1099954,1099966)
(1099954,1099970)
(1099954,1099975)
(1099954,1099976)
(1099954,1099979)
(1099954,1099987)
(1099954,1099988)
(1099954,1099993)
(1099954,1099999)
(1099954,1100005)
(1099954,1100007)
(1099954,1100010)
(1099954,1100017)
(1099954,1100024)
(1099954,1100029)
(1099954,1100034)
(1099954,1100042)
(1099954,1100044)
(1099954,1100046)
(1099954,1100050)
(1099954,1100053)
(1099954,1100057)
(1099954,1100062)
(1099954,1100066)
(1099954,1100073)
(1099954,1100081)
(1099954,1100082)
(1099954,1100087)
(1099954,1100090)
(1099954,1100097)
(1099954,1100098)
(1099954,1100103)
(1099954,1100107)
(1099954,1100111)
(1099954,1100115)
(1099954,1100118)
(1099954,1100122)
(1099954,1100126)
(1099954,1100129)
(1099954,1100134)
(1099954,1100137)
(1099958,1099959)
(1099958,1099966)
(1099958,1099970)
(1099958,1099975)
(1099958,1099976)
(1099958,1099979)
(1099958,1099987)
(1099958,1099988)
(1099958,1099993)
(1099958,1099999)
(1099958,1100005)
(1099958,1100007)
(1099958,1100010)
(1099958,1100017)
(1099958,1100024)
(1099958,1100029)
(1099958,1100034)
(1099958,1100042)
(1099958,1100044)
(1099958,1100046)
(1099958,1100050)
(1099958,1100053)
(1099958,1100057)
(1099958,1100062)
(1099958,1100066)
(1099958,1100073)
(1099958,1100081)
(1099958,1100082)
(1099958,1100087)
(1099958,1100090)
(1099958,1100097)
(1099958,1100098)
(1099958,1100103)
(1099958,1100107)
(1099958,1100111)
(1099958,1100115)
(1099958,1100118)
(1099958,1100122)
(1099958,1100126)
(1099958,1100129)
(1099958,1100134)
(1099958,1100137)
(1099959,1099966)
(1099959,1099970)
(1099959,1099975)
(1099959,1099976)
(1099959,1099979)
(1099959,1099987)
(1099959,1099988)
(1099959,1099993)
(1099959,1099999)
(1099959,1100005)
(1099959,1100007)
(1099959,1100010)
(1099959,1100017)
(1099959,1100024)
(1099959,1100029)
(1099959,1100034)
(1099959,1100042)
(1099959,1100044)
(1099959,1100046)
(1099959,1100050)
(1099959,1100053)
(1099959,1100057)
(1099959,1100062)
(1099959,1100066)
(1099959,1100073)
(1099959,1100081)
(1099959,1100082)
(1099959,1100087)
(1099959,1100090)
(1099959,1100097)
(1099959,1100098)
(1099959,1100103)
(1099959,1100107)
(1099959,1100111)
(1099959,1100115)
(1099959,1100118)
(1099959,1100122)
(1099959,1100126)
(1099959,1100129)
(1099959,1100134)
(1099959,1100137)
(1099966,1099970)
(1099966,1099975)
(1099966,1099976)
(1099966,1099979)
(1099966,1099987)
(1099966,1099988)
(1099966,1099993)
(1099966,1099999)
(1099966,1100005)
(1099966,1100007)
(1099966,1100010)
(1099966,1100017)
(1099966,1100024)
(1099966,1100029)
(1099966,1100034)
(1099966,1100042)
(1099966,1100044)
(1099966,1100046)
(1099966,1100050)
(1099966,1100053)
(1099966,1100057)
(1099966,1100062)
(1099966,1100066)
(1099966,1100073)
(1099966,1100081)
(1099966,1100082)
(1099966,1100087)
(1099966,1100090)
(1099966,1100097)
(1099966,1100098)
(1099966,1100103)
(1099966,1100107)
(1099966,1100111)
(1099966,1100115)
(1099966,1100118)
(1099966,1100122)
(1099966,1100126)
(1099966,1100129)
(1099966,1100134)
(1099966,1100137)
(1099970,1099975)
(1099970,1099976)
(1099970,1099979)
(1099970,1099987)
(1099970,1099988)
(1099970,1099993)
(1099970,1099999)
(1099970,1100005)
(1099970,1100007)
(1099970,1100010)
(1099970,1100017)
(1099970,1100024)
(1099970,1100029)
(1099970,1100034)
(1099970,1100042)
(1099970,1100044)
(1099970,1100046)
(1099970,1100050)
(1099970,1100053)
(1099970,1100057)
(1099970,1100062)
(1099970,1100066)
(1099970,1100073)
(1099970,1100081)
(1099970,1100082)
(1099970,1100087)
(1099970,1100090)
(1099970,1100097)
(1099970,1100098)
(1099970,1100103)
(1099970,1100107)
(1099970,1100111)
(1099970,1100115)
(1099970,1100118)
(1099970,1100122)
(1099970,1100126)
(1099970,1100129)
(1099970,1100134)
(1099970,1100137)
(1099975,1099976)
(1099975,1099979)
(1099975,1099987)
(1099975,1099988)
(1099975,1099993)
(1099975,1099999)
(1099975,1100005)
(1099975,1100007)
(1099975,1100010)
(1099975,1100017)
(1099975,1100024)
(1099975,1100029)
(1099975,1100034)
(1099975,1100042)
(1099975,1100044)
(1099975,1100046)
(1099975,1100050)
(1099975,1100053)
(1099975,1100057)
(1099975,1100062)
(1099975,1100066)
(1099975,1100073)
(1099975,1100081)
(1099975,1100082)
(1099975,1100087)
(1099975,1100090)
(1099975,1100097)
(1099975,1100098)
(1099975,1100103)
(1099975,1100107)
(1099975,1100111)
(1099975,1100115)
(1099975,1100118)
(1099975,1100122)
(1099975,1100126)
(1099975,1100129)
(1099975,1100134)
(1099975,1100137)
(1099976,1099979)
(1099976,1099987)
(1099976,1099988)
(1099976,1099993)
(1099976,1099999)
(1099976,1100005)
(1099976,1100007)
(1099976,1100010)
(1099976,1100017)
(1099976,1100024)
(1099976,1100029)
(1099976,1100034)
(1099976,1100042)
(1099976,1100044)
(1099976,1100046)
(1099976,1100050)
(1099976,1100053)
(1099976,1100057)
(1099976,1100062)
(1099976,1100066)
(1099976,1100073)
(1099976,1100081)
(1099976,1100082)
(1099976,1100087)
(1099976,1100090)
(1099976,1100097)
(1099976,1100098)
(1099976,1100103)
(1099976,1100107)
(1099976,1100111)
(1099976,1100115)
(1099976,1100118)
(1099976,1100122)
(1099976,1100126)
(1099976,1100129)
(1099976,1100134)
(1099976,1100137)
(1099979,1099987)
(1099979,1099988)
(1099979,1099993)
(1099979,1099999)
(1099979,1100005)
(1099979,1100007)
(1099979,1100010)
(1099979,1100017)
(1099979,1100024)
(1099979,1100029)
(1099979,1100034)
(1099979,1100042)
(1099979,1100044)
(1099979,1100046)
(1099979,1100050)
(1099979,1100053)
(1099979,1100057)
(1099979,1100062)
(1099979,1100066)
(1099979,1100073)
(1099979,1100081)
(1099979,1100082)
(1099979,1100087)
(1099979,1100090)
(1099979,1100097)
(1099979,1100098)
(1099979,1100103)
(1099979,1100107)
(1099979,1100111)
(1099979,1100115)
(1099979,1100118)
(1099979,1100122)
(1099979,1100126)
(1099979,1100129)
(1099979,1100134)
(1099979,1100137)
(1099987,1099988)
(1099987,1099993)
(1099987,1099999)
(1099987,1100005)
(1099987,1100007)
(1099987,1100010)
(1099987,1100017)
(1099987,1100024)
(1099987,1100029)
(1099987,1100034)
(1099987,1100042)
(1099987,1100044)
(1099987,1100046)
(1099987,1100050)
(1099987,1100053)
(1099987,1100057)
(1099987,1100062)
(1099987,1100066)
(1099987,1100073)
(1099987,1100081)
(1099987,1100082)
(1099987,1100087)
(1099987,1100090)
(1099987,1100097)
(1099987,1100098)
(1099987,1100103)
(1099987,1100107)
(1099987,1100111)
(1099987,1100115)
(1099987,1100118)
(1099987,1100122)
(1099987,1100126)
(1099987,1100129)
(1099987,1100134)
(1099987,1100137)
(1099988,1099993)
(1099988,1099999)
(1099988,1100005)
(1099988,1100007)
(1099988,1100010)
(1099988,1100017)
(1099988,1100024)
(1099988,1100029)
(1099988,1100034)
(1099988,1100042)
(1099988,1100044)
(1099988,1100046)
(1099988,1100050)
(1099988,1100053)
(1099988,1100057)
(1099988,1100062)
(1099988,1100066)
(1099988,1100073)
(1099988,1100081)
(1099988,1100082)
(1099988,1100087)
(1099988,1100090)
(1099988,1100097)
(1099988,1100098)
(1099988,1100103)
(1099988,1100107)
(1099988,1100111)
(1099988,1100115)
(1099988,1100118)
(1099988,1100122)
(1099988,1100126)
(1099988,1100129)
(1099988,1100134)
(1099988,1100137)
(1099993,1099999)
(1099993,1100005)
(1099993,1100007)
(1099993,1100010)
(1099993,1100017)
(1099993,1100024)
(1099993,1100029)
(1099993,1100034)
(1099993,1100042)
(1099993,1100044)
(1099993,1100046)
(1099993,1100050)
(1099993,1100053)
(1099993,1100057)
(1099993,1100062)
(1099993,1100066)
(1099993,1100073)
(1099993,1100081)
(1099993,1100082)
(1099993,1100087)
(1099993,1100090)
(1099993,1100097)
(1099993,1100098)
(1099993,1100103)
(1099993,1100107)
(1099993,1100111)
(1099993,1100115)
(1099993,1100118)
(1099993,1100122)
(1099993,1100126)
(1099993,1100129)
(1099993,1100134)
(1099993,1100137)
(1099999,1100005)
(1099999,1100007)
(1099999,1100010)
(1099999,1100017)
(1099999,1100024)
(1099999,1100029)
(1099999,1100034)
(1099999,1100042)
(1099999,1100044)
(1099999,1100046)
(1099999,1100050)
(1099999,1100053)
(1099999,1100057)
(1099999,1100062)
(1099999,1100066)
(1099999,1100073)
(1099999,1100081)
(1099999,1100082)
(1099999,1100087)
(1099999,1100090)
(1099999,1100097)
(1099999,1100098)
(1099999,1100103)
(1099999,1100107)
(1099999,1100111)
(1099999,1100115)
(1099999,1100118)
(1099999,1100122)
(1099999,1100126)
(1099999,1100129)
(1099999,1100134)
(1099999,1100137)
(1100005,1100007)
(1100005,1100010)
(1100005,1100017)
(1100005,1100024)
(1100005,1100029)
(1100005,1100034)
(1100005,1100042)
(1100005,1100044)
(1100005,1100046)
(1100005,1100050)
(1100005,1100053)
(1100005,1100057)
(1100005,1100062)
(1100005,1100066)
(1100005,1100073)
(1100005,1100081)
(1100005,1100082)
(1100005,1100087)
(1100005,1100090)
(1100005,1100097)
(1100005,1100098)
(1100005,1100103)
(1100005,1100107)
(1100005,1100111)
(1100005,1100115)
(1100005,1100118)
(1100005,1100122)
(1100005,1100126)
(1100005,1100129)
(1100005,1100134)
(1100005,1100137)
(1100007,1100010)
(1100007,1100017)
(1100007,1100024)
(1100007,1100029)
(1100007,1100034)
(1100007,1100042)
(1100007,1100044)
(1100007,1100046)
(1100007,1100050)
(1100007,1100053)
(1100007,1100057)
(1100007,1100062)
(1100007,1100066)
(1100007,1100073)
(1100007,1100081)
(1100007,1100082)
(1100007,1100087)
(1100007,1100090)
(1100007,1100097)
(1100007,1100098)
(1100007,1100103)
(1100007,1100107)
(1100007,1100111)
(1100007,1100115)
(1100007,1100118)
(1100007,1100122)
(1100007,1100126)
(1100007,1100129)
(1100007,1100134)
(1100007,1100137)
(1100010,1100017)
(1100010,1100024)
(1100010,1100029)
(1100010,1100034)
(1100010,1100042)
(1100010,1100044)
(1100010,1100046)
(1100010,1100050)
(1100010,1100053)
(1100010,1100057)
(1100010,1100062)
(1100010,1100066)
(1100010,1100073)
(1100010,1100081)
(1100010,1100082)
(1100010,1100087)
(1100010,1100090)
(1100010,1100097)
(1100010,1100098)
(1100010,1100103)
(1100010,1100107)
(1100010,1100111)
(1100010,1100115)
(1100010,1100118)
(1100010,1100122)
(1100010,1100126)
(1100010,1100129)
(1100010,1100134)
(1100010,1100137)
(1100017,1100024)
(1100017,1100029)
(1100017,1100034)
(1100017,1100042)
(1100017,1100044)
(1100017,1100046)
(1100017,1100050)
(1100017,1100053)
(1100017,1100057)
(1100017,1100062)
(1100017,1100066)
(1100017,1100073)
(1100017,1100081)
(1100017,1100082)
(1100017,1100087)
(1100017,1100090)
(1100017,1100097)
(1100017,1100098)
(1100017,1100103)
(1100017,1100107)
(1100017,1100111)
(1100017,1100115)
(1100017,1100118)
(1100017,1100122)
(1100017,1100126)
(1100017,1100129)
(1100017,1100134)
(1100017,1100137)
(1100024,1100029)
(1100024,1100034)
(1100024,1100042)
(1100024,1100044)
(1100024,1100046)
(1100024,1100050)
(1100024,1100053)
(1100024,1100057)
(1100024,1100062)
(1100024,1100066)
(1100024,1100073)
(1100024,1100081)
(1100024,1100082)
(1100024,1100087)
(1100024,1100090)
(1100024,1100097)
(1100024,1100098)
(1100024,1100103)
(1100024,1100107)
(1100024,1100111)
(1100024,1100115)
(1100024,1100118)
(1100024,1100122)
(1100024,1100126)
(1100024,1100129)
(1100024,1100134)
(1100024,1100137)
(1100029,1100034)
(1100029,1100042)
(1100029,1100044)
(1100029,1100046)
(1100029,1100050)
(1100029,1100053)
(1100029,1100057)
(1100029,1100062)
(1100029,1100066)
(1100029,1100073)
(1100029,1100081)
(1100029,1100082)
(1100029,1100087)
(1100029,1100090)
(1100029,1100097)
(1100029,1100098)
(1100029,1100103)
(1100029,1100107)
(1100029,1100111)
(1100029,1100115)
(1100029,1100118)
(1100029,1100122)
(1100029,1100126)
(1100029,1100129)
(1100029,1100134)
(1100029,1100137)
(1100034,1100042)
(1100034,1100044)
(1100034,1100046)
(1100034,1100050)
(1100034,1100053)
(1100034,1100057)
(1100034,1100062)
(1100034,1100066)
(1100034,1100073)
(1100034,1100081)
(1100034,1100082)
(1100034,1100087)
(1100034,1100090)
(1100034,1100097)
(1100034,1100098)
(1100034,1100103)
(1100034,1100107)
(1100034,1100111)
(1100034,1100115)
(1100034,1100118)
(1100034,1100122)
(1100034,1100126)
(1100034,1100129)
(1100034,1100134)
(1100034,1100137)
(1100042,1100044)
(1100042,1100046)
(1100042,1100050)
(1100042,1100053)
(1100042,1100057)
(1100042,1100062)
(1100042,1100066)
(1100042,1100073)
(1100042,1100081)
(1100042,1100082)
(1100042,1100087)
(1100042,1100090)
(1100042,1100097)
(1100042,1100098)
(1100042,1100103)
(1100042,1100107)
(1100042,1100111)
(1100042,1100115)
(1100042,1100118)
(1100042,1100122)
(1100042,1100126)
(1100042,1100129)
(1100042,1100134)
(1100042,1100137)
(1100044,1100046)
(1100044,1100050)
(1100044,1100053)
(1100044,1100057)
(1100044,1100062)
(1100044,1100066)
(1100044,1100073)
(1100044,1100081)
(1100044,1100082)
(1100044,1100087)
(1100044,1100090)
(1100044,1100097)
(1100044,1100098)
(1100044,1100103)
(1100044,1100107)
(1100044,1100111)
(1100044,1100115)
(1100044,1100118)
(1100044,1100122)
(1100044,1100126)
(1100044,1100129)
(1100044,1100134)
(1100044,1100137)
(1100046,1100050)
(1100046,1100053)
(1100046,1100057)
(1100046,1100062)
(1100046,1100066)
(1100046,1100073)
(1100046,1100081)
(1100046,1100082)
(1100046,1100087)
(1100046,1100090)
(1100046,1100097)
(1100046,1100098)
(1100046,1100103)
(1100046,1100107)
(1100046,1100111)
(1100046,1100115)
(1100046,1100118)
(1100046,1100122)
(1100046,1100126)
(1100046,1100129)
(1100046,1100134)
(1100046,1100137)
(1100050,1100053)
(1100050,1100057)
(1100050,1100062)
(1100050,1100066)
(1100050,1100073)
(1100050,1100081)
(1100050,1100082)
(1100050,1100087)
(1100050,1100090)
(1100050,1100097)
(1100050,1100098)
(1100050,1100103)
(1100050,1100107)
(1100050,1100111)
(1100050,1100115)
(1100050,1100118)
(1100050,1100122)
(1100050,1100126)
(1100050,1100129)
(1100050,1100134)
(1100050,1100137)
(1100053,1100057)
(1100053,1100062)
(1100053,1100066)
(1100053,1100073)
(1100053,1100081)
(1100053,1100082)
(1100053,1100087)
(1100053,1100090)
(1100053,1100097)
(1100053,1100098)
(1100053,1100103)
(1100053,1100107)
(1100053,1100111)
(1100053,1100115)
(1100053,1100118)
(1100053,1100122)
(1100053,1100126)
(1100053,1100129)
(1100053,1100134)
(1100053,1100137)
(1100057,1100062)
(1100057,1100066)
(1100057,1100073)
(1100057,1100081)
(1100057,1100082)
(1100057,1100087)
(1100057,1100090)
(1100057,1100097)
(1100057,1100098)
(1100057,1100103)
(1100057,1100107)
(1100057,1100111)
(1100057,1100115)
(1100057,1100118)
(1100057,1100122)
(1100057,1100126)
(1100057,1100129)
(1100057,1100134)
(1100057,1100137)
(1100062,1100066)
(1100062,1100073)
(1100062,1100081)
(1100062,1100082)
(1100062,1100087)
(1100062,1100090)
(1100062,1100097)
(1100062,1100098)
(1100062,1100103)
(1100062,1100107)
(1100062,1100111)
(1100062,1100115)
(1100062,1100118)
(1100062,1100122)
(1100062,1100126)
(1100062,1100129)
(1100062,1100134)
(1100062,1100137)
(1100066,1100073)
(1100066,1100081)
(1100066,1100082)
(1100066,1100087)
(1100066,1100090)
(1100066,1100097)
(1100066,1100098)
(1100066,1100103)
(1100066,1100107)
(1100066,1100111)
(1100066,1100115)
(1100066,1100118)
(1100066,1100122)
(1100066,1100126)
(1100066,1100129)
(1100066,1100134)
(1100066,1100137)
(1100073,1100081)
(1100073,1100082)
(1100073,1100087)
(1100073,1100090)
(1100073,1100097)
(1100073,1100098)
(1100073,1100103)
(1100073,1100107)
(1100073,1100111)
(1100073,1100115)
(1100073,1100118)
(1100073,1100122)
(1100073,1100126)
(1100073,1100129)
(1100073,1100134)
(1100073,1100137)
(1100081,1100082)
(1100081,1100087)
(1100081,1100090)
(1100081,1100097)
(1100081,1100098)
(1100081,1100103)
(1100081,1100107)
(1100081,1100111)
(1100081,1100115)
(1100081,1100118)
(1100081,1100122)
(1100081,1100126)
(1100081,1100129)
(1100081,1100134)
(1100081,1100137)
(1100082,1100087)
(1100082,1100090)
(1100082,1100097)
(1100082,1100098)
(1100082,1100103)
(1100082,1100107)
(1100082,1100111)
(1100082,1100115)
(1100082,1100118)
(1100082,1100122)
(1100082,1100126)
(1100082,1100129)
(1100082,1100134)
(1100082,1100137)
(1100087,1100090)
(1100087,1100097)
(1100087,1100098)
(1100087,1100103)
(1100087,1100107)
(1100087,1100111)
(1100087,1100115)
(1100087,1100118)
(1100087,1100122)
(1100087,1100126)
(1100087,1100129)
(1100087,1100134)
(1100087,1100137)
(1100090,1100097)
(1100090,1100098)
(1100090,1100103)
(1100090,1100107)
(1100090,1100111)
(1100090,1100115)
(1100090,1100118)
(1100090,1100122)
(1100090,1100126)
(1100090,1100129)
(1100090,1100134)
(1100090,1100137)
(1100097,1100098)
(1100097,1100103)
(1100097,1100107)
(1100097,1100111)
(1100097,1100115)
(1100097,1100118)
(1100097,1100122)
(1100097,1100126)
(1100097,1100129)
(1100097,1100134)
(1100097,1100137)
(1100098,1100103)
(1100098,1100107)
(1100098,1100111)
(1100098,1100115)
(1100098,1100118)
(1100098,1100122)
(1100098,1100126)
(1100098,1100129)
(1100098,1100134)
(1100098,1100137)
(1100103,1100107)
(1100103,1100111)
(1100103,1100115)
(1100103,1100118)
(1100103,1100122)
(1100103,1100126)
(1100103,1100129)
(1100103,1100134)
(1100103,1100137)
(1100107,1100111)
(1100107,1100115)
(1100107,1100118)
(1100107,1100122)
(1100107,1100126)
(1100107,1100129)
(1100107,1100134)
(1100107,1100137)
(1100111,1100115)
(1100111,1100118)
(1100111,1100122)
(1100111,1100126)
(1100111,1100129)
(1100111,1100134)
(1100111,1100137)
(1100115,1100118)
(1100115,1100122)
(1100115,1100126)
(1100115,1100129)
(1100115,1100134)
(1100115,1100137)
(1100118,1100122)
(1100118,1100126)
(1100118,1100129)
(1100118,1100134)
(1100118,1100137)
(1100122,1100126)
(1100122,1100129)
(1100122,1100134)
(1100122,1100137)
(1100126,1100129)
(1100126,1100134)
(1100126,1100137)
(1100129,1100134)
(1100129,1100137)
(1100134,1100137)
(708332,709237)
(708332,1100779)
(708332,1100790)
(708332,1100801)
(708332,1100804)
(708332,1100809)
(708332,1100815)
(708332,1100817)
(708332,1100822)
(708332,1100829)
(708332,1100837)
(708332,1100855)
(708332,1100859)
(708332,1100873)
(708332,1100879)
(708332,1100887)
(708332,1100890)
(708332,1100895)
(708332,1100905)
(708332,1100912)
(708332,1100913)
(709237,1100779)
(709237,1100790)
(709237,1100801)
(709237,1100804)
(709237,1100809)
(709237,1100815)
(709237,1100817)
(709237,1100822)
(709237,1100829)
(709237,1100837)
(709237,1100855)
(709237,1100859)
(709237,1100873)
(709237,1100879)
(709237,1100887)
(709237,1100890)
(709237,1100895)
(709237,1100905)
(709237,1100912)
(709237,1100913)
(1100779,1100790)
(1100779,1100801)
(1100779,1100804)
(1100779,1100809)
(1100779,1100815)
(1100779,1100817)
(1100779,1100822)
(1100779,1100829)
(1100779,1100837)
(1100779,1100855)
(1100779,1100859)
(1100779,1100873)
(1100779,1100879)
(1100779,1100887)
(1100779,1100890)
(1100779,1100895)
(1100779,1100905)
(1100779,1100912)
(1100779,1100913)
(1100790,1100801)
(1100790,1100804)
(1100790,1100809)
(1100790,1100815)
(1100790,1100817)
(1100790,1100822)
(1100790,1100829)
(1100790,1100837)
(1100790,1100855)
(1100790,1100859)
(1100790,1100873)
(1100790,1100879)
(1100790,1100887)
(1100790,1100890)
(1100790,1100895)
(1100790,1100905)
(1100790,1100912)
(1100790,1100913)
(1100801,1100804)
(1100801,1100809)
(1100801,1100815)
(1100801,1100817)
(1100801,1100822)
(1100801,1100829)
(1100801,1100837)
(1100801,1100855)
(1100801,1100859)
(1100801,1100873)
(1100801,1100879)
(1100801,1100887)
(1100801,1100890)
(1100801,1100895)
(1100801,1100905)
(1100801,1100912)
(1100801,1100913)
(1100804,1100809)
(1100804,1100815)
(1100804,1100817)
(1100804,1100822)
(1100804,1100829)
(1100804,1100837)
(1100804,1100855)
(1100804,1100859)
(1100804,1100873)
(1100804,1100879)
(1100804,1100887)
(1100804,1100890)
(1100804,1100895)
(1100804,1100905)
(1100804,1100912)
(1100804,1100913)
(1100809,1100815)
(1100809,1100817)
(1100809,1100822)
(1100809,1100829)
(1100809,1100837)
(1100809,1100855)
(1100809,1100859)
(1100809,1100873)
(1100809,1100879)
(1100809,1100887)
(1100809,1100890)
(1100809,1100895)
(1100809,1100905)
(1100809,1100912)
(1100809,1100913)
(1100815,1100817)
(1100815,1100822)
(1100815,1100829)
(1100815,1100837)
(1100815,1100855)
(1100815,1100859)
(1100815,1100873)
(1100815,1100879)
(1100815,1100887)
(1100815,1100890)
(1100815,1100895)
(1100815,1100905)
(1100815,1100912)
(1100815,1100913)
(1100817,1100822)
(1100817,1100829)
(1100817,1100837)
(1100817,1100855)
(1100817,1100859)
(1100817,1100873)
(1100817,1100879)
(1100817,1100887)
(1100817,1100890)
(1100817,1100895)
(1100817,1100905)
(1100817,1100912)
(1100817,1100913)
(1100822,1100829)
(1100822,1100837)
(1100822,1100855)
(1100822,1100859)
(1100822,1100873)
(1100822,1100879)
(1100822,1100887)
(1100822,1100890)
(1100822,1100895)
(1100822,1100905)
(1100822,1100912)
(1100822,1100913)
(1100829,1100837)
(1100829,1100855)
(1100829,1100859)
(1100829,1100873)
(1100829,1100879)
(1100829,1100887)
(1100829,1100890)
(1100829,1100895)
(1100829,1100905)
(1100829,1100912)
(1100829,1100913)
(1100837,1100855)
(1100837,1100859)
(1100837,1100873)
(1100837,1100879)
(1100837,1100887)
(1100837,1100890)
(1100837,1100895)
(1100837,1100905)
(1100837,1100912)
(1100837,1100913)
(1100855,1100859)
(1100855,1100873)
(1100855,1100879)
(1100855,1100887)
(1100855,1100890)
(1100855,1100895)
(1100855,1100905)
(1100855,1100912)
(1100855,1100913)
(1100859,1100873)
(1100859,1100879)
(1100859,1100887)
(1100859,1100890)
(1100859,1100895)
(1100859,1100905)
(1100859,1100912)
(1100859,1100913)
(1100873,1100879)
(1100873,1100887)
(1100873,1100890)
(1100873,1100895)
(1100873,1100905)
(1100873,1100912)
(1100873,1100913)
(1100879,1100887)
(1100879,1100890)
(1100879,1100895)
(1100879,1100905)
(1100879,1100912)
(1100879,1100913)
(1100887,1100890)
(1100887,1100895)
(1100887,1100905)
(1100887,1100912)
(1100887,1100913)
(1100890,1100895)
(1100890,1100905)
(1100890,1100912)
(1100890,1100913)
(1100895,1100905)
(1100895,1100912)
(1100895,1100913)
(1100905,1100912)
(1100905,1100913)
(1100912,1100913)
(709257,1101490)
(718256,718271)
(718256,1100997)
(718256,1101003)
(718256,1101007)
(718256,1101010)
(718256,1101021)
(718271,1100997)
(718271,1101003)
(718271,1101007)
(718271,1101010)
(718271,1101021)
(1100997,1101003)
(1100997,1101007)
(1100997,1101010)
(1100997,1101021)
(1101003,1101007)
(1101003,1101010)
(1101003,1101021)
(1101007,1101010)
(1101007,1101021)
(1101010,1101021)
(857670,1101191)
(904876,904883)
(904876,904898)
(904876,904904)
(904883,904898)
(904883,904904)
(904898,904904)
(1037323,1100152)
(1037323,1100160)
(1037323,1100167)
(1037323,1100170)
(1037323,1100177)
(1037323,1100185)
(1037323,1100192)
(1037323,1100197)
(1037323,1100203)
(1037323,1100211)
(1037323,1100217)
(1037323,1100230)
(1037323,1100241)
(1037323,1100248)
(1037323,1100251)
(1037323,1100263)
(1037323,1100268)
(1037323,1100275)
(1037323,1100279)
(1037323,1100289)
(1037323,1100295)
(1037323,1100304)
(1037323,1100309)
(1037323,1100313)
(1037323,1100323)
(1037323,1100329)
(1037323,1100335)
(1037323,1100344)
(1037323,1100348)
(1037323,1100355)
(1037323,1100361)
(1037323,1100371)
(1037323,1100377)
(1037323,1100380)
(1037323,1100383)
(1037323,1100394)
(1037323,1100401)
(1037323,1100411)
(1037323,1100421)
(1037323,1100427)
(1037323,1100434)
(1037323,1100438)
(1037323,1100445)
(1037323,1100454)
(1037323,1100464)
(1037323,1100471)
(1037323,1100482)
(1037323,1100486)
(1037323,1100501)
(1037323,1100510)
(1037323,1100516)
(1037323,1100528)
(1037323,1100540)
(1037323,1100551)
(1037323,1100557)
(1037323,1100568)
(1037323,1100572)
(1037323,1100583)
(1037323,1100594)
(1037323,1100606)
(1037323,1100611)
(1037323,1100621)
(1037323,1100635)
(1037323,1100641)
(1037323,1100648)
(1037323,1100659)
(1037323,1100665)
(1037323,1100685)
(1037323,1100692)
(1037323,1100703)
(1037323,1100714)
(1037323,1100722)
(1037323,1100734)
(1037323,1100749)
(1037323,1100751)
(1037323,1100754)
(1037323,1100761)
(1037323,1100776)
(1100152,1100160)
(1100152,1100167)
(1100152,1100170)
(1100152,1100177)
(1100152,1100185)
(1100152,1100192)
(1100152,1100197)
(1100152,1100203)
(1100152,1100211)
(1100152,1100217)
(1100152,1100230)
(1100152,1100241)
(1100152,1100248)
(1100152,1100251)
(1100152,1100263)
(1100152,1100268)
(1100152,1100275)
(1100152,1100279)
(1100152,1100289)
(1100152,1100295)
(1100152,1100304)
(1100152,1100309)
(1100152,1100313)
(1100152,1100323)
(1100152,1100329)
(1100152,1100335)
(1100152,1100344)
(1100152,1100348)
(1100152,1100355)
(1100152,1100361)
(1100152,1100371)
(1100152,1100377)
(1100152,1100380)
(1100152,1100383)
(1100152,1100394)
(1100152,1100401)
(1100152,1100411)
(1100152,1100421)
(1100152,1100427)
(1100152,1100434)
(1100152,1100438)
(1100152,1100445)
(1100152,1100454)
(1100152,1100464)
(1100152,1100471)
(1100152,1100482)
(1100152,1100486)
(1100152,1100501)
(1100152,1100510)
(1100152,1100516)
(1100152,1100528)
(1100152,1100540)
(1100152,1100551)
(1100152,1100557)
(1100152,1100568)
(1100152,1100572)
(1100152,1100583)
(1100152,1100594)
(1100152,1100606)
(1100152,1100611)
(1100152,1100621)
(1100152,1100635)
(1100152,1100641)
(1100152,1100648)
(1100152,1100659)
(1100152,1100665)
(1100152,1100685)
(1100152,1100692)
(1100152,1100703)
(1100152,1100714)
(1100152,1100722)
(1100152,1100734)
(1100152,1100749)
(1100152,1100751)
(1100152,1100754)
(1100152,1100761)
(1100152,1100776)
(1100160,1100167)
(1100160,1100170)
(1100160,1100177)
(1100160,1100185)
(1100160,1100192)
(1100160,1100197)
(1100160,1100203)
(1100160,1100211)
(1100160,1100217)
(1100160,1100230)
(1100160,1100241)
(1100160,1100248)
(1100160,1100251)
(1100160,1100263)
(1100160,1100268)
(1100160,1100275)
(1100160,1100279)
(1100160,1100289)
(1100160,1100295)
(1100160,1100304)
(1100160,1100309)
(1100160,1100313)
(1100160,1100323)
(1100160,1100329)
(1100160,1100335)
(1100160,1100344)
(1100160,1100348)
(1100160,1100355)
(1100160,1100361)
(1100160,1100371)
(1100160,1100377)
(1100160,1100380)
(1100160,1100383)
(1100160,1100394)
(1100160,1100401)
(1100160,1100411)
(1100160,1100421)
(1100160,1100427)
(1100160,1100434)
(1100160,1100438)
(1100160,1100445)
(1100160,1100454)
(1100160,1100464)
(1100160,1100471)
(1100160,1100482)
(1100160,1100486)
(1100160,1100501)
(1100160,1100510)
(1100160,1100516)
(1100160,1100528)
(1100160,1100540)
(1100160,1100551)
(1100160,1100557)
(1100160,1100568)
(1100160,1100572)
(1100160,1100583)
(1100160,1100594)
(1100160,1100606)
(1100160,1100611)
(1100160,1100621)
(1100160,1100635)
(1100160,1100641)
(1100160,1100648)
(1100160,1100659)
(1100160,1100665)
(1100160,1100685)
(1100160,1100692)
(1100160,1100703)
(1100160,1100714)
(1100160,1100722)
(1100160,1100734)
(1100160,1100749)
(1100160,1100751)
(1100160,1100754)
(1100160,1100761)
(1100160,1100776)
(1100167,1100170)
(1100167,1100177)
(1100167,1100185)
(1100167,1100192)
(1100167,1100197)
(1100167,1100203)
(1100167,1100211)
(1100167,1100217)
(1100167,1100230)
(1100167,1100241)
(1100167,1100248)
(1100167,1100251)
(1100167,1100263)
(1100167,1100268)
(1100167,1100275)
(1100167,1100279)
(1100167,1100289)
(1100167,1100295)
(1100167,1100304)
(1100167,1100309)
(1100167,1100313)
(1100167,1100323)
(1100167,1100329)
(1100167,1100335)
(1100167,1100344)
(1100167,1100348)
(1100167,1100355)
(1100167,1100361)
(1100167,1100371)
(1100167,1100377)
(1100167,1100380)
(1100167,1100383)
(1100167,1100394)
(1100167,1100401)
(1100167,1100411)
(1100167,1100421)
(1100167,1100427)
(1100167,1100434)
(1100167,1100438)
(1100167,1100445)
(1100167,1100454)
(1100167,1100464)
(1100167,1100471)
(1100167,1100482)
(1100167,1100486)
(1100167,1100501)
(1100167,1100510)
(1100167,1100516)
(1100167,1100528)
(1100167,1100540)
(1100167,1100551)
(1100167,1100557)
(1100167,1100568)
(1100167,1100572)
(1100167,1100583)
(1100167,1100594)
(1100167,1100606)
(1100167,1100611)
(1100167,1100621)
(1100167,1100635)
(1100167,1100641)
(1100167,1100648)
(1100167,1100659)
(1100167,1100665)
(1100167,1100685)
(1100167,1100692)
(1100167,1100703)
(1100167,1100714)
(1100167,1100722)
(1100167,1100734)
(1100167,1100749)
(1100167,1100751)
(1100167,1100754)
(1100167,1100761)
(1100167,1100776)
(1100170,1100177)
(1100170,1100185)
(1100170,1100192)
(1100170,1100197)
(1100170,1100203)
(1100170,1100211)
(1100170,1100217)
(1100170,1100230)
(1100170,1100241)
(1100170,1100248)
(1100170,1100251)
(1100170,1100263)
(1100170,1100268)
(1100170,1100275)
(1100170,1100279)
(1100170,1100289)
(1100170,1100295)
(1100170,1100304)
(1100170,1100309)
(1100170,1100313)
(1100170,1100323)
(1100170,1100329)
(1100170,1100335)
(1100170,1100344)
(1100170,1100348)
(1100170,1100355)
(1100170,1100361)
(1100170,1100371)
(1100170,1100377)
(1100170,1100380)
(1100170,1100383)
(1100170,1100394)
(1100170,1100401)
(1100170,1100411)
(1100170,1100421)
(1100170,1100427)
(1100170,1100434)
(1100170,1100438)
(1100170,1100445)
(1100170,1100454)
(1100170,1100464)
(1100170,1100471)
(1100170,1100482)
(1100170,1100486)
(1100170,1100501)
(1100170,1100510)
(1100170,1100516)
(1100170,1100528)
(1100170,1100540)
(1100170,1100551)
(1100170,1100557)
(1100170,1100568)
(1100170,1100572)
(1100170,1100583)
(1100170,1100594)
(1100170,1100606)
(1100170,1100611)
(1100170,1100621)
(1100170,1100635)
(1100170,1100641)
(1100170,1100648)
(1100170,1100659)
(1100170,1100665)
(1100170,1100685)
(1100170,1100692)
(1100170,1100703)
(1100170,1100714)
(1100170,1100722)
(1100170,1100734)
(1100170,1100749)
(1100170,1100751)
(1100170,1100754)
(1100170,1100761)
(1100170,1100776)
(1100177,1100185)
(1100177,1100192)
(1100177,1100197)
(1100177,1100203)
(1100177,1100211)
(1100177,1100217)
(1100177,1100230)
(1100177,1100241)
(1100177,1100248)
(1100177,1100251)
(1100177,1100263)
(1100177,1100268)
(1100177,1100275)
(1100177,1100279)
(1100177,1100289)
(1100177,1100295)
(1100177,1100304)
(1100177,1100309)
(1100177,1100313)
(1100177,1100323)
(1100177,1100329)
(1100177,1100335)
(1100177,1100344)
(1100177,1100348)
(1100177,1100355)
(1100177,1100361)
(1100177,1100371)
(1100177,1100377)
(1100177,1100380)
(1100177,1100383)
(1100177,1100394)
(1100177,1100401)
(1100177,1100411)
(1100177,1100421)
(1100177,1100427)
(1100177,1100434)
(1100177,1100438)
(1100177,1100445)
(1100177,1100454)
(1100177,1100464)
(1100177,1100471)
(1100177,1100482)
(1100177,1100486)
(1100177,1100501)
(1100177,1100510)
(1100177,1100516)
(1100177,1100528)
(1100177,1100540)
(1100177,1100551)
(1100177,1100557)
(1100177,1100568)
(1100177,1100572)
(1100177,1100583)
(1100177,1100594)
(1100177,1100606)
(1100177,1100611)
(1100177,1100621)
(1100177,1100635)
(1100177,1100641)
(1100177,1100648)
(1100177,1100659)
(1100177,1100665)
(1100177,1100685)
(1100177,1100692)
(1100177,1100703)
(1100177,1100714)
(1100177,1100722)
(1100177,1100734)
(1100177,1100749)
(1100177,1100751)
(1100177,1100754)
(1100177,1100761)
(1100177,1100776)
(1100185,1100192)
(1100185,1100197)
(1100185,1100203)
(1100185,1100211)
(1100185,1100217)
(1100185,1100230)
(1100185,1100241)
(1100185,1100248)
(1100185,1100251)
(1100185,1100263)
(1100185,1100268)
(1100185,1100275)
(1100185,1100279)
(1100185,1100289)
(1100185,1100295)
(1100185,1100304)
(1100185,1100309)
(1100185,1100313)
(1100185,1100323)
(1100185,1100329)
(1100185,1100335)
(1100185,1100344)
(1100185,1100348)
(1100185,1100355)
(1100185,1100361)
(1100185,1100371)
(1100185,1100377)
(1100185,1100380)
(1100185,1100383)
(1100185,1100394)
(1100185,1100401)
(1100185,1100411)
(1100185,1100421)
(1100185,1100427)
(1100185,1100434)
(1100185,1100438)
(1100185,1100445)
(1100185,1100454)
(1100185,1100464)
(1100185,1100471)
(1100185,1100482)
(1100185,1100486)
(1100185,1100501)
(1100185,1100510)
(1100185,1100516)
(1100185,1100528)
(1100185,1100540)
(1100185,1100551)
(1100185,1100557)
(1100185,1100568)
(1100185,1100572)
(1100185,1100583)
(1100185,1100594)
(1100185,1100606)
(1100185,1100611)
(1100185,1100621)
(1100185,1100635)
(1100185,1100641)
(1100185,1100648)
(1100185,1100659)
(1100185,1100665)
(1100185,1100685)
(1100185,1100692)
(1100185,1100703)
(1100185,1100714)
(1100185,1100722)
(1100185,1100734)
(1100185,1100749)
(1100185,1100751)
(1100185,1100754)
(1100185,1100761)
(1100185,1100776)
(1100192,1100197)
(1100192,1100203)
(1100192,1100211)
(1100192,1100217)
(1100192,1100230)
(1100192,1100241)
(1100192,1100248)
(1100192,1100251)
(1100192,1100263)
(1100192,1100268)
(1100192,1100275)
(1100192,1100279)
(1100192,1100289)
(1100192,1100295)
(1100192,1100304)
(1100192,1100309)
(1100192,1100313)
(1100192,1100323)
(1100192,1100329)
(1100192,1100335)
(1100192,1100344)
(1100192,1100348)
(1100192,1100355)
(1100192,1100361)
(1100192,1100371)
(1100192,1100377)
(1100192,1100380)
(1100192,1100383)
(1100192,1100394)
(1100192,1100401)
(1100192,1100411)
(1100192,1100421)
(1100192,1100427)
(1100192,1100434)
(1100192,1100438)
(1100192,1100445)
(1100192,1100454)
(1100192,1100464)
(1100192,1100471)
(1100192,1100482)
(1100192,1100486)
(1100192,1100501)
(1100192,1100510)
(1100192,1100516)
(1100192,1100528)
(1100192,1100540)
(1100192,1100551)
(1100192,1100557)
(1100192,1100568)
(1100192,1100572)
(1100192,1100583)
(1100192,1100594)
(1100192,1100606)
(1100192,1100611)
(1100192,1100621)
(1100192,1100635)
(1100192,1100641)
(1100192,1100648)
(1100192,1100659)
(1100192,1100665)
(1100192,1100685)
(1100192,1100692)
(1100192,1100703)
(1100192,1100714)
(1100192,1100722)
(1100192,1100734)
(1100192,1100749)
(1100192,1100751)
(1100192,1100754)
(1100192,1100761)
(1100192,1100776)
(1100197,1100203)
(1100197,1100211)
(1100197,1100217)
(1100197,1100230)
(1100197,1100241)
(1100197,1100248)
(1100197,1100251)
(1100197,1100263)
(1100197,1100268)
(1100197,1100275)
(1100197,1100279)
(1100197,1100289)
(1100197,1100295)
(1100197,1100304)
(1100197,1100309)
(1100197,1100313)
(1100197,1100323)
(1100197,1100329)
(1100197,1100335)
(1100197,1100344)
(1100197,1100348)
(1100197,1100355)
(1100197,1100361)
(1100197,1100371)
(1100197,1100377)
(1100197,1100380)
(1100197,1100383)
(1100197,1100394)
(1100197,1100401)
(1100197,1100411)
(1100197,1100421)
(1100197,1100427)
(1100197,1100434)
(1100197,1100438)
(1100197,1100445)
(1100197,1100454)
(1100197,1100464)
(1100197,1100471)
(1100197,1100482)
(1100197,1100486)
(1100197,1100501)
(1100197,1100510)
(1100197,1100516)
(1100197,1100528)
(1100197,1100540)
(1100197,1100551)
(1100197,1100557)
(1100197,1100568)
(1100197,1100572)
(1100197,1100583)
(1100197,1100594)
(1100197,1100606)
(1100197,1100611)
(1100197,1100621)
(1100197,1100635)
(1100197,1100641)
(1100197,1100648)
(1100197,1100659)
(1100197,1100665)
(1100197,1100685)
(1100197,1100692)
(1100197,1100703)
(1100197,1100714)
(1100197,1100722)
(1100197,1100734)
(1100197,1100749)
(1100197,1100751)
(1100197,1100754)
(1100197,1100761)
(1100197,1100776)
(1100203,1100211)
(1100203,1100217)
(1100203,1100230)
(1100203,1100241)
(1100203,1100248)
(1100203,1100251)
(1100203,1100263)
(1100203,1100268)
(1100203,1100275)
(1100203,1100279)
(1100203,1100289)
(1100203,1100295)
(1100203,1100304)
(1100203,1100309)
(1100203,1100313)
(1100203,1100323)
(1100203,1100329)
(1100203,1100335)
(1100203,1100344)
(1100203,1100348)
(1100203,1100355)
(1100203,1100361)
(1100203,1100371)
(1100203,1100377)
(1100203,1100380)
(1100203,1100383)
(1100203,1100394)
(1100203,1100401)
(1100203,1100411)
(1100203,1100421)
(1100203,1100427)
(1100203,1100434)
(1100203,1100438)
(1100203,1100445)
(1100203,1100454)
(1100203,1100464)
(1100203,1100471)
(1100203,1100482)
(1100203,1100486)
(1100203,1100501)
(1100203,1100510)
(1100203,1100516)
(1100203,1100528)
(1100203,1100540)
(1100203,1100551)
(1100203,1100557)
(1100203,1100568)
(1100203,1100572)
(1100203,1100583)
(1100203,1100594)
(1100203,1100606)
(1100203,1100611)
(1100203,1100621)
(1100203,1100635)
(1100203,1100641)
(1100203,1100648)
(1100203,1100659)
(1100203,1100665)
(1100203,1100685)
(1100203,1100692)
(1100203,1100703)
(1100203,1100714)
(1100203,1100722)
(1100203,1100734)
(1100203,1100749)
(1100203,1100751)
(1100203,1100754)
(1100203,1100761)
(1100203,1100776)
(1100211,1100217)
(1100211,1100230)
(1100211,1100241)
(1100211,1100248)
(1100211,1100251)
(1100211,1100263)
(1100211,1100268)
(1100211,1100275)
(1100211,1100279)
(1100211,1100289)
(1100211,1100295)
(1100211,1100304)
(1100211,1100309)
(1100211,1100313)
(1100211,1100323)
(1100211,1100329)
(1100211,1100335)
(1100211,1100344)
(1100211,1100348)
(1100211,1100355)
(1100211,1100361)
(1100211,1100371)
(1100211,1100377)
(1100211,1100380)
(1100211,1100383)
(1100211,1100394)
(1100211,1100401)
(1100211,1100411)
(1100211,1100421)
(1100211,1100427)
(1100211,1100434)
(1100211,1100438)
(1100211,1100445)
(1100211,1100454)
(1100211,1100464)
(1100211,1100471)
(1100211,1100482)
(1100211,1100486)
(1100211,1100501)
(1100211,1100510)
(1100211,1100516)
(1100211,1100528)
(1100211,1100540)
(1100211,1100551)
(1100211,1100557)
(1100211,1100568)
(1100211,1100572)
(1100211,1100583)
(1100211,1100594)
(1100211,1100606)
(1100211,1100611)
(1100211,1100621)
(1100211,1100635)
(1100211,1100641)
(1100211,1100648)
(1100211,1100659)
(1100211,1100665)
(1100211,1100685)
(1100211,1100692)
(1100211,1100703)
(1100211,1100714)
(1100211,1100722)
(1100211,1100734)
(1100211,1100749)
(1100211,1100751)
(1100211,1100754)
(1100211,1100761)
(1100211,1100776)
(1100217,1100230)
(1100217,1100241)
(1100217,1100248)
(1100217,1100251)
(1100217,1100263)
(1100217,1100268)
(1100217,1100275)
(1100217,1100279)
(1100217,1100289)
(1100217,1100295)
(1100217,1100304)
(1100217,1100309)
(1100217,1100313)
(1100217,1100323)
(1100217,1100329)
(1100217,1100335)
(1100217,1100344)
(1100217,1100348)
(1100217,1100355)
(1100217,1100361)
(1100217,1100371)
(1100217,1100377)
(1100217,1100380)
(1100217,1100383)
(1100217,1100394)
(1100217,1100401)
(1100217,1100411)
(1100217,1100421)
(1100217,1100427)
(1100217,1100434)
(1100217,1100438)
(1100217,1100445)
(1100217,1100454)
(1100217,1100464)
(1100217,1100471)
(1100217,1100482)
(1100217,1100486)
(1100217,1100501)
(1100217,1100510)
(1100217,1100516)
(1100217,1100528)
(1100217,1100540)
(1100217,1100551)
(1100217,1100557)
(1100217,1100568)
(1100217,1100572)
(1100217,1100583)
(1100217,1100594)
(1100217,1100606)
(1100217,1100611)
(1100217,1100621)
(1100217,1100635)
(1100217,1100641)
(1100217,1100648)
(1100217,1100659)
(1100217,1100665)
(1100217,1100685)
(1100217,1100692)
(1100217,1100703)
(1100217,1100714)
(1100217,1100722)
(1100217,1100734)
(1100217,1100749)
(1100217,1100751)
(1100217,1100754)
(1100217,1100761)
(1100217,1100776)
(1100230,1100241)
(1100230,1100248)
(1100230,1100251)
(1100230,1100263)
(1100230,1100268)
(1100230,1100275)
(1100230,1100279)
(1100230,1100289)
(1100230,1100295)
(1100230,1100304)
(1100230,1100309)
(1100230,1100313)
(1100230,1100323)
(1100230,1100329)
(1100230,1100335)
(1100230,1100344)
(1100230,1100348)
(1100230,1100355)
(1100230,1100361)
(1100230,1100371)
(1100230,1100377)
(1100230,1100380)
(1100230,1100383)
(1100230,1100394)
(1100230,1100401)
(1100230,1100411)
(1100230,1100421)
(1100230,1100427)
(1100230,1100434)
(1100230,1100438)
(1100230,1100445)
(1100230,1100454)
(1100230,1100464)
(1100230,1100471)
(1100230,1100482)
(1100230,1100486)
(1100230,1100501)
(1100230,1100510)
(1100230,1100516)
(1100230,1100528)
(1100230,1100540)
(1100230,1100551)
(1100230,1100557)
(1100230,1100568)
(1100230,1100572)
(1100230,1100583)
(1100230,1100594)
(1100230,1100606)
(1100230,1100611)
(1100230,1100621)
(1100230,1100635)
(1100230,1100641)
(1100230,1100648)
(1100230,1100659)
(1100230,1100665)
(1100230,1100685)
(1100230,1100692)
(1100230,1100703)
(1100230,1100714)
(1100230,1100722)
(1100230,1100734)
(1100230,1100749)
(1100230,1100751)
(1100230,1100754)
(1100230,1100761)
(1100230,1100776)
(1100241,1100248)
(1100241,1100251)
(1100241,1100263)
(1100241,1100268)
(1100241,1100275)
(1100241,1100279)
(1100241,1100289)
(1100241,1100295)
(1100241,1100304)
(1100241,1100309)
(1100241,1100313)
(1100241,1100323)
(1100241,1100329)
(1100241,1100335)
(1100241,1100344)
(1100241,1100348)
(1100241,1100355)
(1100241,1100361)
(1100241,1100371)
(1100241,1100377)
(1100241,1100380)
(1100241,1100383)
(1100241,1100394)
(1100241,1100401)
(1100241,1100411)
(1100241,1100421)
(1100241,1100427)
(1100241,1100434)
(1100241,1100438)
(1100241,1100445)
(1100241,1100454)
(1100241,1100464)
(1100241,1100471)
(1100241,1100482)
(1100241,1100486)
(1100241,1100501)
(1100241,1100510)
(1100241,1100516)
(1100241,1100528)
(1100241,1100540)
(1100241,1100551)
(1100241,1100557)
(1100241,1100568)
(1100241,1100572)
(1100241,1100583)
(1100241,1100594)
(1100241,1100606)
(1100241,1100611)
(1100241,1100621)
(1100241,1100635)
(1100241,1100641)
(1100241,1100648)
(1100241,1100659)
(1100241,1100665)
(1100241,1100685)
(1100241,1100692)
(1100241,1100703)
(1100241,1100714)
(1100241,1100722)
(1100241,1100734)
(1100241,1100749)
(1100241,1100751)
(1100241,1100754)
(1100241,1100761)
(1100241,1100776)
(1100248,1100251)
(1100248,1100263)
(1100248,1100268)
(1100248,1100275)
(1100248,1100279)
(1100248,1100289)
(1100248,1100295)
(1100248,1100304)
(1100248,1100309)
(1100248,1100313)
(1100248,1100323)
(1100248,1100329)
(1100248,1100335)
(1100248,1100344)
(1100248,1100348)
(1100248,1100355)
(1100248,1100361)
(1100248,1100371)
(1100248,1100377)
(1100248,1100380)
(1100248,1100383)
(1100248,1100394)
(1100248,1100401)
(1100248,1100411)
(1100248,1100421)
(1100248,1100427)
(1100248,1100434)
(1100248,1100438)
(1100248,1100445)
(1100248,1100454)
(1100248,1100464)
(1100248,1100471)
(1100248,1100482)
(1100248,1100486)
(1100248,1100501)
(1100248,1100510)
(1100248,1100516)
(1100248,1100528)
(1100248,1100540)
(1100248,1100551)
(1100248,1100557)
(1100248,1100568)
(1100248,1100572)
(1100248,1100583)
(1100248,1100594)
(1100248,1100606)
(1100248,1100611)
(1100248,1100621)
(1100248,1100635)
(1100248,1100641)
(1100248,1100648)
(1100248,1100659)
(1100248,1100665)
(1100248,1100685)
(1100248,1100692)
(1100248,1100703)
(1100248,1100714)
(1100248,1100722)
(1100248,1100734)
(1100248,1100749)
(1100248,1100751)
(1100248,1100754)
(1100248,1100761)
(1100248,1100776)
(1100251,1100263)
(1100251,1100268)
(1100251,1100275)
(1100251,1100279)
(1100251,1100289)
(1100251,1100295)
(1100251,1100304)
(1100251,1100309)
(1100251,1100313)
(1100251,1100323)
(1100251,1100329)
(1100251,1100335)
(1100251,1100344)
(1100251,1100348)
(1100251,1100355)
(1100251,1100361)
(1100251,1100371)
(1100251,1100377)
(1100251,1100380)
(1100251,1100383)
(1100251,1100394)
(1100251,1100401)
(1100251,1100411)
(1100251,1100421)
(1100251,1100427)
(1100251,1100434)
(1100251,1100438)
(1100251,1100445)
(1100251,1100454)
(1100251,1100464)
(1100251,1100471)
(1100251,1100482)
(1100251,1100486)
(1100251,1100501)
(1100251,1100510)
(1100251,1100516)
(1100251,1100528)
(1100251,1100540)
(1100251,1100551)
(1100251,1100557)
(1100251,1100568)
(1100251,1100572)
(1100251,1100583)
(1100251,1100594)
(1100251,1100606)
(1100251,1100611)
(1100251,1100621)
(1100251,1100635)
(1100251,1100641)
(1100251,1100648)
(1100251,1100659)
(1100251,1100665)
(1100251,1100685)
(1100251,1100692)
(1100251,1100703)
(1100251,1100714)
(1100251,1100722)
(1100251,1100734)
(1100251,1100749)
(1100251,1100751)
(1100251,1100754)
(1100251,1100761)
(1100251,1100776)
(1100263,1100268)
(1100263,1100275)
(1100263,1100279)
(1100263,1100289)
(1100263,1100295)
(1100263,1100304)
(1100263,1100309)
(1100263,1100313)
(1100263,1100323)
(1100263,1100329)
(1100263,1100335)
(1100263,1100344)
(1100263,1100348)
(1100263,1100355)
(1100263,1100361)
(1100263,1100371)
(1100263,1100377)
(1100263,1100380)
(1100263,1100383)
(1100263,1100394)
(1100263,1100401)
(1100263,1100411)
(1100263,1100421)
(1100263,1100427)
(1100263,1100434)
(1100263,1100438)
(1100263,1100445)
(1100263,1100454)
(1100263,1100464)
(1100263,1100471)
(1100263,1100482)
(1100263,1100486)
(1100263,1100501)
(1100263,1100510)
(1100263,1100516)
(1100263,1100528)
(1100263,1100540)
(1100263,1100551)
(1100263,1100557)
(1100263,1100568)
(1100263,1100572)
(1100263,1100583)
(1100263,1100594)
(1100263,1100606)
(1100263,1100611)
(1100263,1100621)
(1100263,1100635)
(1100263,1100641)
(1100263,1100648)
(1100263,1100659)
(1100263,1100665)
(1100263,1100685)
(1100263,1100692)
(1100263,1100703)
(1100263,1100714)
(1100263,1100722)
(1100263,1100734)
(1100263,1100749)
(1100263,1100751)
(1100263,1100754)
(1100263,1100761)
(1100263,1100776)
(1100268,1100275)
(1100268,1100279)
(1100268,1100289)
(1100268,1100295)
(1100268,1100304)
(1100268,1100309)
(1100268,1100313)
(1100268,1100323)
(1100268,1100329)
(1100268,1100335)
(1100268,1100344)
(1100268,1100348)
(1100268,1100355)
(1100268,1100361)
(1100268,1100371)
(1100268,1100377)
(1100268,1100380)
(1100268,1100383)
(1100268,1100394)
(1100268,1100401)
(1100268,1100411)
(1100268,1100421)
(1100268,1100427)
(1100268,1100434)
(1100268,1100438)
(1100268,1100445)
(1100268,1100454)
(1100268,1100464)
(1100268,1100471)
(1100268,1100482)
(1100268,1100486)
(1100268,1100501)
(1100268,1100510)
(1100268,1100516)
(1100268,1100528)
(1100268,1100540)
(1100268,1100551)
(1100268,1100557)
(1100268,1100568)
(1100268,1100572)
(1100268,1100583)
(1100268,1100594)
(1100268,1100606)
(1100268,1100611)
(1100268,1100621)
(1100268,1100635)
(1100268,1100641)
(1100268,1100648)
(1100268,1100659)
(1100268,1100665)
(1100268,1100685)
(1100268,1100692)
(1100268,1100703)
(1100268,1100714)
(1100268,1100722)
(1100268,1100734)
(1100268,1100749)
(1100268,1100751)
(1100268,1100754)
(1100268,1100761)
(1100268,1100776)
(1100275,1100279)
(1100275,1100289)
(1100275,1100295)
(1100275,1100304)
(1100275,1100309)
(1100275,1100313)
(1100275,1100323)
(1100275,1100329)
(1100275,1100335)
(1100275,1100344)
(1100275,1100348)
(1100275,1100355)
(1100275,1100361)
(1100275,1100371)
(1100275,1100377)
(1100275,1100380)
(1100275,1100383)
(1100275,1100394)
(1100275,1100401)
(1100275,1100411)
(1100275,1100421)
(1100275,1100427)
(1100275,1100434)
(1100275,1100438)
(1100275,1100445)
(1100275,1100454)
(1100275,1100464)
(1100275,1100471)
(1100275,1100482)
(1100275,1100486)
(1100275,1100501)
(1100275,1100510)
(1100275,1100516)
(1100275,1100528)
(1100275,1100540)
(1100275,1100551)
(1100275,1100557)
(1100275,1100568)
(1100275,1100572)
(1100275,1100583)
(1100275,1100594)
(1100275,1100606)
(1100275,1100611)
(1100275,1100621)
(1100275,1100635)
(1100275,1100641)
(1100275,1100648)
(1100275,1100659)
(1100275,1100665)
(1100275,1100685)
(1100275,1100692)
(1100275,1100703)
(1100275,1100714)
(1100275,1100722)
(1100275,1100734)
(1100275,1100749)
(1100275,1100751)
(1100275,1100754)
(1100275,1100761)
(1100275,1100776)
(1100279,1100289)
(1100279,1100295)
(1100279,1100304)
(1100279,1100309)
(1100279,1100313)
(1100279,1100323)
(1100279,1100329)
(1100279,1100335)
(1100279,1100344)
(1100279,1100348)
(1100279,1100355)
(1100279,1100361)
(1100279,1100371)
(1100279,1100377)
(1100279,1100380)
(1100279,1100383)
(1100279,1100394)
(1100279,1100401)
(1100279,1100411)
(1100279,1100421)
(1100279,1100427)
(1100279,1100434)
(1100279,1100438)
(1100279,1100445)
(1100279,1100454)
(1100279,1100464)
(1100279,1100471)
(1100279,1100482)
(1100279,1100486)
(1100279,1100501)
(1100279,1100510)
(1100279,1100516)
(1100279,1100528)
(1100279,1100540)
(1100279,1100551)
(1100279,1100557)
(1100279,1100568)
(1100279,1100572)
(1100279,1100583)
(1100279,1100594)
(1100279,1100606)
(1100279,1100611)
(1100279,1100621)
(1100279,1100635)
(1100279,1100641)
(1100279,1100648)
(1100279,1100659)
(1100279,1100665)
(1100279,1100685)
(1100279,1100692)
(1100279,1100703)
(1100279,1100714)
(1100279,1100722)
(1100279,1100734)
(1100279,1100749)
(1100279,1100751)
(1100279,1100754)
(1100279,1100761)
(1100279,1100776)
(1100289,1100295)
(1100289,1100304)
(1100289,1100309)
(1100289,1100313)
(1100289,1100323)
(1100289,1100329)
(1100289,1100335)
(1100289,1100344)
(1100289,1100348)
(1100289,1100355)
(1100289,1100361)
(1100289,1100371)
(1100289,1100377)
(1100289,1100380)
(1100289,1100383)
(1100289,1100394)
(1100289,1100401)
(1100289,1100411)
(1100289,1100421)
(1100289,1100427)
(1100289,1100434)
(1100289,1100438)
(1100289,1100445)
(1100289,1100454)
(1100289,1100464)
(1100289,1100471)
(1100289,1100482)
(1100289,1100486)
(1100289,1100501)
(1100289,1100510)
(1100289,1100516)
(1100289,1100528)
(1100289,1100540)
(1100289,1100551)
(1100289,1100557)
(1100289,1100568)
(1100289,1100572)
(1100289,1100583)
(1100289,1100594)
(1100289,1100606)
(1100289,1100611)
(1100289,1100621)
(1100289,1100635)
(1100289,1100641)
(1100289,1100648)
(1100289,1100659)
(1100289,1100665)
(1100289,1100685)
(1100289,1100692)
(1100289,1100703)
(1100289,1100714)
(1100289,1100722)
(1100289,1100734)
(1100289,1100749)
(1100289,1100751)
(1100289,1100754)
(1100289,1100761)
(1100289,1100776)
(1100295,1100304)
(1100295,1100309)
(1100295,1100313)
(1100295,1100323)
(1100295,1100329)
(1100295,1100335)
(1100295,1100344)
(1100295,1100348)
(1100295,1100355)
(1100295,1100361)
(1100295,1100371)
(1100295,1100377)
(1100295,1100380)
(1100295,1100383)
(1100295,1100394)
(1100295,1100401)
(1100295,1100411)
(1100295,1100421)
(1100295,1100427)
(1100295,1100434)
(1100295,1100438)
(1100295,1100445)
(1100295,1100454)
(1100295,1100464)
(1100295,1100471)
(1100295,1100482)
(1100295,1100486)
(1100295,1100501)
(1100295,1100510)
(1100295,1100516)
(1100295,1100528)
(1100295,1100540)
(1100295,1100551)
(1100295,1100557)
(1100295,1100568)
(1100295,1100572)
(1100295,1100583)
(1100295,1100594)
(1100295,1100606)
(1100295,1100611)
(1100295,1100621)
(1100295,1100635)
(1100295,1100641)
(1100295,1100648)
(1100295,1100659)
(1100295,1100665)
(1100295,1100685)
(1100295,1100692)
(1100295,1100703)
(1100295,1100714)
(1100295,1100722)
(1100295,1100734)
(1100295,1100749)
(1100295,1100751)
(1100295,1100754)
(1100295,1100761)
(1100295,1100776)
(1100304,1100309)
(1100304,1100313)
(1100304,1100323)
(1100304,1100329)
(1100304,1100335)
(1100304,1100344)
(1100304,1100348)
(1100304,1100355)
(1100304,1100361)
(1100304,1100371)
(1100304,1100377)
(1100304,1100380)
(1100304,1100383)
(1100304,1100394)
(1100304,1100401)
(1100304,1100411)
(1100304,1100421)
(1100304,1100427)
(1100304,1100434)
(1100304,1100438)
(1100304,1100445)
(1100304,1100454)
(1100304,1100464)
(1100304,1100471)
(1100304,1100482)
(1100304,1100486)
(1100304,1100501)
(1100304,1100510)
(1100304,1100516)
(1100304,1100528)
(1100304,1100540)
(1100304,1100551)
(1100304,1100557)
(1100304,1100568)
(1100304,1100572)
(1100304,1100583)
(1100304,1100594)
(1100304,1100606)
(1100304,1100611)
(1100304,1100621)
(1100304,1100635)
(1100304,1100641)
(1100304,1100648)
(1100304,1100659)
(1100304,1100665)
(1100304,1100685)
(1100304,1100692)
(1100304,1100703)
(1100304,1100714)
(1100304,1100722)
(1100304,1100734)
(1100304,1100749)
(1100304,1100751)
(1100304,1100754)
(1100304,1100761)
(1100304,1100776)
(1100309,1100313)
(1100309,1100323)
(1100309,1100329)
(1100309,1100335)
(1100309,1100344)
(1100309,1100348)
(1100309,1100355)
(1100309,1100361)
(1100309,1100371)
(1100309,1100377)
(1100309,1100380)
(1100309,1100383)
(1100309,1100394)
(1100309,1100401)
(1100309,1100411)
(1100309,1100421)
(1100309,1100427)
(1100309,1100434)
(1100309,1100438)
(1100309,1100445)
(1100309,1100454)
(1100309,1100464)
(1100309,1100471)
(1100309,1100482)
(1100309,1100486)
(1100309,1100501)
(1100309,1100510)
(1100309,1100516)
(1100309,1100528)
(1100309,1100540)
(1100309,1100551)
(1100309,1100557)
(1100309,1100568)
(1100309,1100572)
(1100309,1100583)
(1100309,1100594)
(1100309,1100606)
(1100309,1100611)
(1100309,1100621)
(1100309,1100635)
(1100309,1100641)
(1100309,1100648)
(1100309,1100659)
(1100309,1100665)
(1100309,1100685)
(1100309,1100692)
(1100309,1100703)
(1100309,1100714)
(1100309,1100722)
(1100309,1100734)
(1100309,1100749)
(1100309,1100751)
(1100309,1100754)
(1100309,1100761)
(1100309,1100776)
(1100313,1100323)
(1100313,1100329)
(1100313,1100335)
(1100313,1100344)
(1100313,1100348)
(1100313,1100355)
(1100313,1100361)
(1100313,1100371)
(1100313,1100377)
(1100313,1100380)
(1100313,1100383)
(1100313,1100394)
(1100313,1100401)
(1100313,1100411)
(1100313,1100421)
(1100313,1100427)
(1100313,1100434)
(1100313,1100438)
(1100313,1100445)
(1100313,1100454)
(1100313,1100464)
(1100313,1100471)
(1100313,1100482)
(1100313,1100486)
(1100313,1100501)
(1100313,1100510)
(1100313,1100516)
(1100313,1100528)
(1100313,1100540)
(1100313,1100551)
(1100313,1100557)
(1100313,1100568)
(1100313,1100572)
(1100313,1100583)
(1100313,1100594)
(1100313,1100606)
(1100313,1100611)
(1100313,1100621)
(1100313,1100635)
(1100313,1100641)
(1100313,1100648)
(1100313,1100659)
(1100313,1100665)
(1100313,1100685)
(1100313,1100692)
(1100313,1100703)
(1100313,1100714)
(1100313,1100722)
(1100313,1100734)
(1100313,1100749)
(1100313,1100751)
(1100313,1100754)
(1100313,1100761)
(1100313,1100776)
(1100323,1100329)
(1100323,1100335)
(1100323,1100344)
(1100323,1100348)
(1100323,1100355)
(1100323,1100361)
(1100323,1100371)
(1100323,1100377)
(1100323,1100380)
(1100323,1100383)
(1100323,1100394)
(1100323,1100401)
(1100323,1100411)
(1100323,1100421)
(1100323,1100427)
(1100323,1100434)
(1100323,1100438)
(1100323,1100445)
(1100323,1100454)
(1100323,1100464)
(1100323,1100471)
(1100323,1100482)
(1100323,1100486)
(1100323,1100501)
(1100323,1100510)
(1100323,1100516)
(1100323,1100528)
(1100323,1100540)
(1100323,1100551)
(1100323,1100557)
(1100323,1100568)
(1100323,1100572)
(1100323,1100583)
(1100323,1100594)
(1100323,1100606)
(1100323,1100611)
(1100323,1100621)
(1100323,1100635)
(1100323,1100641)
(1100323,1100648)
(1100323,1100659)
(1100323,1100665)
(1100323,1100685)
(1100323,1100692)
(1100323,1100703)
(1100323,1100714)
(1100323,1100722)
(1100323,1100734)
(1100323,1100749)
(1100323,1100751)
(1100323,1100754)
(1100323,1100761)
(1100323,1100776)
(1100329,1100335)
(1100329,1100344)
(1100329,1100348)
(1100329,1100355)
(1100329,1100361)
(1100329,1100371)
(1100329,1100377)
(1100329,1100380)
(1100329,1100383)
(1100329,1100394)
(1100329,1100401)
(1100329,1100411)
(1100329,1100421)
(1100329,1100427)
(1100329,1100434)
(1100329,1100438)
(1100329,1100445)
(1100329,1100454)
(1100329,1100464)
(1100329,1100471)
(1100329,1100482)
(1100329,1100486)
(1100329,1100501)
(1100329,1100510)
(1100329,1100516)
(1100329,1100528)
(1100329,1100540)
(1100329,1100551)
(1100329,1100557)
(1100329,1100568)
(1100329,1100572)
(1100329,1100583)
(1100329,1100594)
(1100329,1100606)
(1100329,1100611)
(1100329,1100621)
(1100329,1100635)
(1100329,1100641)
(1100329,1100648)
(1100329,1100659)
(1100329,1100665)
(1100329,1100685)
(1100329,1100692)
(1100329,1100703)
(1100329,1100714)
(1100329,1100722)
(1100329,1100734)
(1100329,1100749)
(1100329,1100751)
(1100329,1100754)
(1100329,1100761)
(1100329,1100776)
(1100335,1100344)
(1100335,1100348)
(1100335,1100355)
(1100335,1100361)
(1100335,1100371)
(1100335,1100377)
(1100335,1100380)
(1100335,1100383)
(1100335,1100394)
(1100335,1100401)
(1100335,1100411)
(1100335,1100421)
(1100335,1100427)
(1100335,1100434)
(1100335,1100438)
(1100335,1100445)
(1100335,1100454)
(1100335,1100464)
(1100335,1100471)
(1100335,1100482)
(1100335,1100486)
(1100335,1100501)
(1100335,1100510)
(1100335,1100516)
(1100335,1100528)
(1100335,1100540)
(1100335,1100551)
(1100335,1100557)
(1100335,1100568)
(1100335,1100572)
(1100335,1100583)
(1100335,1100594)
(1100335,1100606)
(1100335,1100611)
(1100335,1100621)
(1100335,1100635)
(1100335,1100641)
(1100335,1100648)
(1100335,1100659)
(1100335,1100665)
(1100335,1100685)
(1100335,1100692)
(1100335,1100703)
(1100335,1100714)
(1100335,1100722)
(1100335,1100734)
(1100335,1100749)
(1100335,1100751)
(1100335,1100754)
(1100335,1100761)
(1100335,1100776)
(1100344,1100348)
(1100344,1100355)
(1100344,1100361)
(1100344,1100371)
(1100344,1100377)
(1100344,1100380)
(1100344,1100383)
(1100344,1100394)
(1100344,1100401)
(1100344,1100411)
(1100344,1100421)
(1100344,1100427)
(1100344,1100434)
(1100344,1100438)
(1100344,1100445)
(1100344,1100454)
(1100344,1100464)
(1100344,1100471)
(1100344,1100482)
(1100344,1100486)
(1100344,1100501)
(1100344,1100510)
(1100344,1100516)
(1100344,1100528)
(1100344,1100540)
(1100344,1100551)
(1100344,1100557)
(1100344,1100568)
(1100344,1100572)
(1100344,1100583)
(1100344,1100594)
(1100344,1100606)
(1100344,1100611)
(1100344,1100621)
(1100344,1100635)
(1100344,1100641)
(1100344,1100648)
(1100344,1100659)
(1100344,1100665)
(1100344,1100685)
(1100344,1100692)
(1100344,1100703)
(1100344,1100714)
(1100344,1100722)
(1100344,1100734)
(1100344,1100749)
(1100344,1100751)
(1100344,1100754)
(1100344,1100761)
(1100344,1100776)
(1100348,1100355)
(1100348,1100361)
(1100348,1100371)
(1100348,1100377)
(1100348,1100380)
(1100348,1100383)
(1100348,1100394)
(1100348,1100401)
(1100348,1100411)
(1100348,1100421)
(1100348,1100427)
(1100348,1100434)
(1100348,1100438)
(1100348,1100445)
(1100348,1100454)
(1100348,1100464)
(1100348,1100471)
(1100348,1100482)
(1100348,1100486)
(1100348,1100501)
(1100348,1100510)
(1100348,1100516)
(1100348,1100528)
(1100348,1100540)
(1100348,1100551)
(1100348,1100557)
(1100348,1100568)
(1100348,1100572)
(1100348,1100583)
(1100348,1100594)
(1100348,1100606)
(1100348,1100611)
(1100348,1100621)
(1100348,1100635)
(1100348,1100641)
(1100348,1100648)
(1100348,1100659)
(1100348,1100665)
(1100348,1100685)
(1100348,1100692)
(1100348,1100703)
(1100348,1100714)
(1100348,1100722)
(1100348,1100734)
(1100348,1100749)
(1100348,1100751)
(1100348,1100754)
(1100348,1100761)
(1100348,1100776)
(1100355,1100361)
(1100355,1100371)
(1100355,1100377)
(1100355,1100380)
(1100355,1100383)
(1100355,1100394)
(1100355,1100401)
(1100355,1100411)
(1100355,1100421)
(1100355,1100427)
(1100355,1100434)
(1100355,1100438)
(1100355,1100445)
(1100355,1100454)
(1100355,1100464)
(1100355,1100471)
(1100355,1100482)
(1100355,1100486)
(1100355,1100501)
(1100355,1100510)
(1100355,1100516)
(1100355,1100528)
(1100355,1100540)
(1100355,1100551)
(1100355,1100557)
(1100355,1100568)
(1100355,1100572)
(1100355,1100583)
(1100355,1100594)
(1100355,1100606)
(1100355,1100611)
(1100355,1100621)
(1100355,1100635)
(1100355,1100641)
(1100355,1100648)
(1100355,1100659)
(1100355,1100665)
(1100355,1100685)
(1100355,1100692)
(1100355,1100703)
(1100355,1100714)
(1100355,1100722)
(1100355,1100734)
(1100355,1100749)
(1100355,1100751)
(1100355,1100754)
(1100355,1100761)
(1100355,1100776)
(1100361,1100371)
(1100361,1100377)
(1100361,1100380)
(1100361,1100383)
(1100361,1100394)
(1100361,1100401)
(1100361,1100411)
(1100361,1100421)
(1100361,1100427)
(1100361,1100434)
(1100361,1100438)
(1100361,1100445)
(1100361,1100454)
(1100361,1100464)
(1100361,1100471)
(1100361,1100482)
(1100361,1100486)
(1100361,1100501)
(1100361,1100510)
(1100361,1100516)
(1100361,1100528)
(1100361,1100540)
(1100361,1100551)
(1100361,1100557)
(1100361,1100568)
(1100361,1100572)
(1100361,1100583)
(1100361,1100594)
(1100361,1100606)
(1100361,1100611)
(1100361,1100621)
(1100361,1100635)
(1100361,1100641)
(1100361,1100648)
(1100361,1100659)
(1100361,1100665)
(1100361,1100685)
(1100361,1100692)
(1100361,1100703)
(1100361,1100714)
(1100361,1100722)
(1100361,1100734)
(1100361,1100749)
(1100361,1100751)
(1100361,1100754)
(1100361,1100761)
(1100361,1100776)
(1100371,1100377)
(1100371,1100380)
(1100371,1100383)
(1100371,1100394)
(1100371,1100401)
(1100371,1100411)
(1100371,1100421)
(1100371,1100427)
(1100371,1100434)
(1100371,1100438)
(1100371,1100445)
(1100371,1100454)
(1100371,1100464)
(1100371,1100471)
(1100371,1100482)
(1100371,1100486)
(1100371,1100501)
(1100371,1100510)
(1100371,1100516)
(1100371,1100528)
(1100371,1100540)
(1100371,1100551)
(1100371,1100557)
(1100371,1100568)
(1100371,1100572)
(1100371,1100583)
(1100371,1100594)
(1100371,1100606)
(1100371,1100611)
(1100371,1100621)
(1100371,1100635)
(1100371,1100641)
(1100371,1100648)
(1100371,1100659)
(1100371,1100665)
(1100371,1100685)
(1100371,1100692)
(1100371,1100703)
(1100371,1100714)
(1100371,1100722)
(1100371,1100734)
(1100371,1100749)
(1100371,1100751)
(1100371,1100754)
(1100371,1100761)
(1100371,1100776)
(1100377,1100380)
(1100377,1100383)
(1100377,1100394)
(1100377,1100401)
(1100377,1100411)
(1100377,1100421)
(1100377,1100427)
(1100377,1100434)
(1100377,1100438)
(1100377,1100445)
(1100377,1100454)
(1100377,1100464)
(1100377,1100471)
(1100377,1100482)
(1100377,1100486)
(1100377,1100501)
(1100377,1100510)
(1100377,1100516)
(1100377,1100528)
(1100377,1100540)
(1100377,1100551)
(1100377,1100557)
(1100377,1100568)
(1100377,1100572)
(1100377,1100583)
(1100377,1100594)
(1100377,1100606)
(1100377,1100611)
(1100377,1100621)
(1100377,1100635)
(1100377,1100641)
(1100377,1100648)
(1100377,1100659)
(1100377,1100665)
(1100377,1100685)
(1100377,1100692)
(1100377,1100703)
(1100377,1100714)
(1100377,1100722)
(1100377,1100734)
(1100377,1100749)
(1100377,1100751)
(1100377,1100754)
(1100377,1100761)
(1100377,1100776)
(1100380,1100383)
(1100380,1100394)
(1100380,1100401)
(1100380,1100411)
(1100380,1100421)
(1100380,1100427)
(1100380,1100434)
(1100380,1100438)
(1100380,1100445)
(1100380,1100454)
(1100380,1100464)
(1100380,1100471)
(1100380,1100482)
(1100380,1100486)
(1100380,1100501)
(1100380,1100510)
(1100380,1100516)
(1100380,1100528)
(1100380,1100540)
(1100380,1100551)
(1100380,1100557)
(1100380,1100568)
(1100380,1100572)
(1100380,1100583)
(1100380,1100594)
(1100380,1100606)
(1100380,1100611)
(1100380,1100621)
(1100380,1100635)
(1100380,1100641)
(1100380,1100648)
(1100380,1100659)
(1100380,1100665)
(1100380,1100685)
(1100380,1100692)
(1100380,1100703)
(1100380,1100714)
(1100380,1100722)
(1100380,1100734)
(1100380,1100749)
(1100380,1100751)
(1100380,1100754)
(1100380,1100761)
(1100380,1100776)
(1100383,1100394)
(1100383,1100401)
(1100383,1100411)
(1100383,1100421)
(1100383,1100427)
(1100383,1100434)
(1100383,1100438)
(1100383,1100445)
(1100383,1100454)
(1100383,1100464)
(1100383,1100471)
(1100383,1100482)
(1100383,1100486)
(1100383,1100501)
(1100383,1100510)
(1100383,1100516)
(1100383,1100528)
(1100383,1100540)
(1100383,1100551)
(1100383,1100557)
(1100383,1100568)
(1100383,1100572)
(1100383,1100583)
(1100383,1100594)
(1100383,1100606)
(1100383,1100611)
(1100383,1100621)
(1100383,1100635)
(1100383,1100641)
(1100383,1100648)
(1100383,1100659)
(1100383,1100665)
(1100383,1100685)
(1100383,1100692)
(1100383,1100703)
(1100383,1100714)
(1100383,1100722)
(1100383,1100734)
(1100383,1100749)
(1100383,1100751)
(1100383,1100754)
(1100383,1100761)
(1100383,1100776)
(1100394,1100401)
(1100394,1100411)
(1100394,1100421)
(1100394,1100427)
(1100394,1100434)
(1100394,1100438)
(1100394,1100445)
(1100394,1100454)
(1100394,1100464)
(1100394,1100471)
(1100394,1100482)
(1100394,1100486)
(1100394,1100501)
(1100394,1100510)
(1100394,1100516)
(1100394,1100528)
(1100394,1100540)
(1100394,1100551)
(1100394,1100557)
(1100394,1100568)
(1100394,1100572)
(1100394,1100583)
(1100394,1100594)
(1100394,1100606)
(1100394,1100611)
(1100394,1100621)
(1100394,1100635)
(1100394,1100641)
(1100394,1100648)
(1100394,1100659)
(1100394,1100665)
(1100394,1100685)
(1100394,1100692)
(1100394,1100703)
(1100394,1100714)
(1100394,1100722)
(1100394,1100734)
(1100394,1100749)
(1100394,1100751)
(1100394,1100754)
(1100394,1100761)
(1100394,1100776)
(1100401,1100411)
(1100401,1100421)
(1100401,1100427)
(1100401,1100434)
(1100401,1100438)
(1100401,1100445)
(1100401,1100454)
(1100401,1100464)
(1100401,1100471)
(1100401,1100482)
(1100401,1100486)
(1100401,1100501)
(1100401,1100510)
(1100401,1100516)
(1100401,1100528)
(1100401,1100540)
(1100401,1100551)
(1100401,1100557)
(1100401,1100568)
(1100401,1100572)
(1100401,1100583)
(1100401,1100594)
(1100401,1100606)
(1100401,1100611)
(1100401,1100621)
(1100401,1100635)
(1100401,1100641)
(1100401,1100648)
(1100401,1100659)
(1100401,1100665)
(1100401,1100685)
(1100401,1100692)
(1100401,1100703)
(1100401,1100714)
(1100401,1100722)
(1100401,1100734)
(1100401,1100749)
(1100401,1100751)
(1100401,1100754)
(1100401,1100761)
(1100401,1100776)
(1100411,1100421)
(1100411,1100427)
(1100411,1100434)
(1100411,1100438)
(1100411,1100445)
(1100411,1100454)
(1100411,1100464)
(1100411,1100471)
(1100411,1100482)
(1100411,1100486)
(1100411,1100501)
(1100411,1100510)
(1100411,1100516)
(1100411,1100528)
(1100411,1100540)
(1100411,1100551)
(1100411,1100557)
(1100411,1100568)
(1100411,1100572)
(1100411,1100583)
(1100411,1100594)
(1100411,1100606)
(1100411,1100611)
(1100411,1100621)
(1100411,1100635)
(1100411,1100641)
(1100411,1100648)
(1100411,1100659)
(1100411,1100665)
(1100411,1100685)
(1100411,1100692)
(1100411,1100703)
(1100411,1100714)
(1100411,1100722)
(1100411,1100734)
(1100411,1100749)
(1100411,1100751)
(1100411,1100754)
(1100411,1100761)
(1100411,1100776)
(1100421,1100427)
(1100421,1100434)
(1100421,1100438)
(1100421,1100445)
(1100421,1100454)
(1100421,1100464)
(1100421,1100471)
(1100421,1100482)
(1100421,1100486)
(1100421,1100501)
(1100421,1100510)
(1100421,1100516)
(1100421,1100528)
(1100421,1100540)
(1100421,1100551)
(1100421,1100557)
(1100421,1100568)
(1100421,1100572)
(1100421,1100583)
(1100421,1100594)
(1100421,1100606)
(1100421,1100611)
(1100421,1100621)
(1100421,1100635)
(1100421,1100641)
(1100421,1100648)
(1100421,1100659)
(1100421,1100665)
(1100421,1100685)
(1100421,1100692)
(1100421,1100703)
(1100421,1100714)
(1100421,1100722)
(1100421,1100734)
(1100421,1100749)
(1100421,1100751)
(1100421,1100754)
(1100421,1100761)
(1100421,1100776)
(1100427,1100434)
(1100427,1100438)
(1100427,1100445)
(1100427,1100454)
(1100427,1100464)
(1100427,1100471)
(1100427,1100482)
(1100427,1100486)
(1100427,1100501)
(1100427,1100510)
(1100427,1100516)
(1100427,1100528)
(1100427,1100540)
(1100427,1100551)
(1100427,1100557)
(1100427,1100568)
(1100427,1100572)
(1100427,1100583)
(1100427,1100594)
(1100427,1100606)
(1100427,1100611)
(1100427,1100621)
(1100427,1100635)
(1100427,1100641)
(1100427,1100648)
(1100427,1100659)
(1100427,1100665)
(1100427,1100685)
(1100427,1100692)
(1100427,1100703)
(1100427,1100714)
(1100427,1100722)
(1100427,1100734)
(1100427,1100749)
(1100427,1100751)
(1100427,1100754)
(1100427,1100761)
(1100427,1100776)
(1100434,1100438)
(1100434,1100445)
(1100434,1100454)
(1100434,1100464)
(1100434,1100471)
(1100434,1100482)
(1100434,1100486)
(1100434,1100501)
(1100434,1100510)
(1100434,1100516)
(1100434,1100528)
(1100434,1100540)
(1100434,1100551)
(1100434,1100557)
(1100434,1100568)
(1100434,1100572)
(1100434,1100583)
(1100434,1100594)
(1100434,1100606)
(1100434,1100611)
(1100434,1100621)
(1100434,1100635)
(1100434,1100641)
(1100434,1100648)
(1100434,1100659)
(1100434,1100665)
(1100434,1100685)
(1100434,1100692)
(1100434,1100703)
(1100434,1100714)
(1100434,1100722)
(1100434,1100734)
(1100434,1100749)
(1100434,1100751)
(1100434,1100754)
(1100434,1100761)
(1100434,1100776)
(1100438,1100445)
(1100438,1100454)
(1100438,1100464)
(1100438,1100471)
(1100438,1100482)
(1100438,1100486)
(1100438,1100501)
(1100438,1100510)
(1100438,1100516)
(1100438,1100528)
(1100438,1100540)
(1100438,1100551)
(1100438,1100557)
(1100438,1100568)
(1100438,1100572)
(1100438,1100583)
(1100438,1100594)
(1100438,1100606)
(1100438,1100611)
(1100438,1100621)
(1100438,1100635)
(1100438,1100641)
(1100438,1100648)
(1100438,1100659)
(1100438,1100665)
(1100438,1100685)
(1100438,1100692)
(1100438,1100703)
(1100438,1100714)
(1100438,1100722)
(1100438,1100734)
(1100438,1100749)
(1100438,1100751)
(1100438,1100754)
(1100438,1100761)
(1100438,1100776)
(1100445,1100454)
(1100445,1100464)
(1100445,1100471)
(1100445,1100482)
(1100445,1100486)
(1100445,1100501)
(1100445,1100510)
(1100445,1100516)
(1100445,1100528)
(1100445,1100540)
(1100445,1100551)
(1100445,1100557)
(1100445,1100568)
(1100445,1100572)
(1100445,1100583)
(1100445,1100594)
(1100445,1100606)
(1100445,1100611)
(1100445,1100621)
(1100445,1100635)
(1100445,1100641)
(1100445,1100648)
(1100445,1100659)
(1100445,1100665)
(1100445,1100685)
(1100445,1100692)
(1100445,1100703)
(1100445,1100714)
(1100445,1100722)
(1100445,1100734)
(1100445,1100749)
(1100445,1100751)
(1100445,1100754)
(1100445,1100761)
(1100445,1100776)
(1100454,1100464)
(1100454,1100471)
(1100454,1100482)
(1100454,1100486)
(1100454,1100501)
(1100454,1100510)
(1100454,1100516)
(1100454,1100528)
(1100454,1100540)
(1100454,1100551)
(1100454,1100557)
(1100454,1100568)
(1100454,1100572)
(1100454,1100583)
(1100454,1100594)
(1100454,1100606)
(1100454,1100611)
(1100454,1100621)
(1100454,1100635)
(1100454,1100641)
(1100454,1100648)
(1100454,1100659)
(1100454,1100665)
(1100454,1100685)
(1100454,1100692)
(1100454,1100703)
(1100454,1100714)
(1100454,1100722)
(1100454,1100734)
(1100454,1100749)
(1100454,1100751)
(1100454,1100754)
(1100454,1100761)
(1100454,1100776)
(1100464,1100471)
(1100464,1100482)
(1100464,1100486)
(1100464,1100501)
(1100464,1100510)
(1100464,1100516)
(1100464,1100528)
(1100464,1100540)
(1100464,1100551)
(1100464,1100557)
(1100464,1100568)
(1100464,1100572)
(1100464,1100583)
(1100464,1100594)
(1100464,1100606)
(1100464,1100611)
(1100464,1100621)
(1100464,1100635)
(1100464,1100641)
(1100464,1100648)
(1100464,1100659)
(1100464,1100665)
(1100464,1100685)
(1100464,1100692)
(1100464,1100703)
(1100464,1100714)
(1100464,1100722)
(1100464,1100734)
(1100464,1100749)
(1100464,1100751)
(1100464,1100754)
(1100464,1100761)
(1100464,1100776)
(1100471,1100482)
(1100471,1100486)
(1100471,1100501)
(1100471,1100510)
(1100471,1100516)
(1100471,1100528)
(1100471,1100540)
(1100471,1100551)
(1100471,1100557)
(1100471,1100568)
(1100471,1100572)
(1100471,1100583)
(1100471,1100594)
(1100471,1100606)
(1100471,1100611)
(1100471,1100621)
(1100471,1100635)
(1100471,1100641)
(1100471,1100648)
(1100471,1100659)
(1100471,1100665)
(1100471,1100685)
(1100471,1100692)
(1100471,1100703)
(1100471,1100714)
(1100471,1100722)
(1100471,1100734)
(1100471,1100749)
(1100471,1100751)
(1100471,1100754)
(1100471,1100761)
(1100471,1100776)
(1100482,1100486)
(1100482,1100501)
(1100482,1100510)
(1100482,1100516)
(1100482,1100528)
(1100482,1100540)
(1100482,1100551)
(1100482,1100557)
(1100482,1100568)
(1100482,1100572)
(1100482,1100583)
(1100482,1100594)
(1100482,1100606)
(1100482,1100611)
(1100482,1100621)
(1100482,1100635)
(1100482,1100641)
(1100482,1100648)
(1100482,1100659)
(1100482,1100665)
(1100482,1100685)
(1100482,1100692)
(1100482,1100703)
(1100482,1100714)
(1100482,1100722)
(1100482,1100734)
(1100482,1100749)
(1100482,1100751)
(1100482,1100754)
(1100482,1100761)
(1100482,1100776)
(1100486,1100501)
(1100486,1100510)
(1100486,1100516)
(1100486,1100528)
(1100486,1100540)
(1100486,1100551)
(1100486,1100557)
(1100486,1100568)
(1100486,1100572)
(1100486,1100583)
(1100486,1100594)
(1100486,1100606)
(1100486,1100611)
(1100486,1100621)
(1100486,1100635)
(1100486,1100641)
(1100486,1100648)
(1100486,1100659)
(1100486,1100665)
(1100486,1100685)
(1100486,1100692)
(1100486,1100703)
(1100486,1100714)
(1100486,1100722)
(1100486,1100734)
(1100486,1100749)
(1100486,1100751)
(1100486,1100754)
(1100486,1100761)
(1100486,1100776)
(1100501,1100510)
(1100501,1100516)
(1100501,1100528)
(1100501,1100540)
(1100501,1100551)
(1100501,1100557)
(1100501,1100568)
(1100501,1100572)
(1100501,1100583)
(1100501,1100594)
(1100501,1100606)
(1100501,1100611)
(1100501,1100621)
(1100501,1100635)
(1100501,1100641)
(1100501,1100648)
(1100501,1100659)
(1100501,1100665)
(1100501,1100685)
(1100501,1100692)
(1100501,1100703)
(1100501,1100714)
(1100501,1100722)
(1100501,1100734)
(1100501,1100749)
(1100501,1100751)
(1100501,1100754)
(1100501,1100761)
(1100501,1100776)
(1100510,1100516)
(1100510,1100528)
(1100510,1100540)
(1100510,1100551)
(1100510,1100557)
(1100510,1100568)
(1100510,1100572)
(1100510,1100583)
(1100510,1100594)
(1100510,1100606)
(1100510,1100611)
(1100510,1100621)
(1100510,1100635)
(1100510,1100641)
(1100510,1100648)
(1100510,1100659)
(1100510,1100665)
(1100510,1100685)
(1100510,1100692)
(1100510,1100703)
(1100510,1100714)
(1100510,1100722)
(1100510,1100734)
(1100510,1100749)
(1100510,1100751)
(1100510,1100754)
(1100510,1100761)
(1100510,1100776)
(1100516,1100528)
(1100516,1100540)
(1100516,1100551)
(1100516,1100557)
(1100516,1100568)
(1100516,1100572)
(1100516,1100583)
(1100516,1100594)
(1100516,1100606)
(1100516,1100611)
(1100516,1100621)
(1100516,1100635)
(1100516,1100641)
(1100516,1100648)
(1100516,1100659)
(1100516,1100665)
(1100516,1100685)
(1100516,1100692)
(1100516,1100703)
(1100516,1100714)
(1100516,1100722)
(1100516,1100734)
(1100516,1100749)
(1100516,1100751)
(1100516,1100754)
(1100516,1100761)
(1100516,1100776)
(1100528,1100540)
(1100528,1100551)
(1100528,1100557)
(1100528,1100568)
(1100528,1100572)
(1100528,1100583)
(1100528,1100594)
(1100528,1100606)
(1100528,1100611)
(1100528,1100621)
(1100528,1100635)
(1100528,1100641)
(1100528,1100648)
(1100528,1100659)
(1100528,1100665)
(1100528,1100685)
(1100528,1100692)
(1100528,1100703)
(1100528,1100714)
(1100528,1100722)
(1100528,1100734)
(1100528,1100749)
(1100528,1100751)
(1100528,1100754)
(1100528,1100761)
(1100528,1100776)
(1100540,1100551)
(1100540,1100557)
(1100540,1100568)
(1100540,1100572)
(1100540,1100583)
(1100540,1100594)
(1100540,1100606)
(1100540,1100611)
(1100540,1100621)
(1100540,1100635)
(1100540,1100641)
(1100540,1100648)
(1100540,1100659)
(1100540,1100665)
(1100540,1100685)
(1100540,1100692)
(1100540,1100703)
(1100540,1100714)
(1100540,1100722)
(1100540,1100734)
(1100540,1100749)
(1100540,1100751)
(1100540,1100754)
(1100540,1100761)
(1100540,1100776)
(1100551,1100557)
(1100551,1100568)
(1100551,1100572)
(1100551,1100583)
(1100551,1100594)
(1100551,1100606)
(1100551,1100611)
(1100551,1100621)
(1100551,1100635)
(1100551,1100641)
(1100551,1100648)
(1100551,1100659)
(1100551,1100665)
(1100551,1100685)
(1100551,1100692)
(1100551,1100703)
(1100551,1100714)
(1100551,1100722)
(1100551,1100734)
(1100551,1100749)
(1100551,1100751)
(1100551,1100754)
(1100551,1100761)
(1100551,1100776)
(1100557,1100568)
(1100557,1100572)
(1100557,1100583)
(1100557,1100594)
(1100557,1100606)
(1100557,1100611)
(1100557,1100621)
(1100557,1100635)
(1100557,1100641)
(1100557,1100648)
(1100557,1100659)
(1100557,1100665)
(1100557,1100685)
(1100557,1100692)
(1100557,1100703)
(1100557,1100714)
(1100557,1100722)
(1100557,1100734)
(1100557,1100749)
(1100557,1100751)
(1100557,1100754)
(1100557,1100761)
(1100557,1100776)
(1100568,1100572)
(1100568,1100583)
(1100568,1100594)
(1100568,1100606)
(1100568,1100611)
(1100568,1100621)
(1100568,1100635)
(1100568,1100641)
(1100568,1100648)
(1100568,1100659)
(1100568,1100665)
(1100568,1100685)
(1100568,1100692)
(1100568,1100703)
(1100568,1100714)
(1100568,1100722)
(1100568,1100734)
(1100568,1100749)
(1100568,1100751)
(1100568,1100754)
(1100568,1100761)
(1100568,1100776)
(1100572,1100583)
(1100572,1100594)
(1100572,1100606)
(1100572,1100611)
(1100572,1100621)
(1100572,1100635)
(1100572,1100641)
(1100572,1100648)
(1100572,1100659)
(1100572,1100665)
(1100572,1100685)
(1100572,1100692)
(1100572,1100703)
(1100572,1100714)
(1100572,1100722)
(1100572,1100734)
(1100572,1100749)
(1100572,1100751)
(1100572,1100754)
(1100572,1100761)
(1100572,1100776)
(1100583,1100594)
(1100583,1100606)
(1100583,1100611)
(1100583,1100621)
(1100583,1100635)
(1100583,1100641)
(1100583,1100648)
(1100583,1100659)
(1100583,1100665)
(1100583,1100685)
(1100583,1100692)
(1100583,1100703)
(1100583,1100714)
(1100583,1100722)
(1100583,1100734)
(1100583,1100749)
(1100583,1100751)
(1100583,1100754)
(1100583,1100761)
(1100583,1100776)
(1100594,1100606)
(1100594,1100611)
(1100594,1100621)
(1100594,1100635)
(1100594,1100641)
(1100594,1100648)
(1100594,1100659)
(1100594,1100665)
(1100594,1100685)
(1100594,1100692)
(1100594,1100703)
(1100594,1100714)
(1100594,1100722)
(1100594,1100734)
(1100594,1100749)
(1100594,1100751)
(1100594,1100754)
(1100594,1100761)
(1100594,1100776)
(1100606,1100611)
(1100606,1100621)
(1100606,1100635)
(1100606,1100641)
(1100606,1100648)
(1100606,1100659)
(1100606,1100665)
(1100606,1100685)
(1100606,1100692)
(1100606,1100703)
(1100606,1100714)
(1100606,1100722)
(1100606,1100734)
(1100606,1100749)
(1100606,1100751)
(1100606,1100754)
(1100606,1100761)
(1100606,1100776)
(1100611,1100621)
(1100611,1100635)
(1100611,1100641)
(1100611,1100648)
(1100611,1100659)
(1100611,1100665)
(1100611,1100685)
(1100611,1100692)
(1100611,1100703)
(1100611,1100714)
(1100611,1100722)
(1100611,1100734)
(1100611,1100749)
(1100611,1100751)
(1100611,1100754)
(1100611,1100761)
(1100611,1100776)
(1100621,1100635)
(1100621,1100641)
(1100621,1100648)
(1100621,1100659)
(1100621,1100665)
(1100621,1100685)
(1100621,1100692)
(1100621,1100703)
(1100621,1100714)
(1100621,1100722)
(1100621,1100734)
(1100621,1100749)
(1100621,1100751)
(1100621,1100754)
(1100621,1100761)
(1100621,1100776)
(1100635,1100641)
(1100635,1100648)
(1100635,1100659)
(1100635,1100665)
(1100635,1100685)
(1100635,1100692)
(1100635,1100703)
(1100635,1100714)
(1100635,1100722)
(1100635,1100734)
(1100635,1100749)
(1100635,1100751)
(1100635,1100754)
(1100635,1100761)
(1100635,1100776)
(1100641,1100648)
(1100641,1100659)
(1100641,1100665)
(1100641,1100685)
(1100641,1100692)
(1100641,1100703)
(1100641,1100714)
(1100641,1100722)
(1100641,1100734)
(1100641,1100749)
(1100641,1100751)
(1100641,1100754)
(1100641,1100761)
(1100641,1100776)
(1100648,1100659)
(1100648,1100665)
(1100648,1100685)
(1100648,1100692)
(1100648,1100703)
(1100648,1100714)
(1100648,1100722)
(1100648,1100734)
(1100648,1100749)
(1100648,1100751)
(1100648,1100754)
(1100648,1100761)
(1100648,1100776)
(1100659,1100665)
(1100659,1100685)
(1100659,1100692)
(1100659,1100703)
(1100659,1100714)
(1100659,1100722)
(1100659,1100734)
(1100659,1100749)
(1100659,1100751)
(1100659,1100754)
(1100659,1100761)
(1100659,1100776)
(1100665,1100685)
(1100665,1100692)
(1100665,1100703)
(1100665,1100714)
(1100665,1100722)
(1100665,1100734)
(1100665,1100749)
(1100665,1100751)
(1100665,1100754)
(1100665,1100761)
(1100665,1100776)
(1100685,1100692)
(1100685,1100703)
(1100685,1100714)
(1100685,1100722)
(1100685,1100734)
(1100685,1100749)
(1100685,1100751)
(1100685,1100754)
(1100685,1100761)
(1100685,1100776)
(1100692,1100703)
(1100692,1100714)
(1100692,1100722)
(1100692,1100734)
(1100692,1100749)
(1100692,1100751)
(1100692,1100754)
(1100692,1100761)
(1100692,1100776)
(1100703,1100714)
(1100703,1100722)
(1100703,1100734)
(1100703,1100749)
(1100703,1100751)
(1100703,1100754)
(1100703,1100761)
(1100703,1100776)
(1100714,1100722)
(1100714,1100734)
(1100714,1100749)
(1100714,1100751)
(1100714,1100754)
(1100714,1100761)
(1100714,1100776)
(1100722,1100734)
(1100722,1100749)
(1100722,1100751)
(1100722,1100754)
(1100722,1100761)
(1100722,1100776)
(1100734,1100749)
(1100734,1100751)
(1100734,1100754)
(1100734,1100761)
(1100734,1100776)
(1100749,1100751)
(1100749,1100754)
(1100749,1100761)
(1100749,1100776)
(1100751,1100754)
(1100751,1100761)
(1100751,1100776)
(1100754,1100761)
(1100754,1100776)
(1100761,1100776)
(1045833,1101053)
(1045833,1101064)
(1101053,1101064)
(1100141,1100147)
(1100928,1100932)
(1100946,1100951)
(1100946,1100957)
(1100946,1100973)
(1100951,1100957)
(1100951,1100973)
(1100957,1100973)
(1101023,1101025)
(1101031,1101034)
(1101031,1101038)
(1101034,1101038)
(1101040,1101044)
(1101040,1101049)
(1101044,1101049)
(1101069,1101074)
(1101095,1101123)
(1101130,1101144)
(1101156,1101163)
(1101180,1101187)
(1101196,1101200)
(1101196,1101204)
(1101196,1101209)
(1101200,1101204)
(1101200,1101209)
(1101204,1101209)
(1101213,1101218)
(1101213,1101221)
(1101218,1101221)
(1101241,1101246)
(1101248,1101250)
(1101248,1101252)
(1101248,1101254)
(1101248,1101259)
(1101248,1101260)
(1101250,1101252)
(1101250,1101254)
(1101250,1101259)
(1101250,1101260)
(1101252,1101254)
(1101252,1101259)
(1101252,1101260)
(1101254,1101259)
(1101254,1101260)
(1101259,1101260)
(1101265,1101270)
(1101292,1101299)
(1101292,1101304)
(1101292,1101319)
(1101292,1101331)
(1101292,1101334)
(1101292,1101343)
(1101292,1101357)
(1101292,1101362)
(1101292,1101371)
(1101299,1101304)
(1101299,1101319)
(1101299,1101331)
(1101299,1101334)
(1101299,1101343)
(1101299,1101357)
(1101299,1101362)
(1101299,1101371)
(1101304,1101319)
(1101304,1101331)
(1101304,1101334)
(1101304,1101343)
(1101304,1101357)
(1101304,1101362)
(1101304,1101371)
(1101319,1101331)
(1101319,1101334)
(1101319,1101343)
(1101319,1101357)
(1101319,1101362)
(1101319,1101371)
(1101331,1101334)
(1101331,1101343)
(1101331,1101357)
(1101331,1101362)
(1101331,1101371)
(1101334,1101343)
(1101334,1101357)
(1101334,1101362)
(1101334,1101371)
(1101343,1101357)
(1101343,1101362)
(1101343,1101371)
(1101357,1101362)
(1101357,1101371)
(1101362,1101371)
(1101387,1101399)
(1101387,1101412)
(1101399,1101412)
(1101448,1101454)
(1101457,1101464)
(1101498,1101502)
