(459465,991206)
(459465,1004147)
(459465,1004150)
(459465,1004153)
(459465,1004159)
(459465,1004164)
(459465,1004170)
(459465,1004172)
(459465,1004180)
(459465,1004182)
(459465,1004189)
(459465,1004193)
(459465,1004197)
(459465,1004206)
(459465,1004210)
(459465,1004216)
(459465,1004223)
(459465,1004229)
(459465,1004231)
(459465,1004240)
(991206,1004147)
(991206,1004150)
(991206,1004153)
(991206,1004159)
(991206,1004164)
(991206,1004170)
(991206,1004172)
(991206,1004180)
(991206,1004182)
(991206,1004189)
(991206,1004193)
(991206,1004197)
(991206,1004206)
(991206,1004210)
(991206,1004216)
(991206,1004223)
(991206,1004229)
(991206,1004231)
(991206,1004240)
(1004147,1004150)
(1004147,1004153)
(1004147,1004159)
(1004147,1004164)
(1004147,1004170)
(1004147,1004172)
(1004147,1004180)
(1004147,1004182)
(1004147,1004189)
(1004147,1004193)
(1004147,1004197)
(1004147,1004206)
(1004147,1004210)
(1004147,1004216)
(1004147,1004223)
(1004147,1004229)
(1004147,1004231)
(1004147,1004240)
(1004150,1004153)
(1004150,1004159)
(1004150,1004164)
(1004150,1004170)
(1004150,1004172)
(1004150,1004180)
(1004150,1004182)
(1004150,1004189)
(1004150,1004193)
(1004150,1004197)
(1004150,1004206)
(1004150,1004210)
(1004150,1004216)
(1004150,1004223)
(1004150,1004229)
(1004150,1004231)
(1004150,1004240)
(1004153,1004159)
(1004153,1004164)
(1004153,1004170)
(1004153,1004172)
(1004153,1004180)
(1004153,1004182)
(1004153,1004189)
(1004153,1004193)
(1004153,1004197)
(1004153,1004206)
(1004153,1004210)
(1004153,1004216)
(1004153,1004223)
(1004153,1004229)
(1004153,1004231)
(1004153,1004240)
(1004159,1004164)
(1004159,1004170)
(1004159,1004172)
(1004159,1004180)
(1004159,1004182)
(1004159,1004189)
(1004159,1004193)
(1004159,1004197)
(1004159,1004206)
(1004159,1004210)
(1004159,1004216)
(1004159,1004223)
(1004159,1004229)
(1004159,1004231)
(1004159,1004240)
(1004164,1004170)
(1004164,1004172)
(1004164,1004180)
(1004164,1004182)
(1004164,1004189)
(1004164,1004193)
(1004164,1004197)
(1004164,1004206)
(1004164,1004210)
(1004164,1004216)
(1004164,1004223)
(1004164,1004229)
(1004164,1004231)
(1004164,1004240)
(1004170,1004172)
(1004170,1004180)
(1004170,1004182)
(1004170,1004189)
(1004170,1004193)
(1004170,1004197)
(1004170,1004206)
(1004170,1004210)
(1004170,1004216)
(1004170,1004223)
(1004170,1004229)
(1004170,1004231)
(1004170,1004240)
(1004172,1004180)
(1004172,1004182)
(1004172,1004189)
(1004172,1004193)
(1004172,1004197)
(1004172,1004206)
(1004172,1004210)
(1004172,1004216)
(1004172,1004223)
(1004172,1004229)
(1004172,1004231)
(1004172,1004240)
(1004180,1004182)
(1004180,1004189)
(1004180,1004193)
(1004180,1004197)
(1004180,1004206)
(1004180,1004210)
(1004180,1004216)
(1004180,1004223)
(1004180,1004229)
(1004180,1004231)
(1004180,1004240)
(1004182,1004189)
(1004182,1004193)
(1004182,1004197)
(1004182,1004206)
(1004182,1004210)
(1004182,1004216)
(1004182,1004223)
(1004182,1004229)
(1004182,1004231)
(1004182,1004240)
(1004189,1004193)
(1004189,1004197)
(1004189,1004206)
(1004189,1004210)
(1004189,1004216)
(1004189,1004223)
(1004189,1004229)
(1004189,1004231)
(1004189,1004240)
(1004193,1004197)
(1004193,1004206)
(1004193,1004210)
(1004193,1004216)
(1004193,1004223)
(1004193,1004229)
(1004193,1004231)
(1004193,1004240)
(1004197,1004206)
(1004197,1004210)
(1004197,1004216)
(1004197,1004223)
(1004197,1004229)
(1004197,1004231)
(1004197,1004240)
(1004206,1004210)
(1004206,1004216)
(1004206,1004223)
(1004206,1004229)
(1004206,1004231)
(1004206,1004240)
(1004210,1004216)
(1004210,1004223)
(1004210,1004229)
(1004210,1004231)
(1004210,1004240)
(1004216,1004223)
(1004216,1004229)
(1004216,1004231)
(1004216,1004240)
(1004223,1004229)
(1004223,1004231)
(1004223,1004240)
(1004229,1004231)
(1004229,1004240)
(1004231,1004240)
(488459,1004402)
(488459,1004405)
(488459,1004410)
(488459,1004415)
(488459,1004421)
(488459,1004426)
(488459,1004429)
(488459,1004431)
(488459,1004434)
(488459,1004437)
(488459,1004441)
(488459,1004444)
(488459,1004448)
(488459,1004453)
(488459,1004457)
(488459,1004461)
(488459,1004464)
(488459,1004465)
(488459,1004472)
(488459,1004473)
(488459,1004479)
(488459,1004481)
(488459,1004484)
(488459,1004489)
(488459,1004494)
(488459,1004498)
(488459,1004504)
(488459,1004506)
(488459,1004512)
(488459,1004513)
(488459,1004518)
(488459,1004527)
(488459,1004529)
(488459,1004531)
(488459,1004541)
(1004402,1004405)
(1004402,1004410)
(1004402,1004415)
(1004402,1004421)
(1004402,1004426)
(1004402,1004429)
(1004402,1004431)
(1004402,1004434)
(1004402,1004437)
(1004402,1004441)
(1004402,1004444)
(1004402,1004448)
(1004402,1004453)
(1004402,1004457)
(1004402,1004461)
(1004402,1004464)
(1004402,1004465)
(1004402,1004472)
(1004402,1004473)
(1004402,1004479)
(1004402,1004481)
(1004402,1004484)
(1004402,1004489)
(1004402,1004494)
(1004402,1004498)
(1004402,1004504)
(1004402,1004506)
(1004402,1004512)
(1004402,1004513)
(1004402,1004518)
(1004402,1004527)
(1004402,1004529)
(1004402,1004531)
(1004402,1004541)
(1004405,1004410)
(1004405,1004415)
(1004405,1004421)
(1004405,1004426)
(1004405,1004429)
(1004405,1004431)
(1004405,1004434)
(1004405,1004437)
(1004405,1004441)
(1004405,1004444)
(1004405,1004448)
(1004405,1004453)
(1004405,1004457)
(1004405,1004461)
(1004405,1004464)
(1004405,1004465)
(1004405,1004472)
(1004405,1004473)
(1004405,1004479)
(1004405,1004481)
(1004405,1004484)
(1004405,1004489)
(1004405,1004494)
(1004405,1004498)
(1004405,1004504)
(1004405,1004506)
(1004405,1004512)
(1004405,1004513)
(1004405,1004518)
(1004405,1004527)
(1004405,1004529)
(1004405,1004531)
(1004405,1004541)
(1004410,1004415)
(1004410,1004421)
(1004410,1004426)
(1004410,1004429)
(1004410,1004431)
(1004410,1004434)
(1004410,1004437)
(1004410,1004441)
(1004410,1004444)
(1004410,1004448)
(1004410,1004453)
(1004410,1004457)
(1004410,1004461)
(1004410,1004464)
(1004410,1004465)
(1004410,1004472)
(1004410,1004473)
(1004410,1004479)
(1004410,1004481)
(1004410,1004484)
(1004410,1004489)
(1004410,1004494)
(1004410,1004498)
(1004410,1004504)
(1004410,1004506)
(1004410,1004512)
(1004410,1004513)
(1004410,1004518)
(1004410,1004527)
(1004410,1004529)
(1004410,1004531)
(1004410,1004541)
(1004415,1004421)
(1004415,1004426)
(1004415,1004429)
(1004415,1004431)
(1004415,1004434)
(1004415,1004437)
(1004415,1004441)
(1004415,1004444)
(1004415,1004448)
(1004415,1004453)
(1004415,1004457)
(1004415,1004461)
(1004415,1004464)
(1004415,1004465)
(1004415,1004472)
(1004415,1004473)
(1004415,1004479)
(1004415,1004481)
(1004415,1004484)
(1004415,1004489)
(1004415,1004494)
(1004415,1004498)
(1004415,1004504)
(1004415,1004506)
(1004415,1004512)
(1004415,1004513)
(1004415,1004518)
(1004415,1004527)
(1004415,1004529)
(1004415,1004531)
(1004415,1004541)
(1004421,1004426)
(1004421,1004429)
(1004421,1004431)
(1004421,1004434)
(1004421,1004437)
(1004421,1004441)
(1004421,1004444)
(1004421,1004448)
(1004421,1004453)
(1004421,1004457)
(1004421,1004461)
(1004421,1004464)
(1004421,1004465)
(1004421,1004472)
(1004421,1004473)
(1004421,1004479)
(1004421,1004481)
(1004421,1004484)
(1004421,1004489)
(1004421,1004494)
(1004421,1004498)
(1004421,1004504)
(1004421,1004506)
(1004421,1004512)
(1004421,1004513)
(1004421,1004518)
(1004421,1004527)
(1004421,1004529)
(1004421,1004531)
(1004421,1004541)
(1004426,1004429)
(1004426,1004431)
(1004426,1004434)
(1004426,1004437)
(1004426,1004441)
(1004426,1004444)
(1004426,1004448)
(1004426,1004453)
(1004426,1004457)
(1004426,1004461)
(1004426,1004464)
(1004426,1004465)
(1004426,1004472)
(1004426,1004473)
(1004426,1004479)
(1004426,1004481)
(1004426,1004484)
(1004426,1004489)
(1004426,1004494)
(1004426,1004498)
(1004426,1004504)
(1004426,1004506)
(1004426,1004512)
(1004426,1004513)
(1004426,1004518)
(1004426,1004527)
(1004426,1004529)
(1004426,1004531)
(1004426,1004541)
(1004429,1004431)
(1004429,1004434)
(1004429,1004437)
(1004429,1004441)
(1004429,1004444)
(1004429,1004448)
(1004429,1004453)
(1004429,1004457)
(1004429,1004461)
(1004429,1004464)
(1004429,1004465)
(1004429,1004472)
(1004429,1004473)
(1004429,1004479)
(1004429,1004481)
(1004429,1004484)
(1004429,1004489)
(1004429,1004494)
(1004429,1004498)
(1004429,1004504)
(1004429,1004506)
(1004429,1004512)
(1004429,1004513)
(1004429,1004518)
(1004429,1004527)
(1004429,1004529)
(1004429,1004531)
(1004429,1004541)
(1004431,1004434)
(1004431,1004437)
(1004431,1004441)
(1004431,1004444)
(1004431,1004448)
(1004431,1004453)
(1004431,1004457)
(1004431,1004461)
(1004431,1004464)
(1004431,1004465)
(1004431,1004472)
(1004431,1004473)
(1004431,1004479)
(1004431,1004481)
(1004431,1004484)
(1004431,1004489)
(1004431,1004494)
(1004431,1004498)
(1004431,1004504)
(1004431,1004506)
(1004431,1004512)
(1004431,1004513)
(1004431,1004518)
(1004431,1004527)
(1004431,1004529)
(1004431,1004531)
(1004431,1004541)
(1004434,1004437)
(1004434,1004441)
(1004434,1004444)
(1004434,1004448)
(1004434,1004453)
(1004434,1004457)
(1004434,1004461)
(1004434,1004464)
(1004434,1004465)
(1004434,1004472)
(1004434,1004473)
(1004434,1004479)
(1004434,1004481)
(1004434,1004484)
(1004434,1004489)
(1004434,1004494)
(1004434,1004498)
(1004434,1004504)
(1004434,1004506)
(1004434,1004512)
(1004434,1004513)
(1004434,1004518)
(1004434,1004527)
(1004434,1004529)
(1004434,1004531)
(1004434,1004541)
(1004437,1004441)
(1004437,1004444)
(1004437,1004448)
(1004437,1004453)
(1004437,1004457)
(1004437,1004461)
(1004437,1004464)
(1004437,1004465)
(1004437,1004472)
(1004437,1004473)
(1004437,1004479)
(1004437,1004481)
(1004437,1004484)
(1004437,1004489)
(1004437,1004494)
(1004437,1004498)
(1004437,1004504)
(1004437,1004506)
(1004437,1004512)
(1004437,1004513)
(1004437,1004518)
(1004437,1004527)
(1004437,1004529)
(1004437,1004531)
(1004437,1004541)
(1004441,1004444)
(1004441,1004448)
(1004441,1004453)
(1004441,1004457)
(1004441,1004461)
(1004441,1004464)
(1004441,1004465)
(1004441,1004472)
(1004441,1004473)
(1004441,1004479)
(1004441,1004481)
(1004441,1004484)
(1004441,1004489)
(1004441,1004494)
(1004441,1004498)
(1004441,1004504)
(1004441,1004506)
(1004441,1004512)
(1004441,1004513)
(1004441,1004518)
(1004441,1004527)
(1004441,1004529)
(1004441,1004531)
(1004441,1004541)
(1004444,1004448)
(1004444,1004453)
(1004444,1004457)
(1004444,1004461)
(1004444,1004464)
(1004444,1004465)
(1004444,1004472)
(1004444,1004473)
(1004444,1004479)
(1004444,1004481)
(1004444,1004484)
(1004444,1004489)
(1004444,1004494)
(1004444,1004498)
(1004444,1004504)
(1004444,1004506)
(1004444,1004512)
(1004444,1004513)
(1004444,1004518)
(1004444,1004527)
(1004444,1004529)
(1004444,1004531)
(1004444,1004541)
(1004448,1004453)
(1004448,1004457)
(1004448,1004461)
(1004448,1004464)
(1004448,1004465)
(1004448,1004472)
(1004448,1004473)
(1004448,1004479)
(1004448,1004481)
(1004448,1004484)
(1004448,1004489)
(1004448,1004494)
(1004448,1004498)
(1004448,1004504)
(1004448,1004506)
(1004448,1004512)
(1004448,1004513)
(1004448,1004518)
(1004448,1004527)
(1004448,1004529)
(1004448,1004531)
(1004448,1004541)
(1004453,1004457)
(1004453,1004461)
(1004453,1004464)
(1004453,1004465)
(1004453,1004472)
(1004453,1004473)
(1004453,1004479)
(1004453,1004481)
(1004453,1004484)
(1004453,1004489)
(1004453,1004494)
(1004453,1004498)
(1004453,1004504)
(1004453,1004506)
(1004453,1004512)
(1004453,1004513)
(1004453,1004518)
(1004453,1004527)
(1004453,1004529)
(1004453,1004531)
(1004453,1004541)
(1004457,1004461)
(1004457,1004464)
(1004457,1004465)
(1004457,1004472)
(1004457,1004473)
(1004457,1004479)
(1004457,1004481)
(1004457,1004484)
(1004457,1004489)
(1004457,1004494)
(1004457,1004498)
(1004457,1004504)
(1004457,1004506)
(1004457,1004512)
(1004457,1004513)
(1004457,1004518)
(1004457,1004527)
(1004457,1004529)
(1004457,1004531)
(1004457,1004541)
(1004461,1004464)
(1004461,1004465)
(1004461,1004472)
(1004461,1004473)
(1004461,1004479)
(1004461,1004481)
(1004461,1004484)
(1004461,1004489)
(1004461,1004494)
(1004461,1004498)
(1004461,1004504)
(1004461,1004506)
(1004461,1004512)
(1004461,1004513)
(1004461,1004518)
(1004461,1004527)
(1004461,1004529)
(1004461,1004531)
(1004461,1004541)
(1004464,1004465)
(1004464,1004472)
(1004464,1004473)
(1004464,1004479)
(1004464,1004481)
(1004464,1004484)
(1004464,1004489)
(1004464,1004494)
(1004464,1004498)
(1004464,1004504)
(1004464,1004506)
(1004464,1004512)
(1004464,1004513)
(1004464,1004518)
(1004464,1004527)
(1004464,1004529)
(1004464,1004531)
(1004464,1004541)
(1004465,1004472)
(1004465,1004473)
(1004465,1004479)
(1004465,1004481)
(1004465,1004484)
(1004465,1004489)
(1004465,1004494)
(1004465,1004498)
(1004465,1004504)
(1004465,1004506)
(1004465,1004512)
(1004465,1004513)
(1004465,1004518)
(1004465,1004527)
(1004465,1004529)
(1004465,1004531)
(1004465,1004541)
(1004472,1004473)
(1004472,1004479)
(1004472,1004481)
(1004472,1004484)
(1004472,1004489)
(1004472,1004494)
(1004472,1004498)
(1004472,1004504)
(1004472,1004506)
(1004472,1004512)
(1004472,1004513)
(1004472,1004518)
(1004472,1004527)
(1004472,1004529)
(1004472,1004531)
(1004472,1004541)
(1004473,1004479)
(1004473,1004481)
(1004473,1004484)
(1004473,1004489)
(1004473,1004494)
(1004473,1004498)
(1004473,1004504)
(1004473,1004506)
(1004473,1004512)
(1004473,1004513)
(1004473,1004518)
(1004473,1004527)
(1004473,1004529)
(1004473,1004531)
(1004473,1004541)
(1004479,1004481)
(1004479,1004484)
(1004479,1004489)
(1004479,1004494)
(1004479,1004498)
(1004479,1004504)
(1004479,1004506)
(1004479,1004512)
(1004479,1004513)
(1004479,1004518)
(1004479,1004527)
(1004479,1004529)
(1004479,1004531)
(1004479,1004541)
(1004481,1004484)
(1004481,1004489)
(1004481,1004494)
(1004481,1004498)
(1004481,1004504)
(1004481,1004506)
(1004481,1004512)
(1004481,1004513)
(1004481,1004518)
(1004481,1004527)
(1004481,1004529)
(1004481,1004531)
(1004481,1004541)
(1004484,1004489)
(1004484,1004494)
(1004484,1004498)
(1004484,1004504)
(1004484,1004506)
(1004484,1004512)
(1004484,1004513)
(1004484,1004518)
(1004484,1004527)
(1004484,1004529)
(1004484,1004531)
(1004484,1004541)
(1004489,1004494)
(1004489,1004498)
(1004489,1004504)
(1004489,1004506)
(1004489,1004512)
(1004489,1004513)
(1004489,1004518)
(1004489,1004527)
(1004489,1004529)
(1004489,1004531)
(1004489,1004541)
(1004494,1004498)
(1004494,1004504)
(1004494,1004506)
(1004494,1004512)
(1004494,1004513)
(1004494,1004518)
(1004494,1004527)
(1004494,1004529)
(1004494,1004531)
(1004494,1004541)
(1004498,1004504)
(1004498,1004506)
(1004498,1004512)
(1004498,1004513)
(1004498,1004518)
(1004498,1004527)
(1004498,1004529)
(1004498,1004531)
(1004498,1004541)
(1004504,1004506)
(1004504,1004512)
(1004504,1004513)
(1004504,1004518)
(1004504,1004527)
(1004504,1004529)
(1004504,1004531)
(1004504,1004541)
(1004506,1004512)
(1004506,1004513)
(1004506,1004518)
(1004506,1004527)
(1004506,1004529)
(1004506,1004531)
(1004506,1004541)
(1004512,1004513)
(1004512,1004518)
(1004512,1004527)
(1004512,1004529)
(1004512,1004531)
(1004512,1004541)
(1004513,1004518)
(1004513,1004527)
(1004513,1004529)
(1004513,1004531)
(1004513,1004541)
(1004518,1004527)
(1004518,1004529)
(1004518,1004531)
(1004518,1004541)
(1004527,1004529)
(1004527,1004531)
(1004527,1004541)
(1004529,1004531)
(1004529,1004541)
(1004531,1004541)
(523020,667813)
(523020,825142)
(523020,1004909)
(523020,1004919)
(523020,1004929)
(523020,1004940)
(523020,1004946)
(523020,1004954)
(523020,1004962)
(523020,1004970)
(523020,1004986)
(523020,1004988)
(523020,1005000)
(523020,1005011)
(523020,1005020)
(523020,1005030)
(523020,1005037)
(523020,1005050)
(523020,1005064)
(523020,1005068)
(523020,1005077)
(523020,1005085)
(523020,1005095)
(523020,1005106)
(523020,1005118)
(523020,1005128)
(523020,1005135)
(523020,1005148)
(523020,1005152)
(523020,1005162)
(523020,1005165)
(523020,1005172)
(523020,1005177)
(523020,1005185)
(523020,1005196)
(523020,1005204)
(523020,1005209)
(523020,1005218)
(523020,1005228)
(523020,1005234)
(523020,1005246)
(523020,1005248)
(523020,1005257)
(523020,1005262)
(523020,1005268)
(523020,1005276)
(523020,1005299)
(523020,1005310)
(523020,1005315)
(523020,1005323)
(667813,825142)
(667813,1004909)
(667813,1004919)
(667813,1004929)
(667813,1004940)
(667813,1004946)
(667813,1004954)
(667813,1004962)
(667813,1004970)
(667813,1004986)
(667813,1004988)
(667813,1005000)
(667813,1005011)
(667813,1005020)
(667813,1005030)
(667813,1005037)
(667813,1005050)
(667813,1005064)
(667813,1005068)
(667813,1005077)
(667813,1005085)
(667813,1005095)
(667813,1005106)
(667813,1005118)
(667813,1005128)
(667813,1005135)
(667813,1005148)
(667813,1005152)
(667813,1005162)
(667813,1005165)
(667813,1005172)
(667813,1005177)
(667813,1005185)
(667813,1005196)
(667813,1005204)
(667813,1005209)
(667813,1005218)
(667813,1005228)
(667813,1005234)
(667813,1005246)
(667813,1005248)
(667813,1005257)
(667813,1005262)
(667813,1005268)
(667813,1005276)
(667813,1005299)
(667813,1005310)
(667813,1005315)
(667813,1005323)
(825142,1004909)
(825142,1004919)
(825142,1004929)
(825142,1004940)
(825142,1004946)
(825142,1004954)
(825142,1004962)
(825142,1004970)
(825142,1004986)
(825142,1004988)
(825142,1005000)
(825142,1005011)
(825142,1005020)
(825142,1005030)
(825142,1005037)
(825142,1005050)
(825142,1005064)
(825142,1005068)
(825142,1005077)
(825142,1005085)
(825142,1005095)
(825142,1005106)
(825142,1005118)
(825142,1005128)
(825142,1005135)
(825142,1005148)
(825142,1005152)
(825142,1005162)
(825142,1005165)
(825142,1005172)
(825142,1005177)
(825142,1005185)
(825142,1005196)
(825142,1005204)
(825142,1005209)
(825142,1005218)
(825142,1005228)
(825142,1005234)
(825142,1005246)
(825142,1005248)
(825142,1005257)
(825142,1005262)
(825142,1005268)
(825142,1005276)
(825142,1005299)
(825142,1005310)
(825142,1005315)
(825142,1005323)
(1004909,1004919)
(1004909,1004929)
(1004909,1004940)
(1004909,1004946)
(1004909,1004954)
(1004909,1004962)
(1004909,1004970)
(1004909,1004986)
(1004909,1004988)
(1004909,1005000)
(1004909,1005011)
(1004909,1005020)
(1004909,1005030)
(1004909,1005037)
(1004909,1005050)
(1004909,1005064)
(1004909,1005068)
(1004909,1005077)
(1004909,1005085)
(1004909,1005095)
(1004909,1005106)
(1004909,1005118)
(1004909,1005128)
(1004909,1005135)
(1004909,1005148)
(1004909,1005152)
(1004909,1005162)
(1004909,1005165)
(1004909,1005172)
(1004909,1005177)
(1004909,1005185)
(1004909,1005196)
(1004909,1005204)
(1004909,1005209)
(1004909,1005218)
(1004909,1005228)
(1004909,1005234)
(1004909,1005246)
(1004909,1005248)
(1004909,1005257)
(1004909,1005262)
(1004909,1005268)
(1004909,1005276)
(1004909,1005299)
(1004909,1005310)
(1004909,1005315)
(1004909,1005323)
(1004919,1004929)
(1004919,1004940)
(1004919,1004946)
(1004919,1004954)
(1004919,1004962)
(1004919,1004970)
(1004919,1004986)
(1004919,1004988)
(1004919,1005000)
(1004919,1005011)
(1004919,1005020)
(1004919,1005030)
(1004919,1005037)
(1004919,1005050)
(1004919,1005064)
(1004919,1005068)
(1004919,1005077)
(1004919,1005085)
(1004919,1005095)
(1004919,1005106)
(1004919,1005118)
(1004919,1005128)
(1004919,1005135)
(1004919,1005148)
(1004919,1005152)
(1004919,1005162)
(1004919,1005165)
(1004919,1005172)
(1004919,1005177)
(1004919,1005185)
(1004919,1005196)
(1004919,1005204)
(1004919,1005209)
(1004919,1005218)
(1004919,1005228)
(1004919,1005234)
(1004919,1005246)
(1004919,1005248)
(1004919,1005257)
(1004919,1005262)
(1004919,1005268)
(1004919,1005276)
(1004919,1005299)
(1004919,1005310)
(1004919,1005315)
(1004919,1005323)
(1004929,1004940)
(1004929,1004946)
(1004929,1004954)
(1004929,1004962)
(1004929,1004970)
(1004929,1004986)
(1004929,1004988)
(1004929,1005000)
(1004929,1005011)
(1004929,1005020)
(1004929,1005030)
(1004929,1005037)
(1004929,1005050)
(1004929,1005064)
(1004929,1005068)
(1004929,1005077)
(1004929,1005085)
(1004929,1005095)
(1004929,1005106)
(1004929,1005118)
(1004929,1005128)
(1004929,1005135)
(1004929,1005148)
(1004929,1005152)
(1004929,1005162)
(1004929,1005165)
(1004929,1005172)
(1004929,1005177)
(1004929,1005185)
(1004929,1005196)
(1004929,1005204)
(1004929,1005209)
(1004929,1005218)
(1004929,1005228)
(1004929,1005234)
(1004929,1005246)
(1004929,1005248)
(1004929,1005257)
(1004929,1005262)
(1004929,1005268)
(1004929,1005276)
(1004929,1005299)
(1004929,1005310)
(1004929,1005315)
(1004929,1005323)
(1004940,1004946)
(1004940,1004954)
(1004940,1004962)
(1004940,1004970)
(1004940,1004986)
(1004940,1004988)
(1004940,1005000)
(1004940,1005011)
(1004940,1005020)
(1004940,1005030)
(1004940,1005037)
(1004940,1005050)
(1004940,1005064)
(1004940,1005068)
(1004940,1005077)
(1004940,1005085)
(1004940,1005095)
(1004940,1005106)
(1004940,1005118)
(1004940,1005128)
(1004940,1005135)
(1004940,1005148)
(1004940,1005152)
(1004940,1005162)
(1004940,1005165)
(1004940,1005172)
(1004940,1005177)
(1004940,1005185)
(1004940,1005196)
(1004940,1005204)
(1004940,1005209)
(1004940,1005218)
(1004940,1005228)
(1004940,1005234)
(1004940,1005246)
(1004940,1005248)
(1004940,1005257)
(1004940,1005262)
(1004940,1005268)
(1004940,1005276)
(1004940,1005299)
(1004940,1005310)
(1004940,1005315)
(1004940,1005323)
(1004946,1004954)
(1004946,1004962)
(1004946,1004970)
(1004946,1004986)
(1004946,1004988)
(1004946,1005000)
(1004946,1005011)
(1004946,1005020)
(1004946,1005030)
(1004946,1005037)
(1004946,1005050)
(1004946,1005064)
(1004946,1005068)
(1004946,1005077)
(1004946,1005085)
(1004946,1005095)
(1004946,1005106)
(1004946,1005118)
(1004946,1005128)
(1004946,1005135)
(1004946,1005148)
(1004946,1005152)
(1004946,1005162)
(1004946,1005165)
(1004946,1005172)
(1004946,1005177)
(1004946,1005185)
(1004946,1005196)
(1004946,1005204)
(1004946,1005209)
(1004946,1005218)
(1004946,1005228)
(1004946,1005234)
(1004946,1005246)
(1004946,1005248)
(1004946,1005257)
(1004946,1005262)
(1004946,1005268)
(1004946,1005276)
(1004946,1005299)
(1004946,1005310)
(1004946,1005315)
(1004946,1005323)
(1004954,1004962)
(1004954,1004970)
(1004954,1004986)
(1004954,1004988)
(1004954,1005000)
(1004954,1005011)
(1004954,1005020)
(1004954,1005030)
(1004954,1005037)
(1004954,1005050)
(1004954,1005064)
(1004954,1005068)
(1004954,1005077)
(1004954,1005085)
(1004954,1005095)
(1004954,1005106)
(1004954,1005118)
(1004954,1005128)
(1004954,1005135)
(1004954,1005148)
(1004954,1005152)
(1004954,1005162)
(1004954,1005165)
(1004954,1005172)
(1004954,1005177)
(1004954,1005185)
(1004954,1005196)
(1004954,1005204)
(1004954,1005209)
(1004954,1005218)
(1004954,1005228)
(1004954,1005234)
(1004954,1005246)
(1004954,1005248)
(1004954,1005257)
(1004954,1005262)
(1004954,1005268)
(1004954,1005276)
(1004954,1005299)
(1004954,1005310)
(1004954,1005315)
(1004954,1005323)
(1004962,1004970)
(1004962,1004986)
(1004962,1004988)
(1004962,1005000)
(1004962,1005011)
(1004962,1005020)
(1004962,1005030)
(1004962,1005037)
(1004962,1005050)
(1004962,1005064)
(1004962,1005068)
(1004962,1005077)
(1004962,1005085)
(1004962,1005095)
(1004962,1005106)
(1004962,1005118)
(1004962,1005128)
(1004962,1005135)
(1004962,1005148)
(1004962,1005152)
(1004962,1005162)
(1004962,1005165)
(1004962,1005172)
(1004962,1005177)
(1004962,1005185)
(1004962,1005196)
(1004962,1005204)
(1004962,1005209)
(1004962,1005218)
(1004962,1005228)
(1004962,1005234)
(1004962,1005246)
(1004962,1005248)
(1004962,1005257)
(1004962,1005262)
(1004962,1005268)
(1004962,1005276)
(1004962,1005299)
(1004962,1005310)
(1004962,1005315)
(1004962,1005323)
(1004970,1004986)
(1004970,1004988)
(1004970,1005000)
(1004970,1005011)
(1004970,1005020)
(1004970,1005030)
(1004970,1005037)
(1004970,1005050)
(1004970,1005064)
(1004970,1005068)
(1004970,1005077)
(1004970,1005085)
(1004970,1005095)
(1004970,1005106)
(1004970,1005118)
(1004970,1005128)
(1004970,1005135)
(1004970,1005148)
(1004970,1005152)
(1004970,1005162)
(1004970,1005165)
(1004970,1005172)
(1004970,1005177)
(1004970,1005185)
(1004970,1005196)
(1004970,1005204)
(1004970,1005209)
(1004970,1005218)
(1004970,1005228)
(1004970,1005234)
(1004970,1005246)
(1004970,1005248)
(1004970,1005257)
(1004970,1005262)
(1004970,1005268)
(1004970,1005276)
(1004970,1005299)
(1004970,1005310)
(1004970,1005315)
(1004970,1005323)
(1004986,1004988)
(1004986,1005000)
(1004986,1005011)
(1004986,1005020)
(1004986,1005030)
(1004986,1005037)
(1004986,1005050)
(1004986,1005064)
(1004986,1005068)
(1004986,1005077)
(1004986,1005085)
(1004986,1005095)
(1004986,1005106)
(1004986,1005118)
(1004986,1005128)
(1004986,1005135)
(1004986,1005148)
(1004986,1005152)
(1004986,1005162)
(1004986,1005165)
(1004986,1005172)
(1004986,1005177)
(1004986,1005185)
(1004986,1005196)
(1004986,1005204)
(1004986,1005209)
(1004986,1005218)
(1004986,1005228)
(1004986,1005234)
(1004986,1005246)
(1004986,1005248)
(1004986,1005257)
(1004986,1005262)
(1004986,1005268)
(1004986,1005276)
(1004986,1005299)
(1004986,1005310)
(1004986,1005315)
(1004986,1005323)
(1004988,1005000)
(1004988,1005011)
(1004988,1005020)
(1004988,1005030)
(1004988,1005037)
(1004988,1005050)
(1004988,1005064)
(1004988,1005068)
(1004988,1005077)
(1004988,1005085)
(1004988,1005095)
(1004988,1005106)
(1004988,1005118)
(1004988,1005128)
(1004988,1005135)
(1004988,1005148)
(1004988,1005152)
(1004988,1005162)
(1004988,1005165)
(1004988,1005172)
(1004988,1005177)
(1004988,1005185)
(1004988,1005196)
(1004988,1005204)
(1004988,1005209)
(1004988,1005218)
(1004988,1005228)
(1004988,1005234)
(1004988,1005246)
(1004988,1005248)
(1004988,1005257)
(1004988,1005262)
(1004988,1005268)
(1004988,1005276)
(1004988,1005299)
(1004988,1005310)
(1004988,1005315)
(1004988,1005323)
(1005000,1005011)
(1005000,1005020)
(1005000,1005030)
(1005000,1005037)
(1005000,1005050)
(1005000,1005064)
(1005000,1005068)
(1005000,1005077)
(1005000,1005085)
(1005000,1005095)
(1005000,1005106)
(1005000,1005118)
(1005000,1005128)
(1005000,1005135)
(1005000,1005148)
(1005000,1005152)
(1005000,1005162)
(1005000,1005165)
(1005000,1005172)
(1005000,1005177)
(1005000,1005185)
(1005000,1005196)
(1005000,1005204)
(1005000,1005209)
(1005000,1005218)
(1005000,1005228)
(1005000,1005234)
(1005000,1005246)
(1005000,1005248)
(1005000,1005257)
(1005000,1005262)
(1005000,1005268)
(1005000,1005276)
(1005000,1005299)
(1005000,1005310)
(1005000,1005315)
(1005000,1005323)
(1005011,1005020)
(1005011,1005030)
(1005011,1005037)
(1005011,1005050)
(1005011,1005064)
(1005011,1005068)
(1005011,1005077)
(1005011,1005085)
(1005011,1005095)
(1005011,1005106)
(1005011,1005118)
(1005011,1005128)
(1005011,1005135)
(1005011,1005148)
(1005011,1005152)
(1005011,1005162)
(1005011,1005165)
(1005011,1005172)
(1005011,1005177)
(1005011,1005185)
(1005011,1005196)
(1005011,1005204)
(1005011,1005209)
(1005011,1005218)
(1005011,1005228)
(1005011,1005234)
(1005011,1005246)
(1005011,1005248)
(1005011,1005257)
(1005011,1005262)
(1005011,1005268)
(1005011,1005276)
(1005011,1005299)
(1005011,1005310)
(1005011,1005315)
(1005011,1005323)
(1005020,1005030)
(1005020,1005037)
(1005020,1005050)
(1005020,1005064)
(1005020,1005068)
(1005020,1005077)
(1005020,1005085)
(1005020,1005095)
(1005020,1005106)
(1005020,1005118)
(1005020,1005128)
(1005020,1005135)
(1005020,1005148)
(1005020,1005152)
(1005020,1005162)
(1005020,1005165)
(1005020,1005172)
(1005020,1005177)
(1005020,1005185)
(1005020,1005196)
(1005020,1005204)
(1005020,1005209)
(1005020,1005218)
(1005020,1005228)
(1005020,1005234)
(1005020,1005246)
(1005020,1005248)
(1005020,1005257)
(1005020,1005262)
(1005020,1005268)
(1005020,1005276)
(1005020,1005299)
(1005020,1005310)
(1005020,1005315)
(1005020,1005323)
(1005030,1005037)
(1005030,1005050)
(1005030,1005064)
(1005030,1005068)
(1005030,1005077)
(1005030,1005085)
(1005030,1005095)
(1005030,1005106)
(1005030,1005118)
(1005030,1005128)
(1005030,1005135)
(1005030,1005148)
(1005030,1005152)
(1005030,1005162)
(1005030,1005165)
(1005030,1005172)
(1005030,1005177)
(1005030,1005185)
(1005030,1005196)
(1005030,1005204)
(1005030,1005209)
(1005030,1005218)
(1005030,1005228)
(1005030,1005234)
(1005030,1005246)
(1005030,1005248)
(1005030,1005257)
(1005030,1005262)
(1005030,1005268)
(1005030,1005276)
(1005030,1005299)
(1005030,1005310)
(1005030,1005315)
(1005030,1005323)
(1005037,1005050)
(1005037,1005064)
(1005037,1005068)
(1005037,1005077)
(1005037,1005085)
(1005037,1005095)
(1005037,1005106)
(1005037,1005118)
(1005037,1005128)
(1005037,1005135)
(1005037,1005148)
(1005037,1005152)
(1005037,1005162)
(1005037,1005165)
(1005037,1005172)
(1005037,1005177)
(1005037,1005185)
(1005037,1005196)
(1005037,1005204)
(1005037,1005209)
(1005037,1005218)
(1005037,1005228)
(1005037,1005234)
(1005037,1005246)
(1005037,1005248)
(1005037,1005257)
(1005037,1005262)
(1005037,1005268)
(1005037,1005276)
(1005037,1005299)
(1005037,1005310)
(1005037,1005315)
(1005037,1005323)
(1005050,1005064)
(1005050,1005068)
(1005050,1005077)
(1005050,1005085)
(1005050,1005095)
(1005050,1005106)
(1005050,1005118)
(1005050,1005128)
(1005050,1005135)
(1005050,1005148)
(1005050,1005152)
(1005050,1005162)
(1005050,1005165)
(1005050,1005172)
(1005050,1005177)
(1005050,1005185)
(1005050,1005196)
(1005050,1005204)
(1005050,1005209)
(1005050,1005218)
(1005050,1005228)
(1005050,1005234)
(1005050,1005246)
(1005050,1005248)
(1005050,1005257)
(1005050,1005262)
(1005050,1005268)
(1005050,1005276)
(1005050,1005299)
(1005050,1005310)
(1005050,1005315)
(1005050,1005323)
(1005064,1005068)
(1005064,1005077)
(1005064,1005085)
(1005064,1005095)
(1005064,1005106)
(1005064,1005118)
(1005064,1005128)
(1005064,1005135)
(1005064,1005148)
(1005064,1005152)
(1005064,1005162)
(1005064,1005165)
(1005064,1005172)
(1005064,1005177)
(1005064,1005185)
(1005064,1005196)
(1005064,1005204)
(1005064,1005209)
(1005064,1005218)
(1005064,1005228)
(1005064,1005234)
(1005064,1005246)
(1005064,1005248)
(1005064,1005257)
(1005064,1005262)
(1005064,1005268)
(1005064,1005276)
(1005064,1005299)
(1005064,1005310)
(1005064,1005315)
(1005064,1005323)
(1005068,1005077)
(1005068,1005085)
(1005068,1005095)
(1005068,1005106)
(1005068,1005118)
(1005068,1005128)
(1005068,1005135)
(1005068,1005148)
(1005068,1005152)
(1005068,1005162)
(1005068,1005165)
(1005068,1005172)
(1005068,1005177)
(1005068,1005185)
(1005068,1005196)
(1005068,1005204)
(1005068,1005209)
(1005068,1005218)
(1005068,1005228)
(1005068,1005234)
(1005068,1005246)
(1005068,1005248)
(1005068,1005257)
(1005068,1005262)
(1005068,1005268)
(1005068,1005276)
(1005068,1005299)
(1005068,1005310)
(1005068,1005315)
(1005068,1005323)
(1005077,1005085)
(1005077,1005095)
(1005077,1005106)
(1005077,1005118)
(1005077,1005128)
(1005077,1005135)
(1005077,1005148)
(1005077,1005152)
(1005077,1005162)
(1005077,1005165)
(1005077,1005172)
(1005077,1005177)
(1005077,1005185)
(1005077,1005196)
(1005077,1005204)
(1005077,1005209)
(1005077,1005218)
(1005077,1005228)
(1005077,1005234)
(1005077,1005246)
(1005077,1005248)
(1005077,1005257)
(1005077,1005262)
(1005077,1005268)
(1005077,1005276)
(1005077,1005299)
(1005077,1005310)
(1005077,1005315)
(1005077,1005323)
(1005085,1005095)
(1005085,1005106)
(1005085,1005118)
(1005085,1005128)
(1005085,1005135)
(1005085,1005148)
(1005085,1005152)
(1005085,1005162)
(1005085,1005165)
(1005085,1005172)
(1005085,1005177)
(1005085,1005185)
(1005085,1005196)
(1005085,1005204)
(1005085,1005209)
(1005085,1005218)
(1005085,1005228)
(1005085,1005234)
(1005085,1005246)
(1005085,1005248)
(1005085,1005257)
(1005085,1005262)
(1005085,1005268)
(1005085,1005276)
(1005085,1005299)
(1005085,1005310)
(1005085,1005315)
(1005085,1005323)
(1005095,1005106)
(1005095,1005118)
(1005095,1005128)
(1005095,1005135)
(1005095,1005148)
(1005095,1005152)
(1005095,1005162)
(1005095,1005165)
(1005095,1005172)
(1005095,1005177)
(1005095,1005185)
(1005095,1005196)
(1005095,1005204)
(1005095,1005209)
(1005095,1005218)
(1005095,1005228)
(1005095,1005234)
(1005095,1005246)
(1005095,1005248)
(1005095,1005257)
(1005095,1005262)
(1005095,1005268)
(1005095,1005276)
(1005095,1005299)
(1005095,1005310)
(1005095,1005315)
(1005095,1005323)
(1005106,1005118)
(1005106,1005128)
(1005106,1005135)
(1005106,1005148)
(1005106,1005152)
(1005106,1005162)
(1005106,1005165)
(1005106,1005172)
(1005106,1005177)
(1005106,1005185)
(1005106,1005196)
(1005106,1005204)
(1005106,1005209)
(1005106,1005218)
(1005106,1005228)
(1005106,1005234)
(1005106,1005246)
(1005106,1005248)
(1005106,1005257)
(1005106,1005262)
(1005106,1005268)
(1005106,1005276)
(1005106,1005299)
(1005106,1005310)
(1005106,1005315)
(1005106,1005323)
(1005118,1005128)
(1005118,1005135)
(1005118,1005148)
(1005118,1005152)
(1005118,1005162)
(1005118,1005165)
(1005118,1005172)
(1005118,1005177)
(1005118,1005185)
(1005118,1005196)
(1005118,1005204)
(1005118,1005209)
(1005118,1005218)
(1005118,1005228)
(1005118,1005234)
(1005118,1005246)
(1005118,1005248)
(1005118,1005257)
(1005118,1005262)
(1005118,1005268)
(1005118,1005276)
(1005118,1005299)
(1005118,1005310)
(1005118,1005315)
(1005118,1005323)
(1005128,1005135)
(1005128,1005148)
(1005128,1005152)
(1005128,1005162)
(1005128,1005165)
(1005128,1005172)
(1005128,1005177)
(1005128,1005185)
(1005128,1005196)
(1005128,1005204)
(1005128,1005209)
(1005128,1005218)
(1005128,1005228)
(1005128,1005234)
(1005128,1005246)
(1005128,1005248)
(1005128,1005257)
(1005128,1005262)
(1005128,1005268)
(1005128,1005276)
(1005128,1005299)
(1005128,1005310)
(1005128,1005315)
(1005128,1005323)
(1005135,1005148)
(1005135,1005152)
(1005135,1005162)
(1005135,1005165)
(1005135,1005172)
(1005135,1005177)
(1005135,1005185)
(1005135,1005196)
(1005135,1005204)
(1005135,1005209)
(1005135,1005218)
(1005135,1005228)
(1005135,1005234)
(1005135,1005246)
(1005135,1005248)
(1005135,1005257)
(1005135,1005262)
(1005135,1005268)
(1005135,1005276)
(1005135,1005299)
(1005135,1005310)
(1005135,1005315)
(1005135,1005323)
(1005148,1005152)
(1005148,1005162)
(1005148,1005165)
(1005148,1005172)
(1005148,1005177)
(1005148,1005185)
(1005148,1005196)
(1005148,1005204)
(1005148,1005209)
(1005148,1005218)
(1005148,1005228)
(1005148,1005234)
(1005148,1005246)
(1005148,1005248)
(1005148,1005257)
(1005148,1005262)
(1005148,1005268)
(1005148,1005276)
(1005148,1005299)
(1005148,1005310)
(1005148,1005315)
(1005148,1005323)
(1005152,1005162)
(1005152,1005165)
(1005152,1005172)
(1005152,1005177)
(1005152,1005185)
(1005152,1005196)
(1005152,1005204)
(1005152,1005209)
(1005152,1005218)
(1005152,1005228)
(1005152,1005234)
(1005152,1005246)
(1005152,1005248)
(1005152,1005257)
(1005152,1005262)
(1005152,1005268)
(1005152,1005276)
(1005152,1005299)
(1005152,1005310)
(1005152,1005315)
(1005152,1005323)
(1005162,1005165)
(1005162,1005172)
(1005162,1005177)
(1005162,1005185)
(1005162,1005196)
(1005162,1005204)
(1005162,1005209)
(1005162,1005218)
(1005162,1005228)
(1005162,1005234)
(1005162,1005246)
(1005162,1005248)
(1005162,1005257)
(1005162,1005262)
(1005162,1005268)
(1005162,1005276)
(1005162,1005299)
(1005162,1005310)
(1005162,1005315)
(1005162,1005323)
(1005165,1005172)
(1005165,1005177)
(1005165,1005185)
(1005165,1005196)
(1005165,1005204)
(1005165,1005209)
(1005165,1005218)
(1005165,1005228)
(1005165,1005234)
(1005165,1005246)
(1005165,1005248)
(1005165,1005257)
(1005165,1005262)
(1005165,1005268)
(1005165,1005276)
(1005165,1005299)
(1005165,1005310)
(1005165,1005315)
(1005165,1005323)
(1005172,1005177)
(1005172,1005185)
(1005172,1005196)
(1005172,1005204)
(1005172,1005209)
(1005172,1005218)
(1005172,1005228)
(1005172,1005234)
(1005172,1005246)
(1005172,1005248)
(1005172,1005257)
(1005172,1005262)
(1005172,1005268)
(1005172,1005276)
(1005172,1005299)
(1005172,1005310)
(1005172,1005315)
(1005172,1005323)
(1005177,1005185)
(1005177,1005196)
(1005177,1005204)
(1005177,1005209)
(1005177,1005218)
(1005177,1005228)
(1005177,1005234)
(1005177,1005246)
(1005177,1005248)
(1005177,1005257)
(1005177,1005262)
(1005177,1005268)
(1005177,1005276)
(1005177,1005299)
(1005177,1005310)
(1005177,1005315)
(1005177,1005323)
(1005185,1005196)
(1005185,1005204)
(1005185,1005209)
(1005185,1005218)
(1005185,1005228)
(1005185,1005234)
(1005185,1005246)
(1005185,1005248)
(1005185,1005257)
(1005185,1005262)
(1005185,1005268)
(1005185,1005276)
(1005185,1005299)
(1005185,1005310)
(1005185,1005315)
(1005185,1005323)
(1005196,1005204)
(1005196,1005209)
(1005196,1005218)
(1005196,1005228)
(1005196,1005234)
(1005196,1005246)
(1005196,1005248)
(1005196,1005257)
(1005196,1005262)
(1005196,1005268)
(1005196,1005276)
(1005196,1005299)
(1005196,1005310)
(1005196,1005315)
(1005196,1005323)
(1005204,1005209)
(1005204,1005218)
(1005204,1005228)
(1005204,1005234)
(1005204,1005246)
(1005204,1005248)
(1005204,1005257)
(1005204,1005262)
(1005204,1005268)
(1005204,1005276)
(1005204,1005299)
(1005204,1005310)
(1005204,1005315)
(1005204,1005323)
(1005209,1005218)
(1005209,1005228)
(1005209,1005234)
(1005209,1005246)
(1005209,1005248)
(1005209,1005257)
(1005209,1005262)
(1005209,1005268)
(1005209,1005276)
(1005209,1005299)
(1005209,1005310)
(1005209,1005315)
(1005209,1005323)
(1005218,1005228)
(1005218,1005234)
(1005218,1005246)
(1005218,1005248)
(1005218,1005257)
(1005218,1005262)
(1005218,1005268)
(1005218,1005276)
(1005218,1005299)
(1005218,1005310)
(1005218,1005315)
(1005218,1005323)
(1005228,1005234)
(1005228,1005246)
(1005228,1005248)
(1005228,1005257)
(1005228,1005262)
(1005228,1005268)
(1005228,1005276)
(1005228,1005299)
(1005228,1005310)
(1005228,1005315)
(1005228,1005323)
(1005234,1005246)
(1005234,1005248)
(1005234,1005257)
(1005234,1005262)
(1005234,1005268)
(1005234,1005276)
(1005234,1005299)
(1005234,1005310)
(1005234,1005315)
(1005234,1005323)
(1005246,1005248)
(1005246,1005257)
(1005246,1005262)
(1005246,1005268)
(1005246,1005276)
(1005246,1005299)
(1005246,1005310)
(1005246,1005315)
(1005246,1005323)
(1005248,1005257)
(1005248,1005262)
(1005248,1005268)
(1005248,1005276)
(1005248,1005299)
(1005248,1005310)
(1005248,1005315)
(1005248,1005323)
(1005257,1005262)
(1005257,1005268)
(1005257,1005276)
(1005257,1005299)
(1005257,1005310)
(1005257,1005315)
(1005257,1005323)
(1005262,1005268)
(1005262,1005276)
(1005262,1005299)
(1005262,1005310)
(1005262,1005315)
(1005262,1005323)
(1005268,1005276)
(1005268,1005299)
(1005268,1005310)
(1005268,1005315)
(1005268,1005323)
(1005276,1005299)
(1005276,1005310)
(1005276,1005315)
(1005276,1005323)
(1005299,1005310)
(1005299,1005315)
(1005299,1005323)
(1005310,1005315)
(1005310,1005323)
(1005315,1005323)
(1004243,1004244)
(1004243,1004247)
(1004243,1004251)
(1004243,1004253)
(1004243,1004256)
(1004243,1004262)
(1004243,1004263)
(1004243,1004266)
(1004243,1004270)
(1004243,1004275)
(1004243,1004281)
(1004244,1004247)
(1004244,1004251)
(1004244,1004253)
(1004244,1004256)
(1004244,1004262)
(1004244,1004263)
(1004244,1004266)
(1004244,1004270)
(1004244,1004275)
(1004244,1004281)
(1004247,1004251)
(1004247,1004253)
(1004247,1004256)
(1004247,1004262)
(1004247,1004263)
(1004247,1004266)
(1004247,1004270)
(1004247,1004275)
(1004247,1004281)
(1004251,1004253)
(1004251,1004256)
(1004251,1004262)
(1004251,1004263)
(1004251,1004266)
(1004251,1004270)
(1004251,1004275)
(1004251,1004281)
(1004253,1004256)
(1004253,1004262)
(1004253,1004263)
(1004253,1004266)
(1004253,1004270)
(1004253,1004275)
(1004253,1004281)
(1004256,1004262)
(1004256,1004263)
(1004256,1004266)
(1004256,1004270)
(1004256,1004275)
(1004256,1004281)
(1004262,1004263)
(1004262,1004266)
(1004262,1004270)
(1004262,1004275)
(1004262,1004281)
(1004263,1004266)
(1004263,1004270)
(1004263,1004275)
(1004263,1004281)
(1004266,1004270)
(1004266,1004275)
(1004266,1004281)
(1004270,1004275)
(1004270,1004281)
(1004275,1004281)
(1004284,1004288)
(1004284,1004290)
(1004284,1004295)
(1004284,1004298)
(1004284,1004301)
(1004284,1004305)
(1004284,1004307)
(1004284,1004310)
(1004284,1004316)
(1004284,1004318)
(1004284,1004326)
(1004284,1004327)
(1004284,1004334)
(1004284,1004338)
(1004284,1004343)
(1004284,1004346)
(1004284,1004349)
(1004284,1004354)
(1004284,1004358)
(1004284,1004365)
(1004284,1004369)
(1004284,1004374)
(1004284,1004379)
(1004284,1004387)
(1004284,1004391)
(1004284,1004396)
(1004288,1004290)
(1004288,1004295)
(1004288,1004298)
(1004288,1004301)
(1004288,1004305)
(1004288,1004307)
(1004288,1004310)
(1004288,1004316)
(1004288,1004318)
(1004288,1004326)
(1004288,1004327)
(1004288,1004334)
(1004288,1004338)
(1004288,1004343)
(1004288,1004346)
(1004288,1004349)
(1004288,1004354)
(1004288,1004358)
(1004288,1004365)
(1004288,1004369)
(1004288,1004374)
(1004288,1004379)
(1004288,1004387)
(1004288,1004391)
(1004288,1004396)
(1004290,1004295)
(1004290,1004298)
(1004290,1004301)
(1004290,1004305)
(1004290,1004307)
(1004290,1004310)
(1004290,1004316)
(1004290,1004318)
(1004290,1004326)
(1004290,1004327)
(1004290,1004334)
(1004290,1004338)
(1004290,1004343)
(1004290,1004346)
(1004290,1004349)
(1004290,1004354)
(1004290,1004358)
(1004290,1004365)
(1004290,1004369)
(1004290,1004374)
(1004290,1004379)
(1004290,1004387)
(1004290,1004391)
(1004290,1004396)
(1004295,1004298)
(1004295,1004301)
(1004295,1004305)
(1004295,1004307)
(1004295,1004310)
(1004295,1004316)
(1004295,1004318)
(1004295,1004326)
(1004295,1004327)
(1004295,1004334)
(1004295,1004338)
(1004295,1004343)
(1004295,1004346)
(1004295,1004349)
(1004295,1004354)
(1004295,1004358)
(1004295,1004365)
(1004295,1004369)
(1004295,1004374)
(1004295,1004379)
(1004295,1004387)
(1004295,1004391)
(1004295,1004396)
(1004298,1004301)
(1004298,1004305)
(1004298,1004307)
(1004298,1004310)
(1004298,1004316)
(1004298,1004318)
(1004298,1004326)
(1004298,1004327)
(1004298,1004334)
(1004298,1004338)
(1004298,1004343)
(1004298,1004346)
(1004298,1004349)
(1004298,1004354)
(1004298,1004358)
(1004298,1004365)
(1004298,1004369)
(1004298,1004374)
(1004298,1004379)
(1004298,1004387)
(1004298,1004391)
(1004298,1004396)
(1004301,1004305)
(1004301,1004307)
(1004301,1004310)
(1004301,1004316)
(1004301,1004318)
(1004301,1004326)
(1004301,1004327)
(1004301,1004334)
(1004301,1004338)
(1004301,1004343)
(1004301,1004346)
(1004301,1004349)
(1004301,1004354)
(1004301,1004358)
(1004301,1004365)
(1004301,1004369)
(1004301,1004374)
(1004301,1004379)
(1004301,1004387)
(1004301,1004391)
(1004301,1004396)
(1004305,1004307)
(1004305,1004310)
(1004305,1004316)
(1004305,1004318)
(1004305,1004326)
(1004305,1004327)
(1004305,1004334)
(1004305,1004338)
(1004305,1004343)
(1004305,1004346)
(1004305,1004349)
(1004305,1004354)
(1004305,1004358)
(1004305,1004365)
(1004305,1004369)
(1004305,1004374)
(1004305,1004379)
(1004305,1004387)
(1004305,1004391)
(1004305,1004396)
(1004307,1004310)
(1004307,1004316)
(1004307,1004318)
(1004307,1004326)
(1004307,1004327)
(1004307,1004334)
(1004307,1004338)
(1004307,1004343)
(1004307,1004346)
(1004307,1004349)
(1004307,1004354)
(1004307,1004358)
(1004307,1004365)
(1004307,1004369)
(1004307,1004374)
(1004307,1004379)
(1004307,1004387)
(1004307,1004391)
(1004307,1004396)
(1004310,1004316)
(1004310,1004318)
(1004310,1004326)
(1004310,1004327)
(1004310,1004334)
(1004310,1004338)
(1004310,1004343)
(1004310,1004346)
(1004310,1004349)
(1004310,1004354)
(1004310,1004358)
(1004310,1004365)
(1004310,1004369)
(1004310,1004374)
(1004310,1004379)
(1004310,1004387)
(1004310,1004391)
(1004310,1004396)
(1004316,1004318)
(1004316,1004326)
(1004316,1004327)
(1004316,1004334)
(1004316,1004338)
(1004316,1004343)
(1004316,1004346)
(1004316,1004349)
(1004316,1004354)
(1004316,1004358)
(1004316,1004365)
(1004316,1004369)
(1004316,1004374)
(1004316,1004379)
(1004316,1004387)
(1004316,1004391)
(1004316,1004396)
(1004318,1004326)
(1004318,1004327)
(1004318,1004334)
(1004318,1004338)
(1004318,1004343)
(1004318,1004346)
(1004318,1004349)
(1004318,1004354)
(1004318,1004358)
(1004318,1004365)
(1004318,1004369)
(1004318,1004374)
(1004318,1004379)
(1004318,1004387)
(1004318,1004391)
(1004318,1004396)
(1004326,1004327)
(1004326,1004334)
(1004326,1004338)
(1004326,1004343)
(1004326,1004346)
(1004326,1004349)
(1004326,1004354)
(1004326,1004358)
(1004326,1004365)
(1004326,1004369)
(1004326,1004374)
(1004326,1004379)
(1004326,1004387)
(1004326,1004391)
(1004326,1004396)
(1004327,1004334)
(1004327,1004338)
(1004327,1004343)
(1004327,1004346)
(1004327,1004349)
(1004327,1004354)
(1004327,1004358)
(1004327,1004365)
(1004327,1004369)
(1004327,1004374)
(1004327,1004379)
(1004327,1004387)
(1004327,1004391)
(1004327,1004396)
(1004334,1004338)
(1004334,1004343)
(1004334,1004346)
(1004334,1004349)
(1004334,1004354)
(1004334,1004358)
(1004334,1004365)
(1004334,1004369)
(1004334,1004374)
(1004334,1004379)
(1004334,1004387)
(1004334,1004391)
(1004334,1004396)
(1004338,1004343)
(1004338,1004346)
(1004338,1004349)
(1004338,1004354)
(1004338,1004358)
(1004338,1004365)
(1004338,1004369)
(1004338,1004374)
(1004338,1004379)
(1004338,1004387)
(1004338,1004391)
(1004338,1004396)
(1004343,1004346)
(1004343,1004349)
(1004343,1004354)
(1004343,1004358)
(1004343,1004365)
(1004343,1004369)
(1004343,1004374)
(1004343,1004379)
(1004343,1004387)
(1004343,1004391)
(1004343,1004396)
(1004346,1004349)
(1004346,1004354)
(1004346,1004358)
(1004346,1004365)
(1004346,1004369)
(1004346,1004374)
(1004346,1004379)
(1004346,1004387)
(1004346,1004391)
(1004346,1004396)
(1004349,1004354)
(1004349,1004358)
(1004349,1004365)
(1004349,1004369)
(1004349,1004374)
(1004349,1004379)
(1004349,1004387)
(1004349,1004391)
(1004349,1004396)
(1004354,1004358)
(1004354,1004365)
(1004354,1004369)
(1004354,1004374)
(1004354,1004379)
(1004354,1004387)
(1004354,1004391)
(1004354,1004396)
(1004358,1004365)
(1004358,1004369)
(1004358,1004374)
(1004358,1004379)
(1004358,1004387)
(1004358,1004391)
(1004358,1004396)
(1004365,1004369)
(1004365,1004374)
(1004365,1004379)
(1004365,1004387)
(1004365,1004391)
(1004365,1004396)
(1004369,1004374)
(1004369,1004379)
(1004369,1004387)
(1004369,1004391)
(1004369,1004396)
(1004374,1004379)
(1004374,1004387)
(1004374,1004391)
(1004374,1004396)
(1004379,1004387)
(1004379,1004391)
(1004379,1004396)
(1004387,1004391)
(1004387,1004396)
(1004391,1004396)
(1004546,1004549)
(1004546,1004553)
(1004546,1004557)
(1004546,1004563)
(1004546,1004566)
(1004546,1004571)
(1004546,1004578)
(1004546,1004581)
(1004546,1004588)
(1004546,1004592)
(1004546,1004593)
(1004546,1004598)
(1004546,1004600)
(1004546,1004604)
(1004546,1004608)
(1004546,1004620)
(1004546,1004627)
(1004546,1004632)
(1004546,1004634)
(1004546,1004644)
(1004546,1004647)
(1004546,1004652)
(1004546,1004654)
(1004546,1004658)
(1004546,1004662)
(1004546,1004666)
(1004546,1004670)
(1004546,1004678)
(1004546,1004682)
(1004546,1004686)
(1004546,1004688)
(1004546,1004694)
(1004546,1004700)
(1004546,1004703)
(1004546,1004712)
(1004546,1004718)
(1004546,1004726)
(1004546,1004729)
(1004546,1004733)
(1004549,1004553)
(1004549,1004557)
(1004549,1004563)
(1004549,1004566)
(1004549,1004571)
(1004549,1004578)
(1004549,1004581)
(1004549,1004588)
(1004549,1004592)
(1004549,1004593)
(1004549,1004598)
(1004549,1004600)
(1004549,1004604)
(1004549,1004608)
(1004549,1004620)
(1004549,1004627)
(1004549,1004632)
(1004549,1004634)
(1004549,1004644)
(1004549,1004647)
(1004549,1004652)
(1004549,1004654)
(1004549,1004658)
(1004549,1004662)
(1004549,1004666)
(1004549,1004670)
(1004549,1004678)
(1004549,1004682)
(1004549,1004686)
(1004549,1004688)
(1004549,1004694)
(1004549,1004700)
(1004549,1004703)
(1004549,1004712)
(1004549,1004718)
(1004549,1004726)
(1004549,1004729)
(1004549,1004733)
(1004553,1004557)
(1004553,1004563)
(1004553,1004566)
(1004553,1004571)
(1004553,1004578)
(1004553,1004581)
(1004553,1004588)
(1004553,1004592)
(1004553,1004593)
(1004553,1004598)
(1004553,1004600)
(1004553,1004604)
(1004553,1004608)
(1004553,1004620)
(1004553,1004627)
(1004553,1004632)
(1004553,1004634)
(1004553,1004644)
(1004553,1004647)
(1004553,1004652)
(1004553,1004654)
(1004553,1004658)
(1004553,1004662)
(1004553,1004666)
(1004553,1004670)
(1004553,1004678)
(1004553,1004682)
(1004553,1004686)
(1004553,1004688)
(1004553,1004694)
(1004553,1004700)
(1004553,1004703)
(1004553,1004712)
(1004553,1004718)
(1004553,1004726)
(1004553,1004729)
(1004553,1004733)
(1004557,1004563)
(1004557,1004566)
(1004557,1004571)
(1004557,1004578)
(1004557,1004581)
(1004557,1004588)
(1004557,1004592)
(1004557,1004593)
(1004557,1004598)
(1004557,1004600)
(1004557,1004604)
(1004557,1004608)
(1004557,1004620)
(1004557,1004627)
(1004557,1004632)
(1004557,1004634)
(1004557,1004644)
(1004557,1004647)
(1004557,1004652)
(1004557,1004654)
(1004557,1004658)
(1004557,1004662)
(1004557,1004666)
(1004557,1004670)
(1004557,1004678)
(1004557,1004682)
(1004557,1004686)
(1004557,1004688)
(1004557,1004694)
(1004557,1004700)
(1004557,1004703)
(1004557,1004712)
(1004557,1004718)
(1004557,1004726)
(1004557,1004729)
(1004557,1004733)
(1004563,1004566)
(1004563,1004571)
(1004563,1004578)
(1004563,1004581)
(1004563,1004588)
(1004563,1004592)
(1004563,1004593)
(1004563,1004598)
(1004563,1004600)
(1004563,1004604)
(1004563,1004608)
(1004563,1004620)
(1004563,1004627)
(1004563,1004632)
(1004563,1004634)
(1004563,1004644)
(1004563,1004647)
(1004563,1004652)
(1004563,1004654)
(1004563,1004658)
(1004563,1004662)
(1004563,1004666)
(1004563,1004670)
(1004563,1004678)
(1004563,1004682)
(1004563,1004686)
(1004563,1004688)
(1004563,1004694)
(1004563,1004700)
(1004563,1004703)
(1004563,1004712)
(1004563,1004718)
(1004563,1004726)
(1004563,1004729)
(1004563,1004733)
(1004566,1004571)
(1004566,1004578)
(1004566,1004581)
(1004566,1004588)
(1004566,1004592)
(1004566,1004593)
(1004566,1004598)
(1004566,1004600)
(1004566,1004604)
(1004566,1004608)
(1004566,1004620)
(1004566,1004627)
(1004566,1004632)
(1004566,1004634)
(1004566,1004644)
(1004566,1004647)
(1004566,1004652)
(1004566,1004654)
(1004566,1004658)
(1004566,1004662)
(1004566,1004666)
(1004566,1004670)
(1004566,1004678)
(1004566,1004682)
(1004566,1004686)
(1004566,1004688)
(1004566,1004694)
(1004566,1004700)
(1004566,1004703)
(1004566,1004712)
(1004566,1004718)
(1004566,1004726)
(1004566,1004729)
(1004566,1004733)
(1004571,1004578)
(1004571,1004581)
(1004571,1004588)
(1004571,1004592)
(1004571,1004593)
(1004571,1004598)
(1004571,1004600)
(1004571,1004604)
(1004571,1004608)
(1004571,1004620)
(1004571,1004627)
(1004571,1004632)
(1004571,1004634)
(1004571,1004644)
(1004571,1004647)
(1004571,1004652)
(1004571,1004654)
(1004571,1004658)
(1004571,1004662)
(1004571,1004666)
(1004571,1004670)
(1004571,1004678)
(1004571,1004682)
(1004571,1004686)
(1004571,1004688)
(1004571,1004694)
(1004571,1004700)
(1004571,1004703)
(1004571,1004712)
(1004571,1004718)
(1004571,1004726)
(1004571,1004729)
(1004571,1004733)
(1004578,1004581)
(1004578,1004588)
(1004578,1004592)
(1004578,1004593)
(1004578,1004598)
(1004578,1004600)
(1004578,1004604)
(1004578,1004608)
(1004578,1004620)
(1004578,1004627)
(1004578,1004632)
(1004578,1004634)
(1004578,1004644)
(1004578,1004647)
(1004578,1004652)
(1004578,1004654)
(1004578,1004658)
(1004578,1004662)
(1004578,1004666)
(1004578,1004670)
(1004578,1004678)
(1004578,1004682)
(1004578,1004686)
(1004578,1004688)
(1004578,1004694)
(1004578,1004700)
(1004578,1004703)
(1004578,1004712)
(1004578,1004718)
(1004578,1004726)
(1004578,1004729)
(1004578,1004733)
(1004581,1004588)
(1004581,1004592)
(1004581,1004593)
(1004581,1004598)
(1004581,1004600)
(1004581,1004604)
(1004581,1004608)
(1004581,1004620)
(1004581,1004627)
(1004581,1004632)
(1004581,1004634)
(1004581,1004644)
(1004581,1004647)
(1004581,1004652)
(1004581,1004654)
(1004581,1004658)
(1004581,1004662)
(1004581,1004666)
(1004581,1004670)
(1004581,1004678)
(1004581,1004682)
(1004581,1004686)
(1004581,1004688)
(1004581,1004694)
(1004581,1004700)
(1004581,1004703)
(1004581,1004712)
(1004581,1004718)
(1004581,1004726)
(1004581,1004729)
(1004581,1004733)
(1004588,1004592)
(1004588,1004593)
(1004588,1004598)
(1004588,1004600)
(1004588,1004604)
(1004588,1004608)
(1004588,1004620)
(1004588,1004627)
(1004588,1004632)
(1004588,1004634)
(1004588,1004644)
(1004588,1004647)
(1004588,1004652)
(1004588,1004654)
(1004588,1004658)
(1004588,1004662)
(1004588,1004666)
(1004588,1004670)
(1004588,1004678)
(1004588,1004682)
(1004588,1004686)
(1004588,1004688)
(1004588,1004694)
(1004588,1004700)
(1004588,1004703)
(1004588,1004712)
(1004588,1004718)
(1004588,1004726)
(1004588,1004729)
(1004588,1004733)
(1004592,1004593)
(1004592,1004598)
(1004592,1004600)
(1004592,1004604)
(1004592,1004608)
(1004592,1004620)
(1004592,1004627)
(1004592,1004632)
(1004592,1004634)
(1004592,1004644)
(1004592,1004647)
(1004592,1004652)
(1004592,1004654)
(1004592,1004658)
(1004592,1004662)
(1004592,1004666)
(1004592,1004670)
(1004592,1004678)
(1004592,1004682)
(1004592,1004686)
(1004592,1004688)
(1004592,1004694)
(1004592,1004700)
(1004592,1004703)
(1004592,1004712)
(1004592,1004718)
(1004592,1004726)
(1004592,1004729)
(1004592,1004733)
(1004593,1004598)
(1004593,1004600)
(1004593,1004604)
(1004593,1004608)
(1004593,1004620)
(1004593,1004627)
(1004593,1004632)
(1004593,1004634)
(1004593,1004644)
(1004593,1004647)
(1004593,1004652)
(1004593,1004654)
(1004593,1004658)
(1004593,1004662)
(1004593,1004666)
(1004593,1004670)
(1004593,1004678)
(1004593,1004682)
(1004593,1004686)
(1004593,1004688)
(1004593,1004694)
(1004593,1004700)
(1004593,1004703)
(1004593,1004712)
(1004593,1004718)
(1004593,1004726)
(1004593,1004729)
(1004593,1004733)
(1004598,1004600)
(1004598,1004604)
(1004598,1004608)
(1004598,1004620)
(1004598,1004627)
(1004598,1004632)
(1004598,1004634)
(1004598,1004644)
(1004598,1004647)
(1004598,1004652)
(1004598,1004654)
(1004598,1004658)
(1004598,1004662)
(1004598,1004666)
(1004598,1004670)
(1004598,1004678)
(1004598,1004682)
(1004598,1004686)
(1004598,1004688)
(1004598,1004694)
(1004598,1004700)
(1004598,1004703)
(1004598,1004712)
(1004598,1004718)
(1004598,1004726)
(1004598,1004729)
(1004598,1004733)
(1004600,1004604)
(1004600,1004608)
(1004600,1004620)
(1004600,1004627)
(1004600,1004632)
(1004600,1004634)
(1004600,1004644)
(1004600,1004647)
(1004600,1004652)
(1004600,1004654)
(1004600,1004658)
(1004600,1004662)
(1004600,1004666)
(1004600,1004670)
(1004600,1004678)
(1004600,1004682)
(1004600,1004686)
(1004600,1004688)
(1004600,1004694)
(1004600,1004700)
(1004600,1004703)
(1004600,1004712)
(1004600,1004718)
(1004600,1004726)
(1004600,1004729)
(1004600,1004733)
(1004604,1004608)
(1004604,1004620)
(1004604,1004627)
(1004604,1004632)
(1004604,1004634)
(1004604,1004644)
(1004604,1004647)
(1004604,1004652)
(1004604,1004654)
(1004604,1004658)
(1004604,1004662)
(1004604,1004666)
(1004604,1004670)
(1004604,1004678)
(1004604,1004682)
(1004604,1004686)
(1004604,1004688)
(1004604,1004694)
(1004604,1004700)
(1004604,1004703)
(1004604,1004712)
(1004604,1004718)
(1004604,1004726)
(1004604,1004729)
(1004604,1004733)
(1004608,1004620)
(1004608,1004627)
(1004608,1004632)
(1004608,1004634)
(1004608,1004644)
(1004608,1004647)
(1004608,1004652)
(1004608,1004654)
(1004608,1004658)
(1004608,1004662)
(1004608,1004666)
(1004608,1004670)
(1004608,1004678)
(1004608,1004682)
(1004608,1004686)
(1004608,1004688)
(1004608,1004694)
(1004608,1004700)
(1004608,1004703)
(1004608,1004712)
(1004608,1004718)
(1004608,1004726)
(1004608,1004729)
(1004608,1004733)
(1004620,1004627)
(1004620,1004632)
(1004620,1004634)
(1004620,1004644)
(1004620,1004647)
(1004620,1004652)
(1004620,1004654)
(1004620,1004658)
(1004620,1004662)
(1004620,1004666)
(1004620,1004670)
(1004620,1004678)
(1004620,1004682)
(1004620,1004686)
(1004620,1004688)
(1004620,1004694)
(1004620,1004700)
(1004620,1004703)
(1004620,1004712)
(1004620,1004718)
(1004620,1004726)
(1004620,1004729)
(1004620,1004733)
(1004627,1004632)
(1004627,1004634)
(1004627,1004644)
(1004627,1004647)
(1004627,1004652)
(1004627,1004654)
(1004627,1004658)
(1004627,1004662)
(1004627,1004666)
(1004627,1004670)
(1004627,1004678)
(1004627,1004682)
(1004627,1004686)
(1004627,1004688)
(1004627,1004694)
(1004627,1004700)
(1004627,1004703)
(1004627,1004712)
(1004627,1004718)
(1004627,1004726)
(1004627,1004729)
(1004627,1004733)
(1004632,1004634)
(1004632,1004644)
(1004632,1004647)
(1004632,1004652)
(1004632,1004654)
(1004632,1004658)
(1004632,1004662)
(1004632,1004666)
(1004632,1004670)
(1004632,1004678)
(1004632,1004682)
(1004632,1004686)
(1004632,1004688)
(1004632,1004694)
(1004632,1004700)
(1004632,1004703)
(1004632,1004712)
(1004632,1004718)
(1004632,1004726)
(1004632,1004729)
(1004632,1004733)
(1004634,1004644)
(1004634,1004647)
(1004634,1004652)
(1004634,1004654)
(1004634,1004658)
(1004634,1004662)
(1004634,1004666)
(1004634,1004670)
(1004634,1004678)
(1004634,1004682)
(1004634,1004686)
(1004634,1004688)
(1004634,1004694)
(1004634,1004700)
(1004634,1004703)
(1004634,1004712)
(1004634,1004718)
(1004634,1004726)
(1004634,1004729)
(1004634,1004733)
(1004644,1004647)
(1004644,1004652)
(1004644,1004654)
(1004644,1004658)
(1004644,1004662)
(1004644,1004666)
(1004644,1004670)
(1004644,1004678)
(1004644,1004682)
(1004644,1004686)
(1004644,1004688)
(1004644,1004694)
(1004644,1004700)
(1004644,1004703)
(1004644,1004712)
(1004644,1004718)
(1004644,1004726)
(1004644,1004729)
(1004644,1004733)
(1004647,1004652)
(1004647,1004654)
(1004647,1004658)
(1004647,1004662)
(1004647,1004666)
(1004647,1004670)
(1004647,1004678)
(1004647,1004682)
(1004647,1004686)
(1004647,1004688)
(1004647,1004694)
(1004647,1004700)
(1004647,1004703)
(1004647,1004712)
(1004647,1004718)
(1004647,1004726)
(1004647,1004729)
(1004647,1004733)
(1004652,1004654)
(1004652,1004658)
(1004652,1004662)
(1004652,1004666)
(1004652,1004670)
(1004652,1004678)
(1004652,1004682)
(1004652,1004686)
(1004652,1004688)
(1004652,1004694)
(1004652,1004700)
(1004652,1004703)
(1004652,1004712)
(1004652,1004718)
(1004652,1004726)
(1004652,1004729)
(1004652,1004733)
(1004654,1004658)
(1004654,1004662)
(1004654,1004666)
(1004654,1004670)
(1004654,1004678)
(1004654,1004682)
(1004654,1004686)
(1004654,1004688)
(1004654,1004694)
(1004654,1004700)
(1004654,1004703)
(1004654,1004712)
(1004654,1004718)
(1004654,1004726)
(1004654,1004729)
(1004654,1004733)
(1004658,1004662)
(1004658,1004666)
(1004658,1004670)
(1004658,1004678)
(1004658,1004682)
(1004658,1004686)
(1004658,1004688)
(1004658,1004694)
(1004658,1004700)
(1004658,1004703)
(1004658,1004712)
(1004658,1004718)
(1004658,1004726)
(1004658,1004729)
(1004658,1004733)
(1004662,1004666)
(1004662,1004670)
(1004662,1004678)
(1004662,1004682)
(1004662,1004686)
(1004662,1004688)
(1004662,1004694)
(1004662,1004700)
(1004662,1004703)
(1004662,1004712)
(1004662,1004718)
(1004662,1004726)
(1004662,1004729)
(1004662,1004733)
(1004666,1004670)
(1004666,1004678)
(1004666,1004682)
(1004666,1004686)
(1004666,1004688)
(1004666,1004694)
(1004666,1004700)
(1004666,1004703)
(1004666,1004712)
(1004666,1004718)
(1004666,1004726)
(1004666,1004729)
(1004666,1004733)
(1004670,1004678)
(1004670,1004682)
(1004670,1004686)
(1004670,1004688)
(1004670,1004694)
(1004670,1004700)
(1004670,1004703)
(1004670,1004712)
(1004670,1004718)
(1004670,1004726)
(1004670,1004729)
(1004670,1004733)
(1004678,1004682)
(1004678,1004686)
(1004678,1004688)
(1004678,1004694)
(1004678,1004700)
(1004678,1004703)
(1004678,1004712)
(1004678,1004718)
(1004678,1004726)
(1004678,1004729)
(1004678,1004733)
(1004682,1004686)
(1004682,1004688)
(1004682,1004694)
(1004682,1004700)
(1004682,1004703)
(1004682,1004712)
(1004682,1004718)
(1004682,1004726)
(1004682,1004729)
(1004682,1004733)
(1004686,1004688)
(1004686,1004694)
(1004686,1004700)
(1004686,1004703)
(1004686,1004712)
(1004686,1004718)
(1004686,1004726)
(1004686,1004729)
(1004686,1004733)
(1004688,1004694)
(1004688,1004700)
(1004688,1004703)
(1004688,1004712)
(1004688,1004718)
(1004688,1004726)
(1004688,1004729)
(1004688,1004733)
(1004694,1004700)
(1004694,1004703)
(1004694,1004712)
(1004694,1004718)
(1004694,1004726)
(1004694,1004729)
(1004694,1004733)
(1004700,1004703)
(1004700,1004712)
(1004700,1004718)
(1004700,1004726)
(1004700,1004729)
(1004700,1004733)
(1004703,1004712)
(1004703,1004718)
(1004703,1004726)
(1004703,1004729)
(1004703,1004733)
(1004712,1004718)
(1004712,1004726)
(1004712,1004729)
(1004712,1004733)
(1004718,1004726)
(1004718,1004729)
(1004718,1004733)
(1004726,1004729)
(1004726,1004733)
(1004729,1004733)
(1004738,1004742)
(1004745,1004750)
(1004765,1004769)
(1004765,1004771)
(1004769,1004771)
(1004785,1004793)
(1004804,1004807)
(1004804,1004809)
(1004804,1004814)
(1004807,1004809)
(1004807,1004814)
(1004809,1004814)
(1004822,1004833)
(1004822,1004840)
(1004822,1004849)
(1004833,1004840)
(1004833,1004849)
(1004840,1004849)
(1004859,1004863)
(1004868,1004870)
(1004868,1004873)
(1004868,1004875)
(1004868,1004877)
(1004868,1004880)
(1004868,1004882)
(1004868,1004884)
(1004868,1004885)
(1004868,1004888)
(1004868,1004890)
(1004868,1004892)
(1004868,1004896)
(1004870,1004873)
(1004870,1004875)
(1004870,1004877)
(1004870,1004880)
(1004870,1004882)
(1004870,1004884)
(1004870,1004885)
(1004870,1004888)
(1004870,1004890)
(1004870,1004892)
(1004870,1004896)
(1004873,1004875)
(1004873,1004877)
(1004873,1004880)
(1004873,1004882)
(1004873,1004884)
(1004873,1004885)
(1004873,1004888)
(1004873,1004890)
(1004873,1004892)
(1004873,1004896)
(1004875,1004877)
(1004875,1004880)
(1004875,1004882)
(1004875,1004884)
(1004875,1004885)
(1004875,1004888)
(1004875,1004890)
(1004875,1004892)
(1004875,1004896)
(1004877,1004880)
(1004877,1004882)
(1004877,1004884)
(1004877,1004885)
(1004877,1004888)
(1004877,1004890)
(1004877,1004892)
(1004877,1004896)
(1004880,1004882)
(1004880,1004884)
(1004880,1004885)
(1004880,1004888)
(1004880,1004890)
(1004880,1004892)
(1004880,1004896)
(1004882,1004884)
(1004882,1004885)
(1004882,1004888)
(1004882,1004890)
(1004882,1004892)
(1004882,1004896)
(1004884,1004885)
(1004884,1004888)
(1004884,1004890)
(1004884,1004892)
(1004884,1004896)
(1004885,1004888)
(1004885,1004890)
(1004885,1004892)
(1004885,1004896)
(1004888,1004890)
(1004888,1004892)
(1004888,1004896)
(1004890,1004892)
(1004890,1004896)
(1004892,1004896)
(1004898,1004905)
(1005330,1005335)
(1005330,1005341)
(1005330,1005344)
(1005330,1005352)
(1005330,1005361)
(1005330,1005370)
(1005330,1005379)
(1005330,1005381)
(1005335,1005341)
(1005335,1005344)
(1005335,1005352)
(1005335,1005361)
(1005335,1005370)
(1005335,1005379)
(1005335,1005381)
(1005341,1005344)
(1005341,1005352)
(1005341,1005361)
(1005341,1005370)
(1005341,1005379)
(1005341,1005381)
(1005344,1005352)
(1005344,1005361)
(1005344,1005370)
(1005344,1005379)
(1005344,1005381)
(1005352,1005361)
(1005352,1005370)
(1005352,1005379)
(1005352,1005381)
(1005361,1005370)
(1005361,1005379)
(1005361,1005381)
(1005370,1005379)
(1005370,1005381)
(1005379,1005381)
(1005408,1005410)
(1005415,1005419)
(1005420,1005426)
(1005420,1005428)
(1005420,1005434)
(1005426,1005428)
(1005426,1005434)
(1005428,1005434)
(1005437,1005439)
(1005437,1005443)
(1005437,1005446)
(1005437,1005450)
(1005437,1005454)
(1005437,1005459)
(1005439,1005443)
(1005439,1005446)
(1005439,1005450)
(1005439,1005454)
(1005439,1005459)
(1005443,1005446)
(1005443,1005450)
(1005443,1005454)
(1005443,1005459)
(1005446,1005450)
(1005446,1005454)
(1005446,1005459)
(1005450,1005454)
(1005450,1005459)
(1005454,1005459)
(1005475,1005483)
(1005475,1005491)
(1005475,1005499)
(1005475,1005506)
(1005483,1005491)
(1005483,1005499)
(1005483,1005506)
(1005491,1005499)
(1005491,1005506)
(1005499,1005506)
(1005527,1005528)
(1005527,1005530)
(1005527,1005532)
(1005527,1005535)
(1005527,1005538)
(1005527,1005541)
(1005527,1005544)
(1005528,1005530)
(1005528,1005532)
(1005528,1005535)
(1005528,1005538)
(1005528,1005541)
(1005528,1005544)
(1005530,1005532)
(1005530,1005535)
(1005530,1005538)
(1005530,1005541)
(1005530,1005544)
(1005532,1005535)
(1005532,1005538)
(1005532,1005541)
(1005532,1005544)
(1005535,1005538)
(1005535,1005541)
(1005535,1005544)
(1005538,1005541)
(1005538,1005544)
(1005541,1005544)
(1005551,1005553)
(1005558,1005560)
(1005558,1005563)
(1005560,1005563)
(1005567,1005572)
(1005567,1005574)
(1005572,1005574)
(1005579,1005583)
(1005592,1005599)
(1005602,1005607)
(1005602,1005613)
(1005602,1005619)
(1005602,1005622)
(1005602,1005630)
(1005602,1005632)
(1005607,1005613)
(1005607,1005619)
(1005607,1005622)
(1005607,1005630)
(1005607,1005632)
(1005613,1005619)
(1005613,1005622)
(1005613,1005630)
(1005613,1005632)
(1005619,1005622)
(1005619,1005630)
(1005619,1005632)
(1005622,1005630)
(1005622,1005632)
(1005630,1005632)
(1005637,1005639)
(1005637,1005640)
(1005637,1005642)
(1005637,1005645)
(1005637,1005647)
(1005639,1005640)
(1005639,1005642)
(1005639,1005645)
(1005639,1005647)
(1005640,1005642)
(1005640,1005645)
(1005640,1005647)
(1005642,1005645)
(1005642,1005647)
(1005645,1005647)
(1005678,1005680)
(1005678,1005685)
(1005678,1005687)
(1005678,1005691)
(1005680,1005685)
(1005680,1005687)
(1005680,1005691)
(1005685,1005687)
(1005685,1005691)
(1005687,1005691)
(1005709,1005725)
(1005735,1005738)
(1005735,1005743)
(1005735,1005755)
(1005735,1005761)
(1005735,1005770)
(1005735,1005774)
(1005735,1005785)
(1005738,1005743)
(1005738,1005755)
(1005738,1005761)
(1005738,1005770)
(1005738,1005774)
(1005738,1005785)
(1005743,1005755)
(1005743,1005761)
(1005743,1005770)
(1005743,1005774)
(1005743,1005785)
(1005755,1005761)
(1005755,1005770)
(1005755,1005774)
(1005755,1005785)
(1005761,1005770)
(1005761,1005774)
(1005761,1005785)
(1005770,1005774)
(1005770,1005785)
(1005774,1005785)
(1005802,1005807)
(1005802,1005818)
(1005802,1005821)
(1005802,1005830)
(1005802,1005834)
(1005802,1005840)
(1005807,1005818)
(1005807,1005821)
(1005807,1005830)
(1005807,1005834)
(1005807,1005840)
(1005818,1005821)
(1005818,1005830)
(1005818,1005834)
(1005818,1005840)
(1005821,1005830)
(1005821,1005834)
(1005821,1005840)
(1005830,1005834)
(1005830,1005840)
(1005834,1005840)
(1005853,1005855)
(1005853,1005861)
(1005855,1005861)
(1005882,1005895)
(1005882,1005910)
(1005882,1005922)
(1005895,1005910)
(1005895,1005922)
(1005910,1005922)
(1005945,1005955)
(1005945,1005965)
(1005945,1005977)
(1005955,1005965)
(1005955,1005977)
(1005965,1005977)
(1005992,1005999)
(1006022,1006027)
(1006034,1006041)
(1006047,1006050)
